           year        tco2         alk     d13Cocn        pCO2     d13Catm     CO3   WeatC   WeatS    TotW    BurC   Degas    Tatm        Tocn
     -950.00000        2.48073        2.18057        0.00000      272.64361       -7.00000      233.55714        8.38929        7.50000       15.88929       15.88929        7.50000       14.88477        4.88477
     -900.00000        2.48073        2.18057        0.00000      272.64361       -7.00000      233.55714        8.38929        7.50000       15.88929       15.88929        7.50000       14.88477        4.88477
     -850.00000        2.48073        2.18057        0.00000      272.64361       -7.00000      233.55714        8.38929        7.50000       15.88929       15.88929        7.50000       14.88477        4.88477
     -800.00000        2.48073        2.18057        0.00000      272.64361       -7.00000      233.55714        8.38929        7.50000       15.88929       15.88929        7.50000       14.88477        4.88477
     -750.00000        2.48073        2.18057        0.00000      272.64361       -7.00000      233.55714        8.38929        7.50000       15.88929       15.88929        7.50000       14.88477        4.88477
     -700.00000        2.48073        2.18057        0.00000      272.64361       -7.00000      233.55714        8.38929        7.50000       15.88929       15.88929        7.50000       14.88477        4.88477
     -650.00000        2.48073        2.18057        0.00000      272.64361       -7.00000      233.55714        8.38929        7.50000       15.88929       15.88929        7.50000       14.88477        4.88477
     -600.00000        2.48073        2.18057        0.00000      272.64361       -7.00000      233.55714        8.38929        7.50000       15.88929       15.88929        7.50000       14.88477        4.88477
     -550.00000        2.48073        2.18057        0.00000      272.64361       -7.00000      233.55714        8.38929        7.50000       15.88929       15.88929        7.50000       14.88477        4.88477
     -500.00000        2.48073        2.18057        0.00000      272.64361       -7.00000      233.55714        8.38929        7.50000       15.88929       15.88929        7.50000       14.88477        4.88477
     -450.00000        2.48073        2.18057        0.00000      272.64361       -7.00000      233.55714        8.38929        7.50000       15.88929       15.88929        7.50000       14.88477        4.88477
     -400.00000        2.48073        2.18057        0.00000      272.64361       -7.00000      233.55714        8.38929        7.50000       15.88929       15.88929        7.50000       14.88477        4.88477
     -350.00000        2.48073        2.18057        0.00000      272.64361       -7.00000      233.55714        8.38929        7.50000       15.88929       15.88929        7.50000       14.88477        4.88477
     -300.00000        2.48073        2.18057        0.00000      272.64361       -7.00000      233.55714        8.38929        7.50000       15.88929       15.88929        7.50000       14.88477        4.88477
     -250.00000        2.48073        2.18057        0.00000      272.64361       -7.00000      233.55714        8.38929        7.50000       15.88929       15.88929        7.50000       14.88477        4.88477
     -200.00000        2.48073        2.18057        0.00000      272.64361       -7.00000      233.55714        8.38929        7.50000       15.88929       15.88929        7.50000       14.88477        4.88477
     -150.00000        2.48073        2.18057        0.00000      272.64361       -7.00000      233.55714        8.38929        7.50000       15.88929       15.88929        7.50000       14.88477        4.88477
     -100.00000        2.48073        2.18057        0.00000      272.64361       -7.00000      233.55714        8.38929        7.50000       15.88929       15.88929        7.50000       14.88477        4.88477
      -50.00000        2.48073        2.18057        0.00000      272.64361       -7.00000      233.55714        8.38929        7.50000       15.88929       15.88929        7.50000       14.88477        4.88477
        0.00000        2.48172        2.21339       -0.30099     1537.87701      -17.57586      244.00316       16.04707       14.34604       30.39311       18.50079        7.50000       22.98721        5.28989
       50.00000        2.48308        2.23975       -0.54165     1351.12973      -17.05673      220.44438       15.29224       13.67122       28.96347       12.61110        7.50000       22.37232        5.64401
      100.00000        2.48473        2.26083       -0.73438     1203.56913      -16.45327      202.04829       14.63344       13.08226       27.71570        8.01207        7.50000       21.81200        5.95241
      150.00000        2.48657        2.27765       -0.88893     1087.63038      -15.78506      187.83885       14.06743       12.57625       26.64368        4.45971        7.50000       21.31146        6.22036
      200.00000        2.48857        2.29105       -1.01304      996.92268      -15.07821      176.97393       13.58854       12.14812       25.73667        1.74348        7.50000       20.87307        6.45300
      250.00000        2.49068        2.30176       -1.11284      926.13694      -14.36107      168.74793       13.18901       11.79094       24.97994       -0.31302        7.50000       20.49616        6.65516
      300.00000        2.49287        2.31035       -1.19322      870.94278      -13.65995      162.57780       12.85965       11.49650       24.35615       -1.85555        7.50000       20.17740        6.83127
      350.00000        2.49510        2.31730       -1.25809      827.86229      -12.99600      158.00053       12.59075       11.25609       23.84684       -2.99987        7.50000       19.91145        6.98528
      400.00000        2.49738        2.32297       -1.31053      794.14180      -12.38394      154.64874       12.37268       11.06115       23.43383       -3.83781        7.50000       19.69189        7.12061
      450.00000        2.49967        2.32766       -1.35303      767.62524      -11.83208      152.23589       12.19655       10.90368       23.10023       -4.44103        7.50000       19.51191        7.24017
      500.00000        2.50198        2.33159       -1.38754      746.63873      -11.34335      150.54046       12.05443       10.77663       22.83107       -4.86489        7.50000       19.36493        7.34641
      550.00000        2.50429        2.33494       -1.41563      729.89084      -10.91673      149.39223       11.93957       10.67395       22.61352       -5.15194        7.50000       19.24495        7.44134
      600.00000        2.50661        2.33784       -1.43855      716.38957      -10.54855      148.66093       11.84633       10.59058       22.43691       -5.33477        7.50000       19.14676        7.52661
      650.00000        2.50892        2.34040       -1.45730      705.37526      -10.23362      148.24706       11.77009       10.52243       22.29252       -5.43823        7.50000       19.06595        7.60358
      700.00000        2.51122        2.34270       -1.47268      696.26726       -9.96614      148.07478       11.70717       10.46618       22.17335       -5.48131        7.50000       18.99889        7.67334
      750.00000        2.51352        2.34478       -1.48532      688.62230       -9.74018      148.08629       11.65463       10.41921       22.07385       -5.47843        7.50000       18.94264        7.73681
      800.00000        2.51580        2.34671       -1.49576      682.10217       -9.55012      148.23754       11.61017       10.37947       21.98964       -5.44061        7.50000       18.89486        7.79471
      850.00000        2.51808        2.34852       -1.50439      676.44884       -9.39077      148.49499       11.57199       10.34533       21.91732       -5.37625        7.50000       18.85368        7.84766
      900.00000        2.52034        2.35022       -1.51156      671.46547       -9.25752      148.83306       11.53868       10.31555       21.85424       -5.29174        7.50000       18.81766        7.89616
      950.00000        2.52259        2.35185       -1.51754      667.00177       -9.14631      149.23222       11.50916       10.28916       21.79833       -5.19194        7.50000       18.78566        7.94063
     1000.00000        2.52483        2.35342       -1.52254      662.94298       -9.05365      149.67759       11.48260       10.26541       21.74801       -5.08060        7.50000       18.75679        7.98144
     1500.00000        2.54640        2.36732       -1.54559      632.54067       -8.67074      155.10746       11.28948       10.09277       21.38225       -3.72313        7.50000       18.54507        8.23951
     2000.00000        2.56654        2.37968       -1.55281      608.46201       -8.61439      160.74627       11.13683        9.95630       21.09313       -2.31343        7.50000       18.37534        8.32122
     2500.00000        2.58529        2.39103       -1.55688      587.12780       -8.60822      166.15914       10.99851        9.83264       20.83116       -0.96021        7.50000       18.21967        8.30557
     3000.00000        2.60275        2.40146       -1.55970      568.00964       -8.60900      171.30899       10.87166        9.71924       20.59090        0.32725        7.50000       18.07531        8.23645
     3500.00000        2.61897        2.41106       -1.56163      550.84234       -8.61009      176.19039       10.75526        9.61518       20.37044        1.54760        7.50000       17.94147        8.13967
     4000.00000        2.63403        2.41987       -1.56283      535.39308       -8.61059      180.80790       10.64839        9.51963       20.16802        2.70198        7.50000       17.81741        8.03036
     4500.00000        2.64799        2.42797       -1.56341      521.47108       -8.61042      185.16420       10.55028        9.43192       19.98219        3.79105        7.50000       17.70249        7.91732
     5000.00000        2.66093        2.43540       -1.56344      508.90561       -8.60968      189.26552       10.46019        9.35138       19.81156        4.81638        7.50000       17.59611        7.80558
     5500.00000        2.67291        2.44221       -1.56299      497.54641       -8.60845      193.11957       10.37744        9.27740       19.65484        5.77989        7.50000       17.49765        7.69789
     6000.00000        2.68399        2.44845       -1.56214      487.26143       -8.60678      196.73519       10.30141        9.20943       19.51084        6.68380        7.50000       17.40654        7.59566
     6500.00000        2.69422        2.45417       -1.56092      477.93462       -8.60476      200.12202       10.23151        9.14695       19.37846        7.53051        7.50000       17.32223        7.49953
     7000.00000        2.70367        2.45940       -1.55938      469.46387       -8.60243      203.29025       10.16723        9.08948       19.25671        8.32256        7.50000       17.24423        7.40966
     7500.00000        2.71239        2.46417       -1.55757      461.75925       -8.59983      206.25037       10.10808        9.03660       19.14468        9.06259        7.50000       17.17206        7.32595
     8000.00000        2.72042        2.46854       -1.55552      454.74139       -8.59702      209.01298       10.05362        8.98791       19.04154        9.75325        7.50000       17.10526        7.24816
     8500.00000        2.72782        2.47252       -1.55327      448.34021       -8.59401      211.58870       10.00345        8.94306       18.94651       10.39717        7.50000       17.04343        7.17598
     9000.00000        2.73463        2.47614       -1.55082      442.49365       -8.59085      213.98797        9.95721        8.90172       18.85892       10.99699        7.50000       16.98618        7.10905
     9500.00000        2.74088        2.47943       -1.54822      437.14670       -8.58755      216.22103        9.91455        8.86358       18.77813       11.55526        7.50000       16.93315        7.04701
    10000.00000        2.74663        2.48243       -1.54547      432.25049       -8.58414      218.29782        9.87518        8.82839       18.70357       12.07445        7.50000       16.88403        6.98953
    10500.00000        2.75189        2.48514       -1.54260      427.76153       -8.58064      220.22792        9.83882        8.79588       18.63470       12.55698        7.50000       16.83851        6.93627
    11000.00000        2.75672        2.48759       -1.53962      423.64105       -8.57705      222.02054        9.80522        8.76584       18.57106       13.00514        7.50000       16.79630        6.88691
    11500.00000        2.76114        2.48981       -1.53655      419.85440       -8.57340      223.68449        9.77415        8.73806       18.51221       13.42112        7.50000       16.75714        6.84115
    12000.00000        2.76518        2.49180       -1.53339      416.37059       -8.56970      225.22815        9.74540        8.71236       18.45776       13.80704        7.50000       16.72081        6.79872
    12500.00000        2.76887        2.49359       -1.53015      413.16184       -8.56594      226.65947        9.71877        8.68856       18.40733       14.16487        7.50000       16.68708        6.75937
    13000.00000        2.77223        2.49519       -1.52685      410.20319       -8.56215      227.98598        9.69410        8.66650       18.36059       14.49650        7.50000       16.65574        6.72284
    13500.00000        2.77528        2.49662       -1.52349      407.47222       -8.55833      229.21481        9.67122        8.64604       18.31726       14.80370        7.50000       16.62662        6.68893
    14000.00000        2.77806        2.49788       -1.52008      404.94869       -8.55448      230.35265        9.64998        8.62706       18.27704       15.08816        7.50000       16.59954        6.65743
    14500.00000        2.78058        2.49900       -1.51663      402.61438       -8.55061      231.40579        9.63026        8.60943       18.23969       15.35145        7.50000       16.57434        6.62815
    15000.00000        2.78286        2.49998       -1.51314      400.45279       -8.54673      232.38016        9.61194        8.59305       18.20498       15.59504        7.50000       16.55087        6.60093
    15500.00000        2.78491        2.50083       -1.50961      398.44903       -8.54283      233.28131        9.59489        8.57780       18.17269       15.82033        7.50000       16.52901        6.57560
    16000.00000        2.78676        2.50157       -1.50605      396.58958       -8.53893      234.11441        9.57902        8.56362       18.14263       16.02860        7.50000       16.50862        6.55202
    16500.00000        2.78842        2.50220       -1.50247      394.86219       -8.53502      234.88432        9.56423        8.55039       18.11462       16.22108        7.50000       16.48960        6.53004
    17000.00000        2.78990        2.50273       -1.49886      393.25573       -8.53110      235.59559        9.55044        8.53807       18.08850       16.39890        7.50000       16.47183        6.50955
    17500.00000        2.79122        2.50317       -1.49523      391.76007       -8.52718      236.25242        9.53756        8.52656       18.06412       16.56311        7.50000       16.45523        6.49044
    18000.00000        2.79239        2.50352       -1.49159      390.36602       -8.52327      236.85878        9.52554        8.51580       18.04134       16.71469        7.50000       16.43970        6.47259
    18500.00000        2.79343        2.50380       -1.48793      389.06518       -8.51935      237.41832        9.51429        8.50575       18.02004       16.85458        7.50000       16.42516        6.45590
    19000.00000        2.79433        2.50400       -1.48426      387.84990       -8.51544      237.93448        9.50376        8.49633       18.00009       16.98362        7.50000       16.41153        6.44030
    19500.00000        2.79511        2.50414       -1.48058      386.71320       -8.51153      238.41042        9.49389        8.48751       17.98140       17.10260        7.50000       16.39875        6.42569
    20000.00000        2.79578        2.50421       -1.47689      385.64870       -8.50762      238.84911        9.48463        8.47923       17.96386       17.21228        7.50000       16.38674        6.41200
    20500.00000        2.79636        2.50423       -1.47319      384.65057       -8.50372      239.25329        9.47593        8.47146       17.94739       17.31332        7.50000       16.37546        6.39916
    21000.00000        2.79683        2.50420       -1.46949      383.71348       -8.49982      239.62552        9.46776        8.46415       17.93191       17.40638        7.50000       16.36484        6.38711
    21500.00000        2.79723        2.50411       -1.46578      382.83254       -8.49593      239.96817        9.46006        8.45727       17.91732       17.49204        7.50000       16.35483        6.37577
    22000.00000        2.79754        2.50399       -1.46207      382.00329       -8.49205      240.28343        9.45280        8.45078       17.90358       17.57086        7.50000       16.34539        6.36511
    22500.00000        2.79777        2.50382       -1.45836      381.22162       -8.48817      240.57334        9.44595        8.44466       17.89061       17.64334        7.50000       16.33647        6.35506
    23000.00000        2.79794        2.50361       -1.45464      380.48378       -8.48431      240.83980        9.43948        8.43887       17.87835       17.70995        7.50000       16.32804        6.34558
    23500.00000        2.79805        2.50338       -1.45093      379.78633       -8.48045      241.08456        9.43335        8.43339       17.86674       17.77114        7.50000       16.32006        6.33663
    24000.00000        2.79810        2.50310       -1.44721      379.12608       -8.47659      241.30924        9.42755        8.42820       17.85575       17.82731        7.50000       16.31249        6.32817
    24500.00000        2.79809        2.50280       -1.44350      378.50015       -8.47275      241.51536        9.42204        8.42328       17.84531       17.87884        7.50000       16.30530        6.32016
    25000.00000        2.79804        2.50247       -1.43979      377.90586       -8.46891      241.70430        9.41680        8.41860       17.83540       17.92607        7.50000       16.29847        6.31256
    30000.00000        2.79550        2.49810       -1.40291      373.24937       -8.43103      242.89106        9.37561        8.38178       17.75739       18.22277        7.50000       16.24458        6.25359
    35000.00000        2.79084        2.49261       -1.36663      369.98595       -8.39406      243.31747        9.34658        8.35582       17.70241       18.32937        7.50000       16.20647        6.21314
    40000.00000        2.78530        2.48668       -1.33112      367.37173       -8.35799      243.40029        9.32323        8.33494       17.65818       18.35007        7.50000       16.17573        6.18130
    45000.00000        2.77942        2.48063       -1.29643      365.07493       -8.32281      243.32934        9.30263        8.31653       17.61917       18.33233        7.50000       16.14856        6.15358
    50000.00000        2.77347        2.47458       -1.26259      362.94627       -8.28851      243.19079        9.28347        8.29940       17.58288       18.29770        7.50000       16.12323        6.12797
    55000.00000        2.76754        2.46860       -1.22957      360.91809       -8.25506      243.02366        9.26515        8.28302       17.54817       18.25591        7.50000       16.09897        6.10354
    60000.00000        2.76168        2.46271       -1.19738      358.95936       -8.22244      242.84557        9.24739        8.26714       17.51453       18.21139        7.50000       16.07541        6.07986
    65000.00000        2.75593        2.45694       -1.16599      357.05555       -8.19063      242.66448        9.23007        8.25165       17.48172       18.16612        7.50000       16.05239        6.05674
    70000.00000        2.75028        2.45127       -1.13539      355.19955       -8.15962      242.48396        9.21312        8.23650       17.44962       18.12099        7.50000       16.02983        6.03409
    75000.00000        2.74474        2.44571       -1.10557      353.38763       -8.12939      242.30557        9.19651        8.22166       17.41817       18.07639        7.50000       16.00769        6.01188
    80000.00000        2.73931        2.44027       -1.07649      351.61757       -8.09991      242.13001        9.18023        8.20711       17.38734       18.03250        7.50000       15.98596        5.99006
    85000.00000        2.73399        2.43493       -1.04816      349.88786       -8.07118      241.95755        9.16427        8.19284       17.35711       17.98939        7.50000       15.96461        5.96864
    90000.00000        2.72877        2.42970       -1.02054      348.19731       -8.04318      241.78828        9.14862        8.17885       17.32747       17.94707        7.50000       15.94364        5.94760
    95000.00000        2.72366        2.42458       -0.99362      346.54489       -8.01588      241.62221        9.13328        8.16513       17.29840       17.90555        7.50000       15.92305        5.92694
   100000.00000        2.71865        2.41955       -0.96739      344.92966       -7.98927      241.45932        9.11823        8.15167       17.26990       17.86483        7.50000       15.90283        5.90665
   150000.00000        2.67380        2.37457       -0.73939      330.63857       -7.75777      239.99448        8.98295        8.03073       17.01368       17.49862        7.50000       15.71965        5.72283
   200000.00000        2.63729        2.33791       -0.56407      319.22932       -7.57945      238.79320        8.87208        7.93162       16.80370       17.19830        7.50000       15.56764        5.57027
   250000.00000        2.60759        2.30810       -0.42974      310.10284       -7.44257      237.81081        8.78145        7.85059       16.63204       16.95270        7.50000       15.44207        5.44424
   300000.00000        2.58347        2.28387       -0.32712      302.79034       -7.33777      237.00924        8.70752        7.78450       16.49201       16.75231        7.50000       15.33877        5.34055
   350000.00000        2.56390        2.26421       -0.24889      296.92288       -7.25770      236.35641        8.64732        7.73068       16.37800       16.58910        7.50000       15.25406        5.25552
   400000.00000        2.54803        2.24826       -0.18934      292.20919       -7.19661      235.82552        8.59837        7.68692       16.28529       16.45638        7.50000       15.18479        5.18598
   450000.00000        2.53518        2.23534       -0.14407      288.41849       -7.15005      235.39432        8.55862        7.65138       16.21000       16.34858        7.50000       15.12826        5.12923
   500000.00000        2.52477        2.22487       -0.10967      285.36743       -7.11458      235.04443        8.52636        7.62255       16.14891       16.26111        7.50000       15.08222        5.08301
   550000.00000        2.51634        2.21640       -0.08353      282.90994       -7.08756      234.76075        8.50022        7.59917       16.09939       16.19019        7.50000       15.04478        5.04542
   600000.00000        2.50953        2.20954       -0.06369      280.92937       -7.06698      234.53089        8.47903        7.58023       16.05926       16.13272        7.50000       15.01437        5.01489
   650000.00000        2.50401        2.20399       -0.04860      279.33239       -7.05129      234.34475        8.46187        7.56489       16.02677       16.08619        7.50000       14.98969        4.99011
   700000.00000        2.49955        2.19951       -0.03713      278.04421       -7.03933      234.19407        8.44799        7.55248       16.00046       16.04852        7.50000       14.96968        4.97002
   750000.00000        2.49594        2.19588       -0.02841      277.00476       -7.03020      234.07214        8.43675        7.54243       15.97918       16.01804        7.50000       14.95347        4.95374
   800000.00000        2.49303        2.19294       -0.02177      276.16580       -7.02322      233.97350        8.42766        7.53430       15.96196       15.99338        7.50000       14.94034        4.94056
   850000.00000        2.49067        2.19057       -0.01670      275.48851       -7.01788      233.89372        8.42030        7.52773       15.94804       15.97343        7.50000       14.92971        4.92989
   900000.00000        2.48876        2.18865       -0.01283      274.94164       -7.01379      233.82921        8.41436        7.52242       15.93677       15.95730        7.50000       14.92110        4.92125
   950000.00000        2.48722        2.18710       -0.00988      274.50001       -7.01066      233.77704        8.40955        7.51812       15.92767       15.94426        7.50000       14.91414        4.91426
  1000000.00000        2.48598        2.18585       -0.00762      274.14334       -7.00825      233.73487        8.40567        7.51464       15.92031       15.93372        7.50000       14.90852        4.90861
  1050000.00000        2.48497        2.18484       -0.00588      273.85524       -7.00640      233.70078        8.40252        7.51183       15.91436       15.92520        7.50000       14.90396        4.90404
  1100000.00000        2.48416        2.18402       -0.00455      273.62252       -7.00497      233.67323        8.39998        7.50956       15.90955       15.91831        7.50000       14.90028        4.90035
  1150000.00000        2.48350        2.18336       -0.00353      273.43452       -7.00386      233.65096        8.39793        7.50773       15.90566       15.91274        7.50000       14.89731        4.89736
  1200000.00000        2.48297        2.18282       -0.00274      273.28264       -7.00301      233.63295        8.39627        7.50625       15.90252       15.90824        7.50000       14.89490        4.89494
  1250000.00000        2.48254        2.18239       -0.00213      273.15994       -7.00235      233.61841        8.39493        7.50505       15.89998       15.90460        7.50000       14.89296        4.89299
  1300000.00000        2.48219        2.18204       -0.00166      273.06080       -7.00184      233.60665        8.39385        7.50408       15.89793       15.90166        7.50000       14.89139        4.89141
  1350000.00000        2.48191        2.18176       -0.00130      272.98070       -7.00144      233.59715        8.39297        7.50330       15.89627       15.89929        7.50000       14.89012        4.89014
  1400000.00000        2.48168        2.18153       -0.00101      272.91599       -7.00113      233.58947        8.39227        7.50266       15.89493       15.89737        7.50000       14.88909        4.88911
  1450000.00000        2.48150        2.18135       -0.00079      272.86369       -7.00089      233.58327        8.39169        7.50215       15.89385       15.89582        7.50000       14.88826        4.88828
  1500000.00000        2.48135        2.18120       -0.00062      272.82144       -7.00070      233.57825        8.39123        7.50174       15.89297       15.89456        7.50000       14.88759        4.88760
  1550000.00000        2.48123        2.18108       -0.00049      272.78731       -7.00055      233.57420        8.39086        7.50141       15.89226       15.89355        7.50000       14.88705        4.88706
  1600000.00000        2.48114        2.18098       -0.00038      272.75972       -7.00044      233.57093        8.39056        7.50114       15.89169       15.89273        7.50000       14.88661        4.88662
  1650000.00000        2.48106        2.18090       -0.00030      272.73743       -7.00034      233.56828        8.39031        7.50092       15.89123       15.89207        7.50000       14.88626        4.88626
  1700000.00000        2.48100        2.18084       -0.00024      272.71942       -7.00027      233.56614        8.39012        7.50074       15.89086       15.89154        7.50000       14.88597        4.88598
  1750000.00000        2.48094        2.18079       -0.00019      272.70487       -7.00022      233.56442        8.38996        7.50060       15.89056       15.89110        7.50000       14.88574        4.88575
  1800000.00000        2.48090        2.18075       -0.00015      272.69311       -7.00017      233.56302        8.38983        7.50048       15.89031       15.89076        7.50000       14.88555        4.88556
  1850000.00000        2.48087        2.18071       -0.00012      272.68361       -7.00014      233.56189        8.38972        7.50039       15.89011       15.89047        7.50000       14.88540        4.88541
  1900000.00000        2.48084        2.18069       -0.00009      272.67593       -7.00011      233.56098        8.38964        7.50032       15.88996       15.89025        7.50000       14.88528        4.88528
  1950000.00000        2.48082        2.18066       -0.00007      272.66973       -7.00009      233.56024        8.38957        7.50026       15.88983       15.89006        7.50000       14.88518        4.88518
