           year        tco2               alk        d13Cocn        pCO2           d13Catm         CO3           WeatC          WeatS         TotW           BurC            Degas            Tatm           Tocn
     -950.00000        2.48073        2.18057        0.00000      272.64361       -7.00000      233.55714        8.38929        7.50000       15.88929       15.88929        7.50000       14.88477        4.88477
     -900.00000        2.48073        2.18057        0.00000      272.64361       -7.00000      233.55714        8.38929        7.50000       15.88929       15.88929        7.50000       14.88477        4.88477
     -850.00000        2.48073        2.18057        0.00000      272.64361       -7.00000      233.55714        8.38929        7.50000       15.88929       15.88929        7.50000       14.88477        4.88477
     -800.00000        2.48073        2.18057        0.00000      272.64361       -7.00000      233.55714        8.38929        7.50000       15.88929       15.88929        7.50000       14.88477        4.88477
     -750.00000        2.48073        2.18057        0.00000      272.64361       -7.00000      233.55714        8.38929        7.50000       15.88929       15.88929        7.50000       14.88477        4.88477
     -700.00000        2.48073        2.18057        0.00000      272.64361       -7.00000      233.55714        8.38929        7.50000       15.88929       15.88929        7.50000       14.88477        4.88477
     -650.00000        2.48073        2.18057        0.00000      272.64361       -7.00000      233.55714        8.38929        7.50000       15.88929       15.88929        7.50000       14.88477        4.88477
     -600.00000        2.48073        2.18057        0.00000      272.64361       -7.00000      233.55714        8.38929        7.50000       15.88929       15.88929        7.50000       14.88477        4.88477
     -550.00000        2.48073        2.18057        0.00000      272.64361       -7.00000      233.55714        8.38929        7.50000       15.88929       15.88929        7.50000       14.88477        4.88477
     -500.00000        2.48073        2.18057        0.00000      272.64361       -7.00000      233.55714        8.38929        7.50000       15.88929       15.88929        7.50000       14.88477        4.88477
     -450.00000        2.48073        2.18057        0.00000      272.64361       -7.00000      233.55714        8.38929        7.50000       15.88929       15.88929        7.50000       14.88477        4.88477
     -400.00000        2.48073        2.18057        0.00000      272.64361       -7.00000      233.55714        8.38929        7.50000       15.88929       15.88929        7.50000       14.88477        4.88477
     -350.00000        2.48073        2.18057        0.00000      272.64361       -7.00000      233.55714        8.38929        7.50000       15.88929       15.88929        7.50000       14.88477        4.88477
     -300.00000        2.48073        2.18057        0.00000      272.64361       -7.00000      233.55714        8.38929        7.50000       15.88929       15.88929        7.50000       14.88477        4.88477
     -250.00000        2.48073        2.18057        0.00000      272.64361       -7.00000      233.55714        8.38929        7.50000       15.88929       15.88929        7.50000       14.88477        4.88477
     -200.00000        2.48073        2.18057        0.00000      272.64361       -7.00000      233.55714        8.38929        7.50000       15.88929       15.88929        7.50000       14.88477        4.88477
     -150.00000        2.48073        2.18057        0.00000      272.64361       -7.00000      233.55714        8.38929        7.50000       15.88929       15.88929        7.50000       14.88477        4.88477
     -100.00000        2.48073        2.18057        0.00000      272.64361       -7.00000      233.55714        8.38929        7.50000       15.88929       15.88929        7.50000       14.88477        4.88477
      -50.00000        2.48073        2.18057        0.00000      272.64361       -7.00000      233.55714        8.38929        7.50000       15.88929       15.88929        7.50000       14.88477        4.88477
        0.00000        2.48118        2.19113       -0.10008      697.26990      -14.77833      239.77129       12.08158       10.80090       22.88249       17.44282        7.50000       19.39313        5.11019
       50.00000        2.48173        2.19976       -0.18180      636.26279      -14.12187      231.99031       11.66044       10.42440       22.08484       15.49758        7.50000       18.94887        5.30212
      100.00000        2.48235        2.20682       -0.24863      586.85496      -13.46152      225.74314       11.29628       10.09885       21.39513       13.93578        7.50000       18.55259        5.46464
      150.00000        2.48303        2.21262       -0.30335      546.80272      -12.81431      220.73620       10.98356        9.81927       20.80283       12.68405        7.50000       18.20273        5.60155
      200.00000        2.48375        2.21741       -0.34821      514.29366      -12.19473      216.73155       10.71665        9.58066       20.29731       11.68289        7.50000       17.89678        5.71631
      250.00000        2.48450        2.22138       -0.38501      487.86737      -11.61393      213.53694       10.49007        9.37810       19.86817       10.88423        7.50000       17.63150        5.81207
      300.00000        2.48527        2.22468       -0.41525      466.34880      -11.07948      210.99721       10.29862        9.20694       19.50556       10.24930        7.50000       17.40319        5.89163
      350.00000        2.48606        2.22745       -0.44010      448.79304      -10.59558      208.98725       10.13746        9.06286       19.20032        9.74681        7.50000       17.20795        5.95744
      400.00000        2.48686        2.22978       -0.46054      434.44013      -10.16352      207.40612       10.00219        8.94194       18.94413        9.35153        7.50000       17.04187        6.01166
      450.00000        2.48766        2.23176       -0.47737      422.67852       -9.78233      206.17233        9.88892        8.84067       18.72958        9.04308        7.50000       16.90119        6.05614
      500.00000        2.48847        2.23346       -0.49123      413.01566       -9.44944      205.22005        9.79419        8.75598       18.55016        8.80501        7.50000       16.78240        6.09245
      550.00000        2.48929        2.23492       -0.50266      405.05436       -9.16120      204.49600        9.71501        8.68519       18.40021        8.62400        7.50000       16.68231        6.12195
      600.00000        2.49011        2.23620       -0.51208      398.47399       -8.91342      203.95706        9.64883        8.62603       18.27486        8.48927        7.50000       16.59807        6.14575
      650.00000        2.49092        2.23732       -0.51985      393.01542       -8.70170      203.56828        9.59346        8.57653       18.16999        8.39207        7.50000       16.52718        6.16482
      700.00000        2.49173        2.23831       -0.52626      388.46897       -8.52169      203.30130        9.54706        8.53504       18.08210        8.32532        7.50000       16.46748        6.17996
      750.00000        2.49254        2.23920       -0.53156      384.66480       -8.36927      203.13309        9.50807        8.50019       18.00827        8.28327        7.50000       16.41712        6.19181
      800.00000        2.49335        2.24001       -0.53593      381.46522       -8.24066      203.04497        9.47522        8.47082       17.94604        8.26124        7.50000       16.37452        6.20095
      850.00000        2.49415        2.24075       -0.53955      378.75850       -8.13244      203.02172        9.44741        8.44596       17.89337        8.25543        7.50000       16.33837        6.20782
      900.00000        2.49495        2.24143       -0.54253      376.45390       -8.04159      203.05098        9.42376        8.42482       17.84859        8.26275        7.50000       16.30755        6.21281
      950.00000        2.49575        2.24206       -0.54500      374.47767       -7.96547      203.12270        9.40354        8.40674       17.81028        8.28067        7.50000       16.28114        6.21622
     1000.00000        2.49654        2.24266       -0.54705      372.76986       -7.90179      203.22868        9.38613        8.39118       17.77731        8.30717        7.50000       16.25836        6.21833
     1500.00000        2.50413        2.24745       -0.55540      363.11981       -7.63369      205.17087        9.29068        8.30584       17.59653        8.79272        7.50000       16.13277        6.20060
     2000.00000        2.51115        2.25137       -0.55664      357.83245       -7.59041      207.47202        9.24125        8.26165       17.50290        9.36800        7.50000       16.06725        6.15715
     2500.00000        2.51764        2.25491       -0.55670      353.47960       -7.58271      209.67649        9.20097        8.22565       17.42662        9.91912        7.50000       16.01365        6.10814
     3000.00000        2.52363        2.25815       -0.55645      349.57353       -7.58050      211.73308        9.16467        8.19319       17.35786       10.43327        7.50000       15.96514        6.05856
     3500.00000        2.52915        2.26112       -0.55605      346.01719       -7.57908      213.64360        9.13139        8.16344       17.29483       10.91090        7.50000       15.92052        6.01035
     4000.00000        2.53424        2.26385       -0.55553      342.76917       -7.57772      215.41652        9.10080        8.13609       17.23689       11.35413        7.50000       15.87937        5.96442
     4500.00000        2.53892        2.26634       -0.55491      339.79865       -7.57634      217.06082        9.07265        8.11093       17.18358       11.76521        7.50000       15.84139        5.92117
     5000.00000        2.54324        2.26863       -0.55420      337.07905       -7.57491      218.58511        9.04674        8.08776       17.13450       12.14628        7.50000       15.80633        5.88074
     5500.00000        2.54721        2.27072       -0.55341      334.58671       -7.57345      219.99758        9.02286        8.06642       17.08928       12.49939        7.50000       15.77396        5.84311
     6000.00000        2.55087        2.27264       -0.55255      332.30052       -7.57196      221.30591        9.00086        8.04675       17.04761       12.82648        7.50000       15.74405        5.80818
     6500.00000        2.55422        2.27438       -0.55163      330.20155       -7.57044      222.51736        8.98057        8.02861       17.00918       13.12934        7.50000       15.71641        5.77581
     7000.00000        2.55731        2.27598       -0.55065      328.27283       -7.56891      223.63873        8.96185        8.01187       16.97372       13.40968        7.50000       15.69085        5.74584
     7500.00000        2.56015        2.27743       -0.54963      326.49906       -7.56737      224.67642        8.94457        7.99642       16.94099       13.66910        7.50000       15.66722        5.71810
     8000.00000        2.56275        2.27876       -0.54856      324.86650       -7.56581      225.63637        8.92861        7.98215       16.91076       13.90909        7.50000       15.64536        5.69243
     8500.00000        2.56513        2.27996       -0.54745      323.36271       -7.56425      226.52419        8.91386        7.96896       16.88282       14.13105        7.50000       15.62512        5.66868
     9000.00000        2.56732        2.28105       -0.54631      321.97649       -7.56269      227.34508        8.90022        7.95677       16.85699       14.33627        7.50000       15.60638        5.64671
     9500.00000        2.56932        2.28204       -0.54514      320.69767       -7.56112      228.10390        8.88760        7.94549       16.83310       14.52598        7.50000       15.58903        5.62636
    10000.00000        2.57115        2.28294       -0.54394      319.51706       -7.55955      228.80519        8.87593        7.93506       16.81098       14.70130        7.50000       15.57294        5.60752
    10500.00000        2.57282        2.28375       -0.54272      318.42631       -7.55799      229.45316        8.86511        7.92539       16.79050       14.86329        7.50000       15.55803        5.59006
    11000.00000        2.57435        2.28448       -0.54148      317.41783       -7.55642      230.05174        8.85510        7.91643       16.77153       15.01294        7.50000       15.54420        5.57389
    11500.00000        2.57575        2.28513       -0.54021      316.48473       -7.55486      230.60457        8.84581        7.90813       16.75394       15.15114        7.50000       15.53136        5.55889
    12000.00000        2.57701        2.28572       -0.53893      315.62072       -7.55330      231.11505        8.83719        7.90043       16.73762       15.27876        7.50000       15.51944        5.54498
    12500.00000        2.57817        2.28624       -0.53764      314.82009       -7.55174      231.58633        8.82919        7.89327       16.72247       15.39658        7.50000       15.50837        5.53208
    13000.00000        2.57922        2.28671       -0.53633      314.07762       -7.55019      232.02132        8.82176        7.88663       16.70840       15.50533        7.50000       15.49807        5.52009
    13500.00000        2.58017        2.28712       -0.53501      313.38855       -7.54864      232.42275        8.81486        7.88046       16.69532       15.60569        7.50000       15.48850        5.50896
    14000.00000        2.58103        2.28748       -0.53368      312.74852       -7.54710      232.79311        8.80843        7.87472       16.68315       15.69828        7.50000       15.47959        5.49861
    14500.00000        2.58180        2.28779       -0.53233      312.15355       -7.54556      233.13476        8.80246        7.86937       16.67183       15.78369        7.50000       15.47129        5.48899
    15000.00000        2.58250        2.28807       -0.53099      311.60001       -7.54403      233.44984        8.79689        7.86440       16.66128       15.86246        7.50000       15.46355        5.48003
    15500.00000        2.58313        2.28830       -0.52963      311.08457       -7.54250      233.74035        8.79170        7.85976       16.65145       15.93509        7.50000       15.45633        5.47169
    16000.00000        2.58369        2.28850       -0.52827      310.60416       -7.54098      234.00816        8.78686        7.85543       16.64228       16.00204        7.50000       15.44960        5.46391
    16500.00000        2.58419        2.28867       -0.52690      310.15599       -7.53946      234.25497        8.78233        7.85138       16.63372       16.06374        7.50000       15.44331        5.45666
    17000.00000        2.58464        2.28880       -0.52553      309.73751       -7.53795      234.48238        8.77811        7.84761       16.62571       16.12060        7.50000       15.43742        5.44989
    17500.00000        2.58503        2.28891       -0.52416      309.34634       -7.53645      234.69186        8.77415        7.84407       16.61823       16.17297        7.50000       15.43192        5.44357
    18000.00000        2.58537        2.28899       -0.52278      308.98034       -7.53494      234.88476        8.77045        7.84076       16.61122       16.22119        7.50000       15.42676        5.43766
    18500.00000        2.58568        2.28905       -0.52140      308.63751       -7.53345      235.06235        8.76698        7.83766       16.60464       16.26559        7.50000       15.42193        5.43213
    19000.00000        2.58594        2.28908       -0.52002      308.31604       -7.53196      235.22579        8.76373        7.83475       16.59848       16.30645        7.50000       15.41739        5.42695
    19500.00000        2.58616        2.28910       -0.51864      308.01425       -7.53047      235.37616        8.76067        7.83202       16.59269       16.34404        7.50000       15.41312        5.42209
    20000.00000        2.58635        2.28909       -0.51725      307.73060       -7.52899      235.51445        8.75780        7.82945       16.58724       16.37861        7.50000       15.40911        5.41753
    20500.00000        2.58650        2.28907       -0.51587      307.46368       -7.52752      235.64158        8.75509        7.82703       16.58211       16.41040        7.50000       15.40533        5.41325
    21000.00000        2.58663        2.28903       -0.51448      307.21218       -7.52605      235.75841        8.75254        7.82474       16.57728       16.43960        7.50000       15.40177        5.40922
    21500.00000        2.58673        2.28898       -0.51310      306.97490       -7.52459      235.86572        8.75013        7.82259       16.57272       16.46643        7.50000       15.39841        5.40542
    22000.00000        2.58681        2.28892       -0.51171      306.75075       -7.52313      235.96424        8.74785        7.82056       16.56841       16.49106        7.50000       15.39523        5.40185
    22500.00000        2.58686        2.28884       -0.51033      306.53870       -7.52167      236.05464        8.74570        7.81863       16.56433       16.51366        7.50000       15.39222        5.39847
    23000.00000        2.58689        2.28875       -0.50895      306.33783       -7.52022      236.13755        8.74366        7.81681       16.56046       16.53439        7.50000       15.38937        5.39528
    23500.00000        2.58690        2.28865       -0.50756      306.14726       -7.51878      236.21352        8.74172        7.81507       16.55679       16.55338        7.50000       15.38666        5.39226
    24000.00000        2.58689        2.28854       -0.50618      305.96622       -7.51734      236.28311        8.73988        7.81343       16.55331       16.57078        7.50000       15.38409        5.38940
    24500.00000        2.58687        2.28842       -0.50480      305.79397       -7.51590      236.34679        8.73813        7.81186       16.54999       16.58670        7.50000       15.38164        5.38668
    25000.00000        2.58683        2.28830       -0.50343      305.62984       -7.51447      236.40502        8.73646        7.81037       16.54683       16.60126        7.50000       15.37930        5.38410
    30000.00000        2.58583        2.28671       -0.48977      304.31990       -7.50039      236.76551        8.72312        7.79845       16.52157       16.69138        7.50000       15.36064        5.36379
    35000.00000        2.58418        2.28479       -0.47640      303.37070       -7.48672      236.88785        8.71345        7.78980       16.50324       16.72196        7.50000       15.34709        5.34948
    40000.00000        2.58226        2.28275       -0.46336      302.59082       -7.47344      236.90378        8.70549        7.78269       16.48818       16.72595        7.50000       15.33593        5.33796
    45000.00000        2.58025        2.28068       -0.45065      301.89453       -7.46052      236.87264        8.69838        7.77633       16.47471       16.71816        7.50000       15.32595        5.32780
    50000.00000        2.57822        2.27861       -0.43827      301.24328       -7.44796      236.82110        8.69172        7.77038       16.46210       16.70528        7.50000       15.31660        5.31835
    55000.00000        2.57620        2.27658       -0.42624      300.61960       -7.43574      236.76116        8.68534        7.76467       16.45001       16.69029        7.50000       15.30762        5.30931
    60000.00000        2.57422        2.27458       -0.41452      300.01548       -7.42385      236.69819        8.67915        7.75913       16.43828       16.67455        7.50000       15.29892        5.30056
    65000.00000        2.57227        2.27262       -0.40313      299.42718       -7.41228      236.63459        8.67311        7.75374       16.42685       16.65865        7.50000       15.29042        5.29202
    70000.00000        2.57035        2.27069       -0.39205      298.85286       -7.40103      236.57142        8.66721        7.74846       16.41567       16.64286        7.50000       15.28211        5.28368
    75000.00000        2.56848        2.26881       -0.38127      298.29154       -7.39008      236.50917        8.66143        7.74330       16.40473       16.62729        7.50000       15.27397        5.27551
    80000.00000        2.56665        2.26697       -0.37078      297.74264       -7.37943      236.44801        8.65578        7.73824       16.39402       16.61200        7.50000       15.26600        5.26750
    85000.00000        2.56485        2.26516       -0.36058      297.20574       -7.36907      236.38802        8.65024        7.73329       16.38353       16.59701        7.50000       15.25818        5.25966
    90000.00000        2.56309        2.26339       -0.35066      296.68052       -7.35899      236.32923        8.64481        7.72844       16.37325       16.58231        7.50000       15.25053        5.25197
    95000.00000        2.56136        2.26166       -0.34101      296.16670       -7.34918      236.27162        8.63950        7.72369       16.36319       16.56791        7.50000       15.24302        5.24444
   100000.00000        2.55968        2.25996       -0.33163      295.66400       -7.33964      236.21519        8.63430        7.71904       16.35333       16.55380        7.50000       15.23567        5.23706
   150000.00000        2.54461        2.24482       -0.25084      291.19715       -7.25747      235.71077        8.58779        7.67746       16.26525       16.42769        7.50000       15.16977        5.17090
   200000.00000        2.53241        2.23255       -0.18973      287.60415       -7.19519      235.30118        8.55003        7.64371       16.19374       16.32529        7.50000       15.11602        5.11695
   250000.00000        2.52253        2.22261       -0.14353      284.71167       -7.14802      234.96889        8.51940        7.61632       16.13572       16.24222        7.50000       15.07226        5.07302
   300000.00000        2.51453        2.21457       -0.10863      282.38154       -7.11232      234.69953        8.49457        7.59413       16.08870       16.17488        7.50000       15.03669        5.03730
   350000.00000        2.50806        2.20806       -0.08226      280.50338       -7.08529      234.48131        8.47446        7.57615       16.05060       16.12033        7.50000       15.00780        5.00830
   400000.00000        2.50282        2.20280       -0.06234      278.98882       -7.06482      234.30461        8.45817        7.56159       16.01976       16.07615        7.50000       14.98436        4.98476
   450000.00000        2.49859        2.19854       -0.04729      277.76700       -7.04932      234.16159        8.44499        7.54980       15.99479       16.04040        7.50000       14.96536        4.96569
   500000.00000        2.49516        2.19510       -0.03591      276.78104       -7.03756      234.04586        8.43433        7.54027       15.97459       16.01147        7.50000       14.94997        4.95023
   550000.00000        2.49240        2.19231       -0.02730      275.98521       -7.02865      233.95224        8.42570        7.53255       15.95825       15.98806        7.50000       14.93750        4.93772
   600000.00000        2.49016        2.19006       -0.02078      275.34270       -7.02188      233.87653        8.41872        7.52631       15.94503       15.96913        7.50000       14.92741        4.92759
   650000.00000        2.48835        2.18824       -0.01584      274.82390       -7.01674      233.81530        8.41308        7.52127       15.93435       15.95383        7.50000       14.91925        4.91939
   700000.00000        2.48689        2.18677       -0.01209      274.40492       -7.01282      233.76580        8.40852        7.51719       15.92571       15.94145        7.50000       14.91264        4.91276
   750000.00000        2.48571        2.18558       -0.00925      274.06653       -7.00984      233.72579        8.40483        7.51389       15.91872       15.93145        7.50000       14.90730        4.90739
   800000.00000        2.48475        2.18462       -0.00708      273.79320       -7.00756      233.69344        8.40185        7.51123       15.91308       15.92336        7.50000       14.90298        4.90306
   850000.00000        2.48398        2.18384       -0.00543      273.57240       -7.00582      233.66729        8.39944        7.50907       15.90851       15.91682        7.50000       14.89949        4.89955
   900000.00000        2.48336        2.18321       -0.00417      273.39403       -7.00449      233.64616        8.39749        7.50733       15.90482       15.91154        7.50000       14.89667        4.89672
   950000.00000        2.48285        2.18271       -0.00321      273.24993       -7.00347      233.62908        8.39592        7.50593       15.90184       15.90727        7.50000       14.89438        4.89442
  1000000.00000        2.48245        2.18230       -0.00248      273.13351       -7.00268      233.61527        8.39464        7.50479       15.89943       15.90382        7.50000       14.89254        4.89257
  1050000.00000        2.48212        2.18197       -0.00191      273.03945       -7.00208      233.60412        8.39362        7.50387       15.89749       15.90103        7.50000       14.89105        4.89107
  1100000.00000        2.48185        2.18170       -0.00148      272.96345       -7.00162      233.59510        8.39278        7.50313       15.89591       15.89878        7.50000       14.88984        4.88986
  1150000.00000        2.48164        2.18148       -0.00115      272.90205       -7.00126      233.58782        8.39211        7.50253       15.89464       15.89695        7.50000       14.88887        4.88889
  1200000.00000        2.48146        2.18131       -0.00089      272.85243       -7.00098      233.58193        8.39157        7.50204       15.89361       15.89548        7.50000       14.88808        4.88810
  1250000.00000        2.48132        2.18117       -0.00069      272.81234       -7.00077      233.57717        8.39113        7.50165       15.89278       15.89429        7.50000       14.88745        4.88746
  1300000.00000        2.48121        2.18105       -0.00054      272.77995       -7.00060      233.57333        8.39078        7.50133       15.89211       15.89333        7.50000       14.88693        4.88694
  1350000.00000        2.48112        2.18096       -0.00042      272.75378       -7.00047      233.57022        8.39049        7.50108       15.89157       15.89256        7.50000       14.88652        4.88652
  1400000.00000        2.48104        2.18089       -0.00033      272.73263       -7.00037      233.56771        8.39026        7.50087       15.89113       15.89193        7.50000       14.88618        4.88619
  1450000.00000        2.48098        2.18083       -0.00026      272.71554       -7.00029      233.56568        8.39007        7.50070       15.89078       15.89142        7.50000       14.88591        4.88592
  1500000.00000        2.48093        2.18078       -0.00020      272.70173       -7.00023      233.56404        8.38992        7.50057       15.89049       15.89101        7.50000       14.88569        4.88570
  1550000.00000        2.48089        2.18074       -0.00016      272.69058       -7.00018      233.56272        8.38980        7.50046       15.89026       15.89068        7.50000       14.88551        4.88552
  1600000.00000        2.48086        2.18071       -0.00013      272.68156       -7.00014      233.56165        8.38970        7.50037       15.89007       15.89041        7.50000       14.88537        4.88537
  1650000.00000        2.48084        2.18068       -0.00010      272.67428       -7.00011      233.56078        8.38962        7.50030       15.88992       15.89020        7.50000       14.88526        4.88526
  1700000.00000        2.48082        2.18066       -0.00008      272.66839       -7.00009      233.56009        8.38956        7.50024       15.88980       15.89002        7.50000       14.88516        4.88516
  1750000.00000        2.48080        2.18064       -0.00006      272.66363       -7.00007      233.55952        8.38951        7.50020       15.88970       15.88988        7.50000       14.88509        4.88509
  1800000.00000        2.48079        2.18063       -0.00005      272.65979       -7.00006      233.55906        8.38946        7.50016       15.88962       15.88977        7.50000       14.88503        4.88503
  1850000.00000        2.48078        2.18062       -0.00004      272.65669       -7.00004      233.55870        8.38943        7.50013       15.88956       15.88967        7.50000       14.88498        4.88498
  1900000.00000        2.48077        2.18061       -0.00003      272.65418       -7.00004      233.55840        8.38940        7.50010       15.88951       15.88960        7.50000       14.88494        4.88494
  1950000.00000        2.48076        2.18060       -0.00002      272.65215       -7.00003      233.55816        8.38938        7.50008       15.88946       15.88954        7.50000       14.88490        4.88490

