year  mon  -82.5/   -20.0/    20.0/   -82.5/    60.0/   -82.5/    Cont.      0.0/   -82.5/
            82.5     20.0     82.5    -20.0     82.5    -60.0     USA       82.5/     0.0/
-------------------------------------------------------------------------------------------
 1979  1    0.519    0.068    0.777    0.735   -0.760    0.668    1.482    0.533    0.504
 1979  2    0.284   -0.654    1.256    0.300    3.994    0.489    1.006    0.578   -0.009
 1979  3    0.446   -0.100    0.762    0.704    2.599    0.598   -0.175    0.433    0.458
 1979  4    0.578    0.517    0.229    0.991   -0.296    0.578    0.331    0.319    0.837
 1979  5    0.603    0.571    0.656    0.582   -0.097   -0.102    1.308    0.633    0.572
 1979  6    0.433    0.147    0.724    0.444    0.381   -0.451    0.850    0.536    0.330
 1979  7    0.215   -0.158    0.380    0.443    0.407    0.237    0.590    0.170    0.259
 1979  8    0.136   -0.121    0.513    0.030    0.584   -0.689    0.783    0.287   -0.014
 1979  9    0.105   -0.211    0.415    0.127    0.403    0.248   -0.314    0.197    0.012
 1979 10    0.133   -1.398   -0.044    1.921    0.277    7.112   -0.160   -0.510    0.775
 1979 11    0.233   -0.726    0.129    1.346    2.023    3.569    1.027   -0.162    0.627
 1979 12    0.339    0.191   -0.543    1.375   -0.503    1.291   -0.667   -0.286    0.963
 1980  1    0.311    0.255   -0.467    1.148   -3.460    0.602   -1.660   -0.240    0.863
 1980  2    0.302   -0.162    0.279    0.813   -2.609    0.811    0.868    0.101    0.502
 1980  3    0.082   -0.892    1.040    0.150    3.957    0.503    0.264    0.356   -0.192
 1980  4    0.025   -0.768    0.566    0.320    1.936    0.890    0.440    0.106   -0.056
 1980  5    0.149   -0.359    0.479    0.354    0.678    1.504    0.478    0.210    0.089
 1980  6    0.279   -0.040    0.641    0.253    0.944    2.716    0.762    0.455    0.103
 1980  7    0.356    0.594    0.832   -0.371    1.008   -0.124    0.581    0.791   -0.080
 1980  8    0.260    1.022    0.831   -1.113    0.571   -1.340    0.844    0.927   -0.407
 1980  9    0.287    0.893    0.581   -0.645    0.467   -1.731    0.471    0.701   -0.127
 1980 10    0.343    0.414    0.365    0.245    0.982    0.335    0.010    0.377    0.308
 1980 11    0.450    0.949    0.059    0.317   -0.044    0.715   -0.403    0.380    0.521
 1980 12    0.378    0.794   -0.554    0.873   -5.053    2.757   -1.158   -0.070    0.827
 1981  1    0.285    0.893   -0.375    0.303   -4.572    0.770    1.250    0.062    0.507
 1981  2    0.255   -0.014    0.972   -0.177    3.679    0.332   -0.076    0.615   -0.105
 1981  3    0.158   -0.021    0.032    0.473    1.392    0.907    0.073   -0.016    0.333
 1981  4    0.279    0.227    0.368    0.244   -1.193    0.525   -0.125    0.283    0.274
 1981  5    0.213   -0.159    0.282    0.536   -0.900    1.869    1.105    0.108    0.318
 1981  6    0.204    0.161    0.371    0.083    0.046    1.078    0.097    0.299    0.110
 1981  7    0.137    0.364    0.419   -0.386    0.588    0.013    0.109    0.407   -0.134
 1981  8    0.097    0.273    0.383   -0.373    0.204   -0.764    0.597    0.340   -0.145
 1981  9    0.132   -0.315    0.140    0.596    0.181    0.793    0.280   -0.026    0.291
 1981 10    0.226   -0.318    0.276    0.749    0.357   -0.448    0.330    0.057    0.394
 1981 11    0.307    0.011    0.333    0.594    0.823    1.273    0.179    0.208    0.407
 1981 12    0.245    0.079   -0.010    0.674    1.813    1.426    0.417    0.020    0.470
 1982  1    0.218   -0.620    1.200    0.119    2.796   -0.039   -0.530    0.594   -0.157
 1982  2    0.365   -0.187    1.117    0.194    0.868    0.369    0.141    0.688    0.042
 1982  3    0.456    0.299    0.616    0.462   -1.688    0.751    0.845    0.520    0.393
 1982  4    0.469    0.063    0.970    0.395    2.341    0.458    1.326    0.666    0.272
 1982  5    0.616    0.418    1.171    0.269    2.705   -0.381    0.577    0.897    0.335
 1982  6    0.787    1.076    1.296   -0.026    1.349   -1.128    1.867    1.199    0.375
 1982  7    0.833    1.319    1.103    0.049    0.903   -0.258    0.937    1.156    0.509
 1982  8    0.860    1.562    1.015   -0.035    0.865   -0.530    0.634    1.175    0.544
 1982  9    0.986    1.797    1.056    0.064    1.224   -0.194    1.109    1.280    0.692
 1982 10    0.994    1.088    0.475    1.413    0.187    4.594    0.349    0.688    1.299
 1982 11    1.118    1.604    0.438    1.287   -1.625    1.933    1.310    0.861    1.376
 1982 12    1.112    1.510    0.499    1.306   -1.578    0.702    2.811    0.832    1.392
 1983  1    1.099    1.391    0.498    1.394   -1.800    0.415    1.961    0.795    1.404
 1983  2    1.025    1.074    0.964    1.035    0.620    0.451    1.377    0.985    1.065
 1983  3    0.903    0.921    1.049    0.738    2.676    0.501    2.132    0.985    0.820
 1983  4    0.745    0.861    0.620    0.747    1.053    0.651    1.961    0.697    0.793
 1983  5    0.629    0.933    0.533    0.407   -0.087   -0.279    1.484    0.670    0.589
 1983  6    0.546    0.729    0.546    0.352   -0.115   -0.949    1.055    0.613    0.479
 1983  7    0.449    0.430    0.409    0.508    0.054    0.270    0.131    0.411    0.486
 1983  8    0.460    0.767    0.496    0.101    0.220   -0.725   -0.079    0.595    0.326
 1983  9    0.484    0.641    0.309    0.493    0.091   -0.681    0.447    0.432    0.535
 1983 10    0.552    0.826    0.307    0.507   -0.006    0.705    0.244    0.482    0.622
 1983 11    0.516    0.321    0.475    0.762    0.208    3.285    1.261    0.421    0.610
 1983 12    0.419    0.361    0.681    0.218   -0.705    0.169    1.414    0.593    0.246
 1984  1    0.247    0.579   -0.062    0.208   -3.361   -0.627    0.520    0.182    0.313
 1984  2    0.094    0.368   -0.023   -0.077   -1.226   -0.274    2.936    0.146    0.042
 1984  3   -0.188   -1.129    1.319   -0.704    5.394   -0.541   -0.166    0.499   -0.875
 1984  4   -0.129   -0.239    0.002   -0.143    0.398   -0.197    0.132   -0.073   -0.184
 1984  5   -0.013   -0.007   -0.156    0.123   -0.663   -0.190   -0.101   -0.104    0.078
 1984  6   -0.058   -0.191   -0.386    0.410   -0.256    1.537   -0.063   -0.309    0.193
 1984  7   -0.081   -0.538   -0.249    0.567   -0.147    1.230   -0.227   -0.357    0.194
 1984  8   -0.137   -0.657   -0.049    0.322    0.096   -0.287   -0.194   -0.264   -0.010
 1984  9   -0.185   -0.606   -0.057    0.130   -0.384   -0.035   -0.001   -0.255   -0.115
 1984 10   -0.209   -0.569   -0.063    0.024    0.348    1.281   -0.241   -0.232   -0.186
 1984 11   -0.064   -0.364   -0.201    0.390    0.355    2.776    0.755   -0.252    0.124
 1984 12   -0.028   -0.500    0.387    0.055    2.177   -0.486   -1.336    0.088   -0.143
 1985  1   -0.330   -1.288    0.655   -0.306    7.958   -0.346   -3.021   -0.029   -0.631
 1985  2   -0.433   -0.339   -0.838   -0.127    1.599   -0.086   -1.126   -0.685   -0.181
 1985  3   -0.406   -0.329   -0.579   -0.313    1.293   -0.077   -0.964   -0.505   -0.306
 1985  4   -0.371   -0.067   -0.716   -0.344    1.351    0.145   -1.527   -0.474   -0.267
 1985  5   -0.238    0.351   -0.473   -0.624   -0.526   -0.774   -0.888   -0.165   -0.312
 1985  6   -0.109    0.388   -0.347   -0.393   -0.420    1.106   -0.213   -0.073   -0.144
 1985  7   -0.089    0.321   -0.398   -0.213   -0.185    0.893   -0.696   -0.121   -0.057
 1985  8   -0.122    0.400   -0.307   -0.488   -0.168    0.109    0.006   -0.029   -0.216
 1985  9   -0.069    0.591   -0.065   -0.769    0.061   -0.737    0.260    0.191   -0.330
 1985 10   -0.141    0.583   -0.021   -1.023   -0.062   -2.248   -0.457    0.206   -0.488
 1985 11   -0.253    0.098   -0.014   -0.861   -0.879   -1.108   -0.305    0.037   -0.543
 1985 12   -0.208   -0.192    0.135   -0.568   -2.195    0.111   -1.154    0.026   -0.443
 1986  1   -0.214   -0.370    0.471   -0.735    1.046   -0.798    0.389    0.180   -0.608
 1986  2   -0.083    0.246   -0.208   -0.303   -2.915   -1.020   -0.464   -0.025   -0.140
 1986  3   -0.137    0.119    0.009   -0.553    1.400   -0.700   -0.819    0.041   -0.315
 1986  4   -0.162   -0.282    0.231   -0.429    2.242   -0.449   -0.869    0.075   -0.400
 1986  5   -0.151   -0.386   -0.367    0.313    0.101    0.481   -0.715   -0.361    0.060
 1986  6   -0.144   -0.376   -0.577    0.533   -0.255    0.806   -1.500   -0.504    0.216
 1986  7   -0.144   -0.496   -0.431    0.514   -0.250    0.897   -0.393   -0.453    0.165
 1986  8   -0.280   -1.341   -0.616    1.174   -0.283    2.541   -0.599   -0.883    0.323
 1986  9   -0.310   -1.052   -0.288    0.451    0.051    2.149    0.339   -0.553   -0.066
 1986 10   -0.199   -0.681   -0.213    0.322   -0.735    1.230   -0.443   -0.378   -0.020
 1986 11   -0.221   -0.823    0.200   -0.008   -1.104    2.953   -0.424   -0.149   -0.294
 1986 12   -0.036   -0.309    0.152    0.065   -1.430    0.491   -0.192    0.008   -0.079
 1987  1   -0.153   -0.483    0.161   -0.118    4.612   -0.246    0.304   -0.070   -0.235
 1987  2   -0.338   -1.171    0.446   -0.246    8.723   -0.143   -1.684   -0.126   -0.551
 1987  3   -0.335   -0.764   -0.412    0.195   -0.224    0.361   -1.795   -0.531   -0.138
 1987  4   -0.131   -0.054   -0.243   -0.099   -2.297   -0.424    0.192   -0.168   -0.093
 1987  5   -0.050   -0.126    0.367   -0.387   -0.514   -1.060   -0.026    0.195   -0.295
 1987  6   -0.075   -0.444    0.455   -0.215    0.248   -0.815    0.250    0.122   -0.272
 1987  7   -0.046   -0.158    0.556   -0.530    0.366   -1.232    0.809    0.276   -0.368
 1987  8   -0.127    0.140    0.490   -1.024    0.145   -1.025    0.450    0.352   -0.606
 1987  9   -0.165    0.292    0.324   -1.137    0.257   -3.639    0.937    0.268   -0.599
 1987 10   -0.239    0.234    0.271   -1.248    0.332   -5.767    0.700    0.215   -0.693
 1987 11   -0.221    0.186    0.543   -1.414    2.581   -8.575    0.306    0.349   -0.791
 1987 12   -0.391   -0.870    0.428   -0.706    8.093   -0.212   -0.784   -0.081   -0.701
 1988  1   -0.294    0.466   -1.512    0.125   -1.717    0.417   -1.717   -0.865    0.277
 1988  2   -0.176    0.709   -1.483    0.200   -7.832    0.515   -0.766   -0.754    0.402
 1988  3   -0.240   -0.728    0.535   -0.501    1.700   -0.398    1.471    0.086   -0.566
 1988  4   -0.267   -0.320   -0.022   -0.455    1.807   -0.355   -0.268   -0.143   -0.390
 1988  5   -0.220   -0.104   -0.190   -0.371    0.121   -0.736    0.158   -0.174   -0.265
 1988  6   -0.051    0.613    0.032   -0.834    0.019   -2.017   -0.398    0.223   -0.325
 1988  7   -0.077    0.164   -0.283   -0.124   -0.304    0.003   -0.084   -0.127   -0.026
 1988  8   -0.125   -0.915   -0.718    1.302   -0.380    2.774   -0.779   -0.780    0.530
 1988  9   -0.149   -1.113   -0.691    1.408   -0.307    5.011   -0.912   -0.834    0.536
 1988 10   -0.097   -0.822   -0.488    1.058   -0.591    5.480   -0.144   -0.597    0.403
 1988 11   -0.043   -0.612   -0.336    0.850   -1.049    6.829    0.305   -0.429    0.343
 1988 12    0.018    0.092   -0.264    0.222   -2.162    1.731   -0.637   -0.130    0.166
 1989  1    0.119    0.793   -0.895    0.422   -4.798    0.320    0.999   -0.308    0.546
 1989  2    0.082   -0.024    0.390   -0.115    2.009   -0.068   -3.010    0.270   -0.107
 1989  3   -0.088   -0.301    0.442   -0.395    5.731   -0.338   -1.611    0.221   -0.397
 1989  4   -0.027    0.437   -0.224   -0.320   -0.389   -0.769   -0.832    0.013   -0.067
 1989  5    0.036    0.266   -0.319    0.149   -0.707    0.756   -0.280   -0.122    0.194
 1989  6    0.027    0.334   -0.142   -0.128   -0.488    0.159    0.132    0.010    0.044
 1989  7   -0.072    0.283    0.114   -0.632   -0.192   -0.262    0.043    0.153   -0.297
 1989  8   -0.113    0.494    0.312   -1.178   -0.054   -1.606    0.736    0.362   -0.588
 1989  9   -0.118    0.532   -0.010   -0.911   -0.231   -2.878   -0.167    0.168   -0.405
 1989 10   -0.087    0.325    0.146   -0.754    0.455   -2.869    0.078    0.198   -0.372
 1989 11   -0.176   -0.769   -0.168    0.440    0.130    1.758   -0.007   -0.386    0.033
 1989 12   -0.074   -0.121   -0.275    0.177   -2.263    0.013    0.431   -0.237    0.089
 1990  1   -0.086    0.327   -0.762    0.156   -2.744    0.100   -0.022   -0.405    0.234
 1990  2   -0.125   -0.508   -0.035    0.187    0.943    0.685    2.174   -0.213   -0.037
 1990  3   -0.006    0.591   -0.983    0.341   -3.895    0.031   -0.696   -0.455    0.443
 1990  4    0.085    0.579   -0.778    0.429   -4.186   -0.397   -0.623   -0.295    0.466
 1990  5    0.024    0.604   -0.353   -0.208   -1.189   -1.067    0.480   -0.008    0.056
 1990  6    0.031    0.749   -0.035   -0.658   -0.214   -0.663   -0.271    0.267   -0.204
 1990  7   -0.030    0.591   -0.036   -0.680   -0.076   -0.929    0.019    0.216   -0.277
 1990  8   -0.078    0.219   -0.045   -0.423   -0.118   -0.313    0.304    0.070   -0.226
 1990  9   -0.167    0.074   -0.233   -0.355   -0.121    1.173   -0.658   -0.095   -0.239
 1990 10   -0.178    0.213   -0.293   -0.476   -0.459   -1.706    0.033   -0.111   -0.245
 1990 11   -0.078    0.852   -0.131   -1.004   -1.870   -4.265   -1.072    0.208   -0.364
 1990 12   -0.016    0.715   -0.191   -0.609   -1.367   -2.669    0.669    0.114   -0.145
 1991  1   -0.224   -0.466    0.652   -0.846    2.506   -0.291   -0.126    0.263   -0.711
 1991  2   -0.354   -0.501    0.116   -0.671    3.669   -0.731   -2.489   -0.114   -0.594
 1991  3   -0.112    0.077   -0.008   -0.413   -0.070   -0.420    0.383    0.008   -0.231
 1991  4   -0.081   -0.214    0.106   -0.126    0.904    0.134    0.182   -0.012   -0.149
 1991  5   -0.085   -0.237   -0.082    0.072   -0.093    0.145   -0.732   -0.132   -0.038
 1991  6   -0.005   -0.256    0.147    0.109   -0.106   -0.572    0.347    0.006   -0.015
 1991  7    0.402    0.252    0.438    0.525   -0.100   -0.463    0.603    0.387    0.418
 1991  8    1.001    1.223    0.775    0.994    0.442   -0.136    1.035    0.945    1.058
 1991  9    1.303    1.343    1.008    1.558    0.397    1.223    0.904    1.146    1.461
 1991 10    1.343    1.504    0.903    1.612   -0.008    1.842    1.131    1.147    1.538
 1991 11    1.084    0.867    0.398    1.999   -1.089    4.908    0.797    0.584    1.584
 1991 12    1.033    0.845    0.926    1.338   -1.496    1.176    1.146    0.926    1.140
 1992  1    0.860    0.524    1.530    0.543    3.665    0.240    1.496    1.201    0.519
 1992  2    0.812    0.896    0.792    0.743    1.973   -0.295    0.836    0.829    0.794
 1992  3    0.939    1.471    0.410    0.909   -0.285   -0.070    0.979    0.776    1.102
 1992  4    0.844    0.749    1.068    0.720    1.264    0.131   -0.758    0.966    0.722
 1992  5    0.735    0.635    0.759    0.818    0.691    0.675    0.286    0.732    0.739
 1992  6    0.682    0.348    0.481    1.236    0.004    0.751    0.522    0.433    0.932
 1992  7    0.769    0.649    0.251    1.415   -0.156    0.974    0.482    0.376    1.162
 1992  8    0.759    0.924    0.185    1.161   -0.119    0.208    0.621    0.395    1.124
 1992  9    0.777    1.203    0.205    0.902   -0.021    1.390    0.381    0.516    1.038
 1992 10    0.666    0.584    0.256    1.162    0.511    4.515   -0.030    0.359    0.973
 1992 11    0.668    1.373    0.012    0.581    0.700    0.402    0.887    0.480    0.856
 1992 12    0.606    1.368   -0.012    0.422   -0.780   -0.657    0.064    0.435    0.778
 1993  1    0.501    1.720   -0.888    0.606   -3.186   -0.516    0.127   -0.002    1.004
 1993  2    0.414    1.483   -0.693    0.397   -3.024    0.292    0.398    0.053    0.775
 1993  3    0.159    0.810   -0.340   -0.028    0.015    0.010   -0.254    0.024    0.293
 1993  4   -0.016    0.609   -0.549   -0.140   -0.907   -0.271    0.093   -0.170    0.139
 1993  5   -0.146    0.284   -0.401   -0.344   -0.898   -0.676   -0.690   -0.175   -0.117
 1993  6   -0.236    0.014   -0.499   -0.238   -0.851   -0.634   -0.322   -0.324   -0.149
 1993  7   -0.282   -0.134   -0.566   -0.154   -0.950   -0.277   -0.338   -0.413   -0.152
 1993  8   -0.342   -0.497   -0.663    0.143   -0.746    0.403   -0.543   -0.604   -0.079
 1993  9   -0.387   -0.469   -0.588   -0.098   -0.759   -0.903   -0.346   -0.544   -0.230
 1993 10   -0.418   -0.531   -0.144   -0.572    0.530   -1.893   -0.400   -0.273   -0.562
 1993 11   -0.529   -0.948   -0.302   -0.317    0.314   -0.977   -0.443   -0.526   -0.533
 1993 12   -0.509   -0.962    0.078   -0.618    2.379    0.488    1.904   -0.265   -0.753
 1994  1   -0.514   -0.923    0.265   -0.862    3.426   -0.309    0.048   -0.113   -0.915
 1994  2   -0.368   -0.214   -0.369   -0.529   -2.650   -0.406   -1.123   -0.289   -0.447
 1994  3   -0.255    0.009   -0.495   -0.292   -3.137   -0.062    0.871   -0.277   -0.233
 1994  4   -0.250   -0.526    0.144   -0.355    2.178    0.327   -1.783   -0.068   -0.433
 1994  5   -0.291   -0.584   -0.357    0.084    0.810    1.216   -0.934   -0.432   -0.150
 1994  6   -0.310   -0.585   -0.412    0.083    0.438    0.500   -0.926   -0.490   -0.129
 1994  7   -0.359   -0.610   -0.225   -0.230    0.045   -0.034    0.106   -0.371   -0.348
 1994  8   -0.315   -0.491   -0.338   -0.106   -0.294    0.515   -0.264   -0.405   -0.225
 1994  9   -0.398   -0.668   -0.356   -0.158   -0.426   -0.836    0.280   -0.480   -0.317
 1994 10   -0.502   -0.734   -0.579   -0.180   -0.770   -0.442   -0.134   -0.636   -0.368
 1994 11   -0.638   -1.068   -0.674   -0.151    0.439    1.123   -1.265   -0.815   -0.462
 1994 12   -0.508   -0.420   -1.401    0.291   -3.648    2.354   -0.610   -1.083    0.067
 1995  1   -0.404   -0.231   -0.976   -0.013   -0.064    0.542    0.927   -0.746   -0.061
 1995  2   -0.369   -0.386   -0.608   -0.113    1.784    0.224   -0.563   -0.556   -0.182
 1995  3   -0.312    0.499   -1.619    0.142   -4.234   -0.340   -1.269   -0.910    0.287
 1995  4   -0.461   -0.414   -0.867   -0.103   -1.408    0.125   -0.369   -0.750   -0.171
 1995  5   -0.523   -0.202   -0.937   -0.447   -1.022   -0.005   -0.562   -0.702   -0.343
 1995  6   -0.549   -0.275   -0.820   -0.565   -0.896   -0.693   -0.391   -0.637   -0.461
 1995  7   -0.583   -0.327   -0.751   -0.684   -0.679   -0.540   -0.518   -0.592   -0.573
 1995  8   -0.559   -0.542   -0.795   -0.341   -0.787   -0.126   -1.819   -0.680   -0.439
 1995  9   -0.558   -0.850   -0.697   -0.111   -0.296    0.562   -0.863   -0.722   -0.393
 1995 10   -0.530   -0.250   -0.453   -0.902   -0.561   -2.476   -0.164   -0.354   -0.706
 1995 11   -0.551   -0.416   -0.051   -1.193   -0.603   -3.660   -0.059   -0.172   -0.929
 1995 12   -0.576   -0.173   -0.890   -0.686   -3.707   -1.343   -1.069   -0.633   -0.518
 1996  1   -0.619   -0.232   -0.675   -0.969   -3.863   -0.466   -0.172   -0.518   -0.719
 1996  2   -0.495   -0.136   -0.713   -0.654   -4.982   -0.652    1.223   -0.486   -0.504
 1996  3   -0.483   -0.689    0.057   -0.807   -1.352   -0.845    0.924   -0.165   -0.801
 1996  4   -0.554   -0.800   -0.014   -0.836    0.643   -1.212   -0.107   -0.279   -0.830
 1996  5   -0.539   -0.785   -0.403   -0.417    0.151   -0.870   -0.960   -0.563   -0.516
 1996  6   -0.609   -1.173   -0.782    0.156   -0.236   -1.083   -1.191   -0.937   -0.282
 1996  7   -0.653   -1.653   -1.011    0.758   -0.407    0.079   -1.203   -1.259   -0.047
 1996  8   -0.658   -1.710   -0.961    0.751   -0.242    1.045   -1.003   -1.224   -0.093
 1996  9   -0.730   -1.497   -0.573   -0.080   -0.827    1.264    0.022   -0.905   -0.556
 1996 10   -0.613   -0.329   -0.382   -1.144   -0.481   -1.898   -0.186   -0.380   -0.846
 1996 11   -0.544   -0.015   -0.345   -1.303    1.853   -5.872   -1.553   -0.242   -0.847
 1996 12   -0.582   -0.545   -0.136   -1.066    3.238   -2.172   -0.906   -0.260   -0.903
 1997  1   -0.581   -0.680   -0.096   -0.964   -0.470    0.339   -1.532   -0.266   -0.897
 1997  2   -0.427    0.619   -1.542   -0.413   -6.090    0.003   -0.763   -0.798   -0.055
 1997  3   -0.205    0.928   -1.693    0.088   -9.999    0.433   -0.337   -0.758    0.347
 1997  4   -0.264    0.371   -0.997   -0.201   -6.472    0.675    1.707   -0.520   -0.009
 1997  5   -0.458   -0.376   -0.260   -0.742    1.337    0.340   -0.342   -0.304   -0.612
 1997  6   -0.500   -0.335   -0.324   -0.849    0.621   -0.140   -0.773   -0.330   -0.669
 1997  7   -0.427   -0.269   -0.214   -0.805    0.163   -0.306   -0.269   -0.199   -0.654
 1997  8   -0.363   -0.672   -0.546    0.145   -0.108    1.785   -0.520   -0.559   -0.167
 1997  9   -0.464   -0.809   -0.394   -0.172   -0.235    0.806   -1.242   -0.484   -0.445
 1997 10   -0.580   -0.403    0.027   -1.375   -0.621   -3.194    0.139   -0.087   -1.074
 1997 11   -0.612   -0.870    0.027   -0.981   -0.790   -1.848    0.283   -0.242   -0.983
 1997 12   -0.683   -1.632    0.729   -1.095    3.458   -1.316    1.092   -0.067   -1.299
 1998  1   -0.741   -1.722    0.498   -0.948    4.787   -0.776   -0.724   -0.247   -1.235
 1998  2   -0.465   -1.098    0.180   -0.444    1.469   -0.495    1.106   -0.219   -0.711
 1998  3   -0.376   -0.770   -0.140   -0.197   -1.273   -0.305    0.142   -0.332   -0.420
 1998  4   -0.313   -0.727    0.107   -0.296    1.032   -0.567    0.897   -0.172   -0.454
 1998  5   -0.292   -0.737    0.052   -0.166    0.101   -0.846    0.356   -0.202   -0.381
 1998  6   -0.345   -0.885   -0.367    0.246   -0.215    0.493    0.169   -0.559   -0.131
 1998  7   -0.317   -0.625   -0.338    0.030   -0.090   -0.174   -0.681   -0.453   -0.181
 1998  8   -0.355   -0.077    0.039   -1.042    0.171   -1.838   -0.211   -0.019   -0.691
 1998  9   -0.373    0.226   -0.086   -1.292    0.476   -2.986   -0.926   -0.003   -0.744
 1998 10   -0.461    0.265   -0.348   -1.339    0.316   -4.151   -0.657   -0.173   -0.750
 1998 11   -0.445    0.350   -0.392   -1.334   -0.372   -5.219   -1.579   -0.154   -0.735
 1998 12   -0.541   -0.233    0.260   -1.667    5.727   -3.852   -1.436    0.069   -1.151
 1999  1   -0.664   -0.027   -0.933   -1.065    3.190   -0.899   -2.581   -0.644   -0.683
 1999  2   -0.614    0.037   -1.038   -0.877   -0.474   -0.753    0.167   -0.662   -0.566
 1999  3   -0.767   -0.585   -0.648   -1.078    4.058   -0.581   -1.983   -0.609   -0.925
 1999  4   -0.644    0.048   -1.369   -0.649   -1.349    0.202   -1.384   -0.861   -0.427
 1999  5   -0.385    0.456   -1.057   -0.600   -1.498    0.875   -0.869   -0.497   -0.273
 1999  6   -0.216    0.658   -0.685   -0.666   -0.974   -1.053   -0.384   -0.176   -0.256
 1999  7   -0.200    0.643   -0.290   -0.997   -0.266   -1.451   -0.620    0.076   -0.475
 1999  8   -0.223    0.487   -0.221   -0.972   -0.013   -1.515   -0.508    0.056   -0.502
 1999  9   -0.323    0.365   -0.417   -0.954   -0.278   -2.099   -0.012   -0.121   -0.526
 1999 10   -0.436    0.328   -0.395   -1.284    0.139   -3.834   -1.019   -0.138   -0.735
 1999 11   -0.456    0.391   -0.485   -1.319   -0.818   -5.933   -1.489   -0.179   -0.733
 1999 12   -0.459    0.270   -0.564   -1.121   -1.718   -2.978    0.904   -0.263   -0.654
 2000  1   -0.400    0.410   -0.816   -0.837   -4.218   -0.696   -0.942   -0.357   -0.442
 2000  2   -0.312    0.675   -0.781   -0.883   -4.048   -0.463   -0.063   -0.235   -0.390
 2000  3   -0.329    0.522   -0.438   -1.116   -1.421   -0.707   -1.076   -0.075   -0.583
 2000  4   -0.374    0.308   -0.543   -0.924   -0.588   -0.648   -0.927   -0.228   -0.521
 2000  5   -0.359    0.476   -0.605   -0.993   -0.389   -1.354   -1.129   -0.241   -0.478
 2000  6   -0.376    0.420   -0.763   -0.828   -0.527   -1.796   -1.053   -0.344   -0.408
 2000  7   -0.485   -0.078   -0.502   -0.896   -0.742   -1.435   -0.310   -0.367   -0.603
 2000  8   -0.564   -0.466   -0.617   -0.613   -0.623   -1.402   -0.627   -0.579   -0.548
 2000  9   -0.670   -0.996   -0.789   -0.208   -0.703   -0.565   -1.117   -0.858   -0.482
 2000 10   -0.787   -1.794   -0.878    0.364   -0.746    4.544   -0.656   -1.189   -0.386
 2000 11   -0.902   -2.203   -0.494    0.060    1.914    3.983   -0.356   -1.072   -0.732
 2000 12   -0.776   -1.871    0.266   -0.664    4.240    0.705   -0.499   -0.470   -1.081
 2001  1   -0.647   -0.610   -0.804   -0.529    0.380   -0.469   -0.831   -0.731   -0.563
 2001  2   -0.665   -1.274    0.354   -1.042    7.312   -0.737   -0.049   -0.181   -1.149
 2001  3   -0.543   -0.753   -0.350   -0.516    0.994   -0.452   -0.807   -0.451   -0.635
 2001  4   -0.370   -0.190   -0.498   -0.432   -2.675   -0.487   -0.046   -0.373   -0.368
 2001  5   -0.192   -0.150   -0.228   -0.201   -1.010   -0.242    0.167   -0.195   -0.189
 2001  6   -0.212   -0.312   -0.353    0.034   -0.681    1.057   -0.039   -0.324   -0.100
 2001  7   -0.234   -0.256    0.008   -0.454   -0.139   -0.413   -0.035   -0.097   -0.371
 2001  8   -0.265    0.053    0.181   -1.046   -0.037   -1.019    0.145    0.105   -0.635
 2001  9   -0.244   -0.076   -0.076   -0.588    0.248   -1.868   -0.101   -0.100   -0.387
 2001 10   -0.343   -0.127   -0.106   -0.809   -0.017   -2.374    0.156   -0.149   -0.538
 2001 11   -0.301    0.350   -0.408   -0.879   -0.626   -4.802   -0.376   -0.169   -0.433
 2001 12   -0.201   -0.213    0.532   -0.922    2.469   -3.026    0.435    0.253   -0.656
 2002  1   -0.380   -0.632    0.231   -0.725    6.731   -0.615   -1.863   -0.087   -0.672
 2002  2   -0.335    0.119   -0.928   -0.219    2.947   -0.139   -1.253   -0.570   -0.099
 2002  3   -0.243    0.137   -0.719   -0.168   -0.491   -0.564   -1.354   -0.404   -0.083
 2002  4   -0.184    0.242   -0.427   -0.390   -1.640    0.189   -0.745   -0.172   -0.197
 2002  5   -0.191   -0.061   -0.338   -0.180   -1.141   -0.115    0.490   -0.208   -0.174
 2002  6   -0.187   -0.338   -0.489    0.273   -0.542    0.689   -0.552   -0.388    0.014
 2002  7   -0.203   -1.189   -0.490    1.124   -0.121    2.222   -0.640   -0.701    0.295
 2002  8   -0.270   -1.318   -0.451    1.016   -0.416    4.403   -0.225   -0.706    0.166
 2002  9   -0.388   -1.942   -0.619    1.481   -0.274    9.908   -0.885   -1.020    0.245
 2002 10   -0.435   -1.804   -0.341    0.911   -0.960    9.072   -0.233   -0.784   -0.087
 2002 11   -0.432   -0.966   -0.096   -0.206   -1.461    4.839    0.284   -0.359   -0.506
 2002 12   -0.268   -0.981    0.758   -0.544   -0.292   -0.219    0.807    0.178   -0.715
 2003  1   -0.277   -1.077    0.924   -0.635    4.708   -1.305   -1.657    0.254   -0.808
 2003  2   -0.267   -0.764    0.333   -0.346    1.923   -0.512    0.419   -0.039   -0.496
 2003  3   -0.259   -0.391   -0.100   -0.281   -0.176   -0.270    0.248   -0.190   -0.329
 2003  4   -0.245   -0.608    0.006   -0.114    0.363   -0.395    0.103   -0.192   -0.298
 2003  5   -0.232   -0.164   -0.141   -0.396    0.755   -0.644   -0.248   -0.145   -0.320
 2003  6   -0.226    0.021   -0.088   -0.625    0.070   -1.581    0.223   -0.040   -0.413
 2003  7   -0.331   -0.305   -0.049   -0.641   -0.203   -0.886   -0.309   -0.134   -0.528
 2003  8   -0.383   -0.213   -0.113   -0.833   -0.363   -1.509   -0.319   -0.158   -0.609
 2003  9   -0.516   -0.527   -0.457   -0.563   -0.249   -1.570   -0.027   -0.485   -0.547
 2003 10   -0.609   -1.332   -0.623    0.168    0.522    2.505   -1.431   -0.872   -0.346
 2003 11   -0.571   -1.224   -0.370   -0.084   -0.464    1.634   -0.276   -0.664   -0.477
 2003 12   -0.525   -0.942    0.074   -0.683    2.378   -0.680    1.106   -0.260   -0.789
 2004  1   -0.699   -1.632    0.406   -0.821    8.094   -0.579   -2.203   -0.304   -1.094
 2004  2   -0.704   -0.764   -1.077   -0.267    2.865   -0.772   -1.989   -0.997   -0.411
 2004  3   -0.509   -0.296   -1.045   -0.199   -2.004   -0.095   -1.268   -0.782   -0.236
 2004  4   -0.295   -0.018   -0.632   -0.250   -3.589    0.915   -0.007   -0.395   -0.195
 2004  5   -0.290   -0.123   -0.317   -0.438    0.045    1.433   -0.435   -0.231   -0.349
 2004  6   -0.222    0.195   -0.071   -0.813   -0.113    0.377    0.264    0.072   -0.516
 2004  7   -0.221    0.011   -0.048   -0.637   -0.031    0.850    0.134    0.011   -0.452
 2004  8   -0.298   -0.540   -0.335   -0.005   -0.398    0.780    0.573   -0.388   -0.208
 2004  9   -0.351   -0.550   -0.550    0.057   -0.318    1.952   -0.479   -0.503   -0.200
 2004 10   -0.497   -1.056   -0.443    0.037    0.192    4.453   -0.244   -0.603   -0.392
 2004 11   -0.497   -0.604   -0.093   -0.790    1.246   -0.812   -0.651   -0.245   -0.749
 2004 12   -0.451   -0.252   -0.554   -0.558   -2.694   -0.693   -0.069   -0.416   -0.486
 2005  1   -0.422   -0.076   -0.527   -0.681   -4.582   -0.567   -1.728   -0.331   -0.512
 2005  2   -0.299   -0.332   -0.262   -0.301   -4.221   -0.145   -0.476   -0.268   -0.330
 2005  3   -0.381   -0.969    0.464   -0.606    1.934   -0.675    1.005   -0.012   -0.749
 2005  4   -0.485   -0.823    0.067   -0.680    1.386   -0.350   -0.061   -0.247   -0.723
 2005  5   -0.487   -0.824   -0.325   -0.294   -0.657   -0.405    0.028   -0.499   -0.475
 2005  6   -0.543   -1.240   -0.646    0.293   -0.562   -0.072   -0.557   -0.859   -0.227
 2005  7   -0.573   -1.264   -0.680    0.263   -0.602   -0.127   -0.869   -0.875   -0.270
 2005  8   -0.577   -1.329   -0.597    0.236   -0.615   -0.743   -0.623   -0.852   -0.301
 2005  9   -0.620   -1.410   -0.721    0.312   -0.713    1.057   -0.654   -0.960   -0.280
 2005 10   -0.682   -1.307   -0.692   -0.015   -0.227    1.824   -1.028   -0.897   -0.468
 2005 11   -0.738   -1.546   -0.427   -0.197    0.618    1.863   -0.557   -0.809   -0.667
 2005 12   -0.617   -1.337    0.047   -0.522    0.540   -1.147    0.352   -0.415   -0.819
 2006  1   -0.828   -1.487    0.240   -1.201    7.059   -0.574   -0.798   -0.366   -1.289
 2006  2   -0.819   -1.089   -0.964   -0.391    4.624   -0.568   -2.990   -1.010   -0.628
 2006  3   -0.698   -0.160   -1.455   -0.510   -2.581    0.410   -1.703   -0.967   -0.430
 2006  4   -0.465    0.136   -0.817   -0.746   -3.080   -0.818   -1.410   -0.460   -0.470
 2006  5   -0.378    0.106   -0.540   -0.727   -1.429   -0.017   -0.145   -0.297   -0.459
 2006  6   -0.333    0.190   -0.170   -1.047   -0.167   -0.558   -0.090   -0.004   -0.662
 2006  7   -0.228    0.280    0.193   -1.184    0.178   -0.689   -0.100    0.257   -0.712
 2006  8   -0.329    0.234    0.061   -1.311   -0.086   -1.880   -0.014    0.159   -0.816
 2006  9   -0.506    0.150   -0.098   -1.606   -0.229   -3.576    0.923    0.013   -1.026
 2006 10   -0.652   -0.319   -0.065   -1.589    0.700   -3.879   -0.252   -0.132   -1.171
 2006 11   -0.617   -0.005   -0.381   -1.497   -1.713   -6.318    0.151   -0.234   -1.000
 2006 12   -0.611   -0.557   -0.164   -1.114   -1.218   -1.608    1.400   -0.281   -0.940
 2007  1   -0.474   -0.595    0.089   -0.911    0.559   -0.895    1.339   -0.121   -0.828
 2007  2   -0.463   -0.635    0.032   -0.775    0.043   -0.163   -0.103   -0.183   -0.742
 2007  3   -0.492   -0.388   -0.147   -0.945   -0.733   -0.592   -0.568   -0.211   -0.772
 2007  4   -0.428   -0.322   -0.333   -0.636   -1.919   -0.836   -0.172   -0.313   -0.544
 2007  5   -0.434   -0.326   -0.298   -0.684    0.412   -1.345   -0.431   -0.311   -0.557
 2007  6   -0.485   -0.602   -0.529   -0.317   -0.559   -1.095   -0.398   -0.575   -0.395
 2007  7   -0.597   -1.579   -0.819    0.658   -0.493    0.692   -0.913   -1.100   -0.095
 2007  8   -0.623   -1.125   -0.721    0.004   -0.439   -0.052   -1.380   -0.857   -0.389
 2007  9   -0.662   -1.174   -0.761   -0.022   -0.244    1.394   -0.893   -0.894   -0.430
 2007 10   -0.710   -1.390   -0.909    0.204    0.300    3.445   -1.820   -1.058   -0.363
 2007 11   -0.577   -0.516   -0.526   -0.693    0.610   -2.896   -0.656   -0.511   -0.643
 2007 12   -0.476   -0.114   -0.694   -0.641   -1.935   -1.986    0.906   -0.485   -0.468
 2008  1   -0.569   -0.476   -0.417   -0.820   -1.213   -0.323    1.875   -0.422   -0.717
 2008  2   -0.600   -0.463   -0.656   -0.688    1.869   -0.273    0.777   -0.605   -0.595
 2008  3   -0.623   -0.200   -1.006   -0.686    1.918   -0.492   -1.168   -0.739   -0.507
 2008  4   -0.594   -0.111   -1.204   -0.494   -1.034   -1.061   -1.219   -0.833   -0.355
 2008  5   -0.550   -0.174   -1.013   -0.483   -2.010   -0.193   -0.768   -0.734   -0.366
 2008  6   -0.531    0.024   -0.711   -0.936   -0.737   -0.258   -0.416   -0.427   -0.635
 2008  7   -0.529    0.252   -0.386   -1.493   -0.450   -1.210   -0.372   -0.121   -0.936
 2008  8   -0.537    0.405   -0.355   -1.712   -0.321   -1.562   -0.125   -0.071   -1.004
 2008  9   -0.614    0.089   -0.458   -1.511   -0.283   -2.880   -0.588   -0.262   -0.967
 2008 10   -0.696   -0.440   -0.806   -0.857   -0.564   -0.804   -0.942   -0.659   -0.734
 2008 11   -0.718   -0.473   -0.386   -1.309   -0.270   -4.324   -0.030   -0.418   -1.019
 2008 12   -0.687   -0.469   -0.347   -1.256   -0.016   -3.269    1.079   -0.376   -0.998
 2009  1   -0.702   -0.561   -0.190   -1.363    1.764   -0.810   -2.468   -0.288   -1.116
 2009  2   -0.798   -1.499    0.631   -1.489   10.026   -0.780   -1.564   -0.111   -1.485
 2009  3   -0.623   -0.328   -0.891   -0.666   -0.606   -0.580   -1.287   -0.670   -0.577
 2009  4   -0.337    0.079   -0.705   -0.406   -3.995   -0.982    0.240   -0.429   -0.244
 2009  5   -0.304   -0.168   -0.516   -0.234   -1.364   -0.600   -0.547   -0.395   -0.212
 2009  6   -0.428   -0.756   -0.278   -0.234   -0.622   -0.328   -0.240   -0.425   -0.432
 2009  7   -0.486   -0.541   -0.028   -0.886   -0.372   -0.555    0.510   -0.191   -0.781
 2009  8   -0.403   -0.316   -0.057   -0.841   -0.269   -1.869    0.418   -0.153   -0.652
 2009  9   -0.436   -0.821   -0.253   -0.213   -0.337   -1.479   -0.399   -0.447   -0.425
 2009 10   -0.490   -1.233   -0.341    0.145   -0.467    1.954    0.069   -0.642   -0.337
 2009 11   -0.568   -1.097    0.155   -0.733    3.176   -2.358   -0.238   -0.255   -0.881
 2009 12   -0.555   -1.727    0.769   -0.644    0.674    0.722    0.559   -0.064   -1.046
 2010  1   -0.619   -0.940   -0.279   -0.620   -0.058   -0.352    1.488   -0.510   -0.727
 2010  2   -0.593   -1.955    1.069   -0.820    6.071   -0.425    1.842    0.035   -1.221
 2010  3   -0.489   -1.069   -0.072   -0.297    1.501    0.099   -0.296   -0.409   -0.570
 2010  4   -0.335   -0.617   -0.243   -0.129   -1.929   -0.295    0.186   -0.375   -0.294
 2010  5   -0.190   -0.428    0.184   -0.313   -1.134   -1.335    0.897   -0.051   -0.329
 2010  6   -0.232   -0.275    0.124   -0.543   -0.146   -1.017   -0.113   -0.022   -0.442
 2010  7   -0.348   -0.586   -0.271   -0.176   -0.185    0.725   -0.528   -0.379   -0.318
 2010  8   -0.360   -0.609   -0.368   -0.089   -0.039    1.398   -0.622   -0.456   -0.263
 2010  9   -0.368   -0.001   -0.265   -0.858   -0.090    0.420   -0.216   -0.179   -0.557
 2010 10   -0.388    0.327   -0.293   -1.238    0.020   -1.413   -0.328   -0.100   -0.677
 2010 11   -0.300    0.909   -0.198   -1.675   -0.170   -5.919   -0.229    0.151   -0.751
 2010 12   -0.252    0.748   -0.009   -1.548   -0.530   -4.653   -0.040    0.217   -0.720
 2011  1   -0.399    0.472   -0.382   -1.332   -0.409   -1.070   -0.278   -0.126   -0.671
 2011  2   -0.343    0.909   -1.186   -0.820   -4.319   -0.338   -0.430   -0.511   -0.175
 2011  3   -0.358    1.057   -1.721   -0.485   -7.462   -0.383    0.046   -0.791    0.076
 2011  4   -0.644   -0.242   -0.706   -1.005    1.487   -1.024   -0.648   -0.578   -0.709
 2011  5   -0.762   -0.725   -0.574   -0.990    0.839   -0.666   -0.669   -0.650   -0.875
 2011  6   -0.680   -0.415   -0.672   -0.966   -0.613   -1.789   -0.599   -0.589   -0.771
 2011  7   -0.606   -0.815   -0.755   -0.238   -0.652   -0.287   -1.517   -0.751   -0.462
 2011  8   -0.548   -0.530   -0.549   -0.564   -0.715   -1.834   -0.844   -0.525   -0.570
 2011  9   -0.561   -0.116   -0.382   -1.209   -0.429   -3.132    0.008   -0.277   -0.845
 2011 10   -0.623   -0.435   -0.427   -1.018    0.134   -4.054   -0.369   -0.427   -0.819
 2011 11   -0.680   -0.280   -0.496   -1.285   -2.210   -5.008   -0.190   -0.418   -0.942
 2011 12   -0.543   -0.014   -1.111   -0.531   -3.147   -1.521    0.488   -0.723   -0.362
 2012  1   -0.759   -1.335    0.296   -1.207    3.090   -0.184    1.168   -0.257   -1.261
 2012  2   -0.850   -0.946   -0.709   -0.888    2.504   -0.501   -1.415   -0.771   -0.928
 2012  3   -0.769   -0.528   -0.915   -0.878   -0.418   -0.304   -1.915   -0.743   -0.795
 2012  4   -0.660   -0.725   -0.231   -1.021   -0.081   -0.175   -0.998   -0.370   -0.950
 2012  5   -0.577   -0.379   -0.437   -0.926   -0.763   -1.082   -0.551   -0.415   -0.739
 2012  6   -0.446   -0.149   -0.347   -0.857   -0.813   -1.203   -0.229   -0.282   -0.609
 2012  7   -0.510   -0.797   -0.513   -0.205   -0.541    0.059   -0.833   -0.612   -0.408
 2012  8   -0.553   -0.928   -0.607   -0.105   -0.497    0.853   -0.574   -0.712   -0.395
 2012  9   -0.534   -0.883   -0.606   -0.094   -0.546    1.578   -0.214   -0.696   -0.372
 2012 10   -0.607   -1.767   -0.847    0.855   -1.059    7.156   -0.399   -1.148   -0.066
 2012 11   -0.599   -1.368   -0.676    0.287   -3.002    4.142   -0.775   -0.893   -0.305
 2012 12   -0.633   -0.858   -0.977   -0.052   -0.143    0.737   -0.451   -0.931   -0.335
 2013  1   -0.676   -1.798    0.505   -0.676    8.970   -0.431   -3.659   -0.314   -1.038
 2013  2   -0.633   -0.836   -1.131    0.078    2.941    0.233   -1.386   -1.056   -0.211
 2013  3   -0.463   -0.289   -1.133    0.023   -4.014   -0.043   -0.531   -0.838   -0.089
 2013  4   -0.377   -0.372   -0.488   -0.273   -4.449   -0.748    0.259   -0.436   -0.318
 2013  5   -0.371   -0.283   -0.043   -0.792    0.403   -1.195    0.079   -0.115   -0.627
 2013  6   -0.322    0.146   -0.146   -0.991    0.285   -1.456   -0.056   -0.024   -0.620
 2013  7   -0.283    0.202   -0.006   -1.070    0.180   -1.123   -0.067    0.095   -0.661
 2013  8   -0.327    0.037   -0.210   -0.827   -0.035   -1.219   -0.078   -0.099   -0.555
 2013  9   -0.440   -0.491   -0.572   -0.255    0.003    1.381   -1.094   -0.520   -0.361
 2013 10   -0.472   -0.715   -0.890    0.201   -0.011    4.561   -0.704   -0.800   -0.144
 2013 11   -0.399   -0.288   -0.752   -0.164   -1.175    3.435   -1.165   -0.562   -0.236
 2013 12   -0.326    0.163   -0.819   -0.349   -4.181    0.149   -0.510   -0.455   -0.198
 2014  1   -0.347   -0.143   -0.028   -0.881   -1.104   -0.734   -1.007   -0.063   -0.631
 2014  2   -0.364   -0.036   -0.366   -0.707   -1.361   -0.066    0.635   -0.262   -0.465
 2014  3   -0.284   -0.127   -0.123   -0.611   -0.269   -0.094    1.053   -0.135   -0.434
 2014  4   -0.305   -0.515    0.092   -0.482    2.312    0.134   -0.286   -0.149   -0.461
 2014  5   -0.390   -0.518   -0.359   -0.287    0.623   -0.380   -0.524   -0.425   -0.355
 2014  6   -0.340   -0.397   -0.257   -0.361   -0.080   -1.040    0.022   -0.316   -0.363
 2014  7   -0.404   -0.826   -0.432    0.068   -0.478   -0.443   -0.173   -0.587   -0.221
 2014  8   -0.453   -0.723   -0.698    0.076   -0.549   -0.082   -0.427   -0.719   -0.187
 2014  9   -0.577   -0.967   -0.783    0.038   -0.201    0.556   -1.451   -0.845   -0.310
 2014 10   -0.607   -1.237   -0.832    0.282   -0.336    2.545   -1.350   -0.975   -0.238
 2014 11   -0.602   -1.034   -0.358   -0.390    0.034   -0.352   -0.252   -0.582   -0.622
 2014 12   -0.521   -0.877   -0.094   -0.573   -0.274   -0.547   -0.185   -0.340   -0.703
 2015  1   -0.564   -1.168    0.453   -0.946    4.632   -0.460   -2.250   -0.079   -1.049
 2015  2   -0.521   -0.389   -0.655   -0.527   -1.622   -0.026   -0.453   -0.530   -0.512
 2015  3   -0.402   -0.041   -0.952   -0.231   -3.800   -0.272   -0.456   -0.611   -0.192
 2015  4   -0.478   -0.752   -0.140   -0.529    2.115    0.236   -0.393   -0.341   -0.616
 2015  5   -0.387   -0.405   -0.183   -0.573    1.061   -0.545   -0.321   -0.278   -0.496
 2015  6   -0.311   -0.393   -0.217   -0.319    0.504    0.079   -0.957   -0.279   -0.343
 2015  7   -0.221   -0.242    0.136   -0.555    0.317   -0.597    0.140    0.004   -0.446
 2015  8   -0.287    0.413    0.357   -1.669    0.161   -1.736    0.627    0.369   -0.943
