        GLOBAL Land-Ocean Temperature Index in 0.01 degrees Celsius   base period: 1951-1980

                    sources:  GHCN-v3 1880-07/2018 + SST: ERSST v5 1880-07/2018
                    using elimination of outliers and homogeneity adjustment
                    Notes: 1950 DJF = Dec 1949 - Feb 1950 ;  ***** = missing

                                                                     AnnMean
Year   Jan  Feb  Mar  Apr  May  Jun  Jul  Aug  Sep  Oct  Nov  Dec    J-D D-N    DJF  MAM  JJA  SON  Year
1880   -29  -18  -11  -19  -11  -23  -20   -9  -15  -23  -20  -22    -18 ***   ****  -14  -17  -19  1880
1881   -15  -17    4    4    2  -20   -6   -2  -13  -20  -21  -10     -9 -10    -18    4   -9  -18  1881
1882    15   15    4  -18  -16  -25  -20   -5   -9  -24  -16  -24    -10  -9      7  -10  -17  -16  1882
1883   -31  -38  -12  -17  -20  -12   -8  -15  -20  -14  -22  -15    -19 -19    -31  -16  -11  -19  1883
1884   -15   -8  -37  -42  -36  -40  -34  -26  -27  -24  -29  -27    -29 -28    -13  -38  -33  -27  1884
1885   -59  -29  -25  -42  -42  -44  -35  -31  -23  -19  -20   -5    -31 -33    -38  -36  -37  -21  1885
1886   -42  -45  -38  -28  -26  -38  -21  -33  -25  -28  -31  -26    -32 -30    -30  -30  -31  -28  1886
1887   -72  -52  -33  -38  -32  -23  -23  -31  -22  -32  -23  -33    -34 -34    -50  -34  -26  -26  1887
1888   -37  -35  -41  -22  -22  -18   -9  -15   -9    2    1   -6    -18 -20    -35  -28  -14   -2  1888
1889   -11   19    8    7   -2  -13  -10  -19  -22  -22  -33  -29    -11  -9      1    4  -14  -26  1889
1890   -44  -45  -40  -37  -45  -27  -26  -38  -39  -24  -48  -31    -37 -37    -39  -41  -30  -37  1890
1891   -42  -47  -19  -28  -18  -20  -20  -16  -14  -21  -34   -4    -24 -26    -40  -22  -19  -23  1891
1892   -28  -11  -35  -35  -25  -24  -32  -25  -13  -12  -41  -39    -27 -24    -15  -32  -27  -22  1892
1893   -80  -54  -23  -30  -36  -28  -16  -26  -20  -16  -17  -35    -32 -32    -57  -30  -23  -18  1893
1894   -53  -33  -25  -48  -35  -44  -26  -22  -24  -21  -25  -20    -31 -32    -40  -36  -31  -23  1894
1895   -44  -42  -28  -24  -27  -24  -17  -15   -9   -8  -14  -15    -22 -23    -35  -26  -19  -10  1895
1896   -25  -14  -26  -30  -18  -14   -4   -4   -3   11   -7   -3    -11 -12    -18  -25   -7    0  1896
1897   -14  -14  -13   -2   -5  -16   -7  -11   -7  -12  -19  -19    -12 -10    -11   -7  -11  -13  1897
1898    -3  -30  -51  -33  -32  -21  -24  -25  -21  -33  -38  -25    -28 -28    -17  -39  -23  -31  1898
1899   -19  -40  -34  -21  -23  -33  -18   -7   -3   -5   12  -28    -18 -18    -28  -26  -19    1  1899
1900   -37   -3    1  -13  -10  -13  -13  -10   -4    9  -10   -7     -9 -11    -23   -7  -12   -2  1900

Year   Jan  Feb  Mar  Apr  May  Jun  Jul  Aug  Sep  Oct  Nov  Dec    J-D D-N    DJF  MAM  JJA  SON  Year
1901   -24   -4    8   -4  -16  -13  -15  -20  -22  -31  -17  -28    -15 -14    -11   -4  -16  -23  1901
1902   -19   -3  -29  -30  -35  -34  -29  -32  -29  -29  -38  -46    -30 -28    -17  -31  -32  -32  1902
1903   -25   -3  -24  -42  -44  -46  -37  -48  -48  -48  -45  -52    -39 -38    -25  -37  -44  -47  1903
1904   -67  -58  -50  -55  -56  -51  -53  -50  -53  -40  -21  -35    -49 -50    -59  -54  -51  -38  1904
1905   -39  -59  -22  -36  -33  -31  -29  -22  -18  -26  -10  -18    -29 -30    -44  -30  -27  -18  1905
1906   -27  -30  -16   -4  -24  -21  -25  -19  -26  -19  -38  -15    -22 -22    -25  -15  -22  -28  1906
1907   -41  -51  -26  -38  -47  -43  -36  -35  -33  -24  -48  -48    -39 -36    -36  -37  -38  -35  1907
1908   -43  -30  -53  -45  -41  -41  -39  -46  -35  -45  -49  -49    -43 -43    -40  -47  -42  -43  1908
1909   -68  -46  -51  -60  -56  -52  -45  -31  -35  -36  -30  -55    -47 -46    -54  -55  -43  -34  1909
1910   -44  -44  -50  -40  -35  -37  -35  -36  -36  -38  -54  -66    -43 -42    -47  -41  -36  -43  1910
1911   -63  -58  -60  -53  -52  -48  -41  -42  -37  -23  -18  -21    -43 -47    -62  -55  -43  -26  1911
1912   -26  -12  -35  -19  -22  -26  -44  -55  -51  -56  -38  -43    -35 -34    -20  -25  -42  -48  1912
1913   -41  -43  -43  -39  -47  -48  -36  -34  -35  -34  -18   -3    -35 -38    -42  -43  -39  -29  1913
1914     4  -11  -22  -29  -23  -26  -24  -14  -13   -4  -18   -8    -15 -15     -3  -24  -22  -11  1914
1915   -17    0   -9    6   -6  -20  -10  -20  -16  -25  -12  -16    -12 -11     -8   -3  -17  -18  1915
1916    -8  -12  -28  -30  -32  -46  -36  -25  -31  -27  -39  -80    -33 -27    -12  -30  -36  -32  1916
1917   -58  -61  -60  -50  -55  -43  -25  -21  -17  -40  -28  -67    -44 -45    -66  -55  -30  -28  1917
1918   -42  -31  -24  -45  -45  -35  -31  -29  -14   -5  -10  -27    -28 -31    -46  -38  -32  -10  1918
1919   -19  -22  -19  -12  -27  -37  -28  -32  -21  -18  -40  -41    -26 -25    -23  -20  -32  -27  1919
1920   -22  -22   -7  -25  -26  -35  -31  -24  -18  -26  -26  -43    -25 -25    -28  -20  -30  -23  1920

Year   Jan  Feb  Mar  Apr  May  Jun  Jul  Aug  Sep  Oct  Nov  Dec    J-D D-N    DJF  MAM  JJA  SON  Year
1921    -2  -18  -22  -29  -28  -27  -14  -23  -16   -2  -12  -16    -17 -20    -21  -26  -21  -10  1921
1922   -33  -43  -12  -23  -33  -32  -25  -30  -31  -31  -13  -18    -27 -27    -31  -23  -29  -25  1922
1923   -28  -36  -34  -39  -34  -25  -29  -29  -27  -11    1   -2    -24 -26    -27  -36  -28  -12  1923
1924   -21  -23   -6  -31  -18  -22  -25  -33  -30  -33  -19  -41    -25 -22    -15  -19  -27  -27  1924
1925   -36  -37  -25  -24  -29  -32  -27  -15  -16  -17    4    9    -20 -25    -38  -26  -25  -10  1925
1926    20    6   12  -12  -22  -22  -24  -13  -12   -9   -4  -27     -9  -6     12   -7  -20   -8  1926
1927   -27  -17  -36  -30  -25  -26  -16  -20  -10    0   -3  -33    -20 -20    -24  -30  -21   -4  1927
1928     0   -8  -27  -27  -30  -37  -18  -21  -18  -17   -9  -17    -19 -20    -14  -28  -25  -14  1928
1929   -46  -59  -31  -39  -38  -40  -33  -29  -22  -13  -12  -53    -35 -32    -41  -36  -34  -15  1929
1930   -30  -27   -8  -24  -23  -20  -19  -12  -12   -8   17   -6    -14 -18    -36  -18  -17   -1  1930
1931   -10  -24   -8  -21  -19   -7   -2   -3   -7    2  -11   -9    -10 -10    -13  -16   -4   -5  1931
1932    14  -18  -19   -6  -19  -30  -24  -23  -11  -11  -26  -25    -17 -15     -4  -15  -26  -16  1932
1933   -34  -34  -30  -26  -29  -34  -21  -24  -27  -21  -30  -46    -30 -28    -31  -28  -26  -26  1933
1934   -25   -4  -33  -30  -11  -15  -10  -11  -16   -8    3   -4    -14 -17    -25  -25  -12   -7  1934
1935   -33   15  -13  -36  -30  -27  -23  -23  -21   -8  -28  -20    -21 -19     -7  -26  -24  -19  1935
1936   -28  -39  -22  -20  -18  -21   -8  -14   -9   -4   -4   -3    -16 -17    -29  -20  -14   -6  1936
1937   -13    3  -18  -17   -8   -5   -5    1   11    8    9  -12     -4  -3     -4  -14   -3    9  1937
1938     2   -2    8    4  -10  -18   -9   -6    2   11    4  -22     -3  -2     -4    0  -11    6  1938
1939    -7   -8  -19  -10   -6   -8   -8   -7   -7   -3    6   44     -3  -8    -13  -12   -8   -2  1939
1940    -6   13   15   18    9    8   12    4   13    7   17   27     12  13     17   14    8   12  1940

Year   Jan  Feb  Mar  Apr  May  Jun  Jul  Aug  Sep  Oct  Nov  Dec    J-D D-N    DJF  MAM  JJA  SON  Year
1941    21   32    8   17   14   11   21   14    2   33   24   20     18  19     27   13   15   20  1941
1942    26    2    9   11    9    4    0   -4   -4   -1    8    7      6   7     16   10    0    1  1942
1943    -4   13   -8    7    4   -6    8    0    6   22   20   24      7   6      6    1    1   16  1943
1944    35   26   27   19   20   20   19   17   30   26   10    2     21  23     29   22   19   22  1944
1945    10   -2    7   18    5    0    3   27   22   18    7   -9      9  10      3   10   10   16  1945
1946    15    7    1    6   -8  -21  -14  -17   -7   -6   -6  -35     -7  -5      4   -1  -17   -6  1946
1947   -13   -8    7    7   -3    2   -7   -9  -13    5    2  -16     -4  -5    -19    4   -5   -2  1947
1948     7  -16  -25  -11    1   -4  -11  -12  -11   -7  -12  -23    -10 -10     -8  -12   -9  -10  1948
1949     9  -17   -3  -10   -8  -23  -14  -11  -14   -6  -10  -22    -11 -11    -10   -7  -16  -10  1949
1950   -33  -28   -7  -20  -10   -3  -10  -16  -12  -22  -38  -20    -18 -18    -28  -12  -10  -24  1950
1951   -34  -43  -21  -13    0   -2    3    6    9    5   -2   14     -6  -9    -32  -11    2    4  1951
1952    13   11   -9    2   -2   -3    4    4    7    0  -14   -1      1   2     12   -3    2   -2  1952
1953     8   14   11   18    9   10    0    6    4    6   -6    2      7   7      7   13    5    2  1953
1954   -28  -13  -15  -16  -22  -17  -19  -17  -10   -4    6  -21    -15 -13    -13  -18  -18   -3  1954
1955    14  -18  -35  -21  -21  -11  -13    1  -11   -5  -24  -30    -15 -14     -9  -25   -8  -13  1955
1956   -16  -26  -23  -27  -31  -16  -12  -26  -20  -24  -17   -8    -21 -22    -24  -27  -18  -20  1956
1957   -11   -4   -6   -1    9   16    1   15    9    1    6   16      4   2     -8    0   11    6  1957
1958    39   24   11    3    6   -8    5   -4   -2    4    2    0      7   8     26    7   -2    1  1958
1959     8    9   18   13    4    2    6   -2   -6   -9   -9   -2      3   3      6   12    2   -8  1959
1960    -1   16  -34  -14   -7   -4   -3    1    7    7  -12   18     -2  -4      5  -18   -2    1  1960

Year   Jan  Feb  Mar  Apr  May  Jun  Jul  Aug  Sep  Oct  Nov  Dec    J-D D-N    DJF  MAM  JJA  SON  Year
1961     7   19    9   12   11   11    0    3    7    0    3  -15      6   8     15   11    5    3  1961
1962     7   14   12    4   -4    4    2   -1    1    0    7    0      4   3      2    4    2    3  1962
1963    -2   20  -14   -6   -4    5    9   27   20   15   15   -1      7   7      6   -8   14   17  1963
1964    -8  -13  -23  -32  -25   -2   -3  -21  -29  -31  -21  -30    -20 -17     -7  -26   -9  -27  1964
1965    -8  -17  -11  -19  -14   -9  -12   -3  -16   -5   -6   -6    -10 -12    -18  -14   -8   -9  1965
1966   -17    0    5  -13  -11    1   10   -8   -2  -15   -2   -5     -5  -5     -8   -6    1   -6  1966
1967    -6  -21    4   -5   15   -8    1    1   -6    9   -7   -3     -2  -2    -11    5   -2   -1  1967
1968   -26  -15   21   -5  -13   -8  -12   -9  -18   11   -3  -13     -8  -7    -15    1   -9   -4  1968
1969   -11  -14    1   18   19    5   -2    3    9   13   13   28      7   3    -12   13    2   11  1969
1970     9   22    8    9   -4   -2   -2   -9   11    5    2  -12      3   6     20    4   -4    6  1970
1971    -2  -19  -17   -8   -5  -19  -11   -3   -4   -6   -5   -9     -9  -9    -11  -10  -11   -5  1971
1972   -24  -16    2    0   -3    6    1   17    2    9    4   20      1  -1    -16    0    8    5  1972
1973    29   31   27   26   25   17   10    3   10   14    6   -6     16  18     26   26   10   10  1973
1974   -15  -29   -6  -12   -2   -6   -5   11  -11   -8   -7   -9     -8  -8    -16   -6    0   -9  1974
1975     7    7   13    5   16    0   -1  -19   -3   -9  -16  -17     -1  -1      2   11   -7   -9  1975
1976    -1   -6  -21   -8  -24  -16  -10  -14   -9  -26   -4   10    -11 -13     -8  -18  -13  -13  1976
1977    19   22   25   28   30   24   20   16    0    2   17    3     17  18     17   27   20    6  1977
1978     6   14   21   15    6   -2    3  -17    5    0   15   10      6   6      8   14   -5    7  1978
1979    12  -10   18   13    5   13    2   14   25   24   28   47     16  13      4   12   10   26  1979
1980    30   42   30   33   36   17   28   23   19   18   29   20     27  29     40   33   23   22  1980

Year   Jan  Feb  Mar  Apr  May  Jun  Jul  Aug  Sep  Oct  Nov  Dec    J-D D-N    DJF  MAM  JJA  SON  Year
1981    55   41   49   31   24   32   34   32   17   14   24   43     33  31     38   35   32   18  1981
1982    10   15   -1    9   15    5   13    7   14   13   15   42     13  13     23    8    8   14  1982
1983    51   40   42   31   36   20   17   33   39   16   32   17     31  33     45   36   23   29  1983
1984    30   17   29    8   33    5   17   16   21   16    6   -5     16  18     21   23   13   14  1984
1985    22   -7   17   11   17   18   -1   14   15   11    8   15     12  10      3   15   10   11  1985
1986    28   39   27   24   24   10   11   12    0   13   11   16     18  18     27   25   11    8  1986
1987    36   45   15   22   25   37   45   28   39   32   25   48     33  31     33   21   37   32  1987
1988    57   43   51   45   44   43   35   47   41   40   12   33     41  42     49   47   41   31  1988
1989    15   35   37   33   16   14   34   37   37   32   20   38     29  29     28   29   28   30  1989
1990    41   41   76   55   46   38   43   30   29   41   45   40     44  44     40   59   37   38  1990
1991    40   49   35   52   37   53   47   39   48   30   31   32     41  42     43   41   46   36  1991
1992    44   41   47   24   32   25   12    7    0    9    3   21     22  23     39   34   15    4  1992
1993    37   39   36   26   27   25   28   13   10   22    6   16     24  24     32   30   22   13  1993
1994    27    2   26   40   28   43   31   21   29   41   46   36     31  29     15   32   32   39  1994
1995    51   78   45   47   26   41   47   47   33   47   45   28     45  45     55   39   45   42  1995
1996    25   48   32   36   27   25   35   49   26   19   41   40     34  33     34   32   36   29  1996
1997    32   38   53   36   36   54   35   41   54   62   65   59     47  45     37   41   43   60  1997
1998    60   90   64   63   69   77   69   66   41   45   49   56     62  63     70   65   71   45  1998
1999    48   65   34   32   31   37   37   31   41   39   38   43     40  41     56   33   35   39  1999
2000    24   56   58   57   36   41   39   42   41   28   33   30     40  42     41   50   41   34  2000

Year   Jan  Feb  Mar  Apr  May  Jun  Jul  Aug  Sep  Oct  Nov  Dec    J-D D-N    DJF  MAM  JJA  SON  Year
2001    43   44   56   51   57   54   60   48   54   51   70   56     54  51     39   54   54   58  2001
2002    75   76   90   56   64   55   61   53   63   55   58   44     63  64     69   70   57   59  2002
2003    73   55   58   53   61   48   54   65   65   74   53   74     61  59     57   57   56   64  2003
2004    59   72   64   63   39   43   24   44   50   63   71   51     54  55     68   55   37   61  2004
2005    72   57   69   67   63   66   64   61   75   76   72   65     67  66     60   66   64   74  2005
2006    56   69   62   50   47   64   52   70   62   67   70   73     62  61     63   53   62   66  2006
2007    95   70   69   74   66   58   60   57   60   57   55   46     64  66     79   69   59   57  2007
2008    23   34   73   51   47   45   59   43   63   63   65   53     51  51     34   57   49   63  2008
2009    61   51   52   58   64   65   69   65   68   63   76   65     63  62     55   58   67   69  2009
2010    73   80   92   85   73   62   59   63   58   69   77   46     70  71     73   83   61   68  2010
2011    48   51   62   62   51   56   71   70   54   63   55   53     58  57     48   58   66   57  2011
2012    44   47   55   68   74   62   54   60   72   75   73   52     61  61     48   66   59   73  2012
2013    66   55   66   53   58   65   57   66   76   67   78   65     64  63     58   59   63   74  2013
2014    73   52   76   77   85   66   56   80   88   81   66   78     73  72     63   79   67   78  2014
2015    81   86   90   75   76   79   71   78   82  107  103  110     87  84     82   80   76   97  2015
2016   115  134  131  108   91   78   82  100   87   89   90   82     99 101    120  110   87   89  2016
2017    96  112  112   92   89   71   81   87   75   87   84   88     89  89     96   98   79   82  2017
2018    77   81   91   87   82   76   78 **** **** **** **** ****   **** ***     82   86 **** ****  2018
Year   Jan  Feb  Mar  Apr  May  Jun  Jul  Aug  Sep  Oct  Nov  Dec    J-D D-N    DJF  MAM  JJA  SON  Year

Divide by 100 to get changes in degrees Celsius (deg-C).
Multiply that result by 1.8(=9/5) to get changes in degrees Fahrenheit (deg-F).

Example      --      Table Value :      40
                          change :    0.40 deg-C  or  0.72 deg-F