  1991.0411   356.0661   355.8302   355.9035   355.6675      1
  1991.1260     0.0000     0.0000   356.5047   355.6815      0
  1991.2027     0.0000     0.0000   357.2531   355.6943      0
  1991.2877   358.4246   355.7132   358.4207   355.7093      2
  1991.3699   359.2521   356.0629   358.9139   355.7247      3
  1991.4548   358.1975   355.7847   358.1549   355.7421      1
  1991.5370   355.8071   355.1837   356.3859   355.7625      2
  1991.6219     0.0000     0.0000   353.9917   355.7899      0
  1991.7068     0.0000     0.0000   352.3642   355.8249      0
  1991.7890   352.1017   355.4518   352.5162   355.8663      1
  1991.8740   353.8167   355.9075   353.8261   355.9169      2
  1991.9562   354.8235   355.5799   355.2168   355.9732      2
  1992.0410   356.2981   356.0631   356.2726   356.0377      3
  1992.1257   356.7072   355.8863   356.9267   356.1058      2
  1992.2049   358.2894   356.7030   357.7568   356.1704      1
  1992.2896   359.0903   356.3559   358.9721   356.2377      2
  1992.3716   359.6224   356.4361   359.4852   356.2989      3
  1992.4563   359.2725   356.8839   358.7449   356.3563      2
  1992.5383   356.8494   356.2599   356.9944   356.4048      1
  1992.6230   354.9005   356.7269   354.6226   356.4491      2
  1992.7077   352.8731   356.3412   353.0208   356.4888      1
  1992.7896   353.0628   356.4068   353.1812   356.5253      3
  1992.8743   354.4402   356.5251   354.4785   356.5634      2
  1992.9563   356.0257   356.7804   355.8483   356.6029      2
  1993.0411   356.8008   356.5648   356.8845   356.6485      2
  1993.1260   356.6880   355.8647   357.5247   356.7014      2
  1993.2027   358.3052   356.7464   358.3153   356.7566      2
  1993.2877   359.5274   356.8161   359.5360   356.8246      2
  1993.3699   360.5611   357.3719   360.0848   356.8956      2
  1993.4548   359.6161   357.2033   359.3852   356.9724      2
  1993.5370   358.1972   357.5738   357.6729   357.0495      1
  1993.6219   355.3548   357.1530   355.3350   357.1332      2
  1993.7068   353.6960   357.1567   353.7625   357.2232      2
  1993.7890   353.5622   356.9123   353.9681   357.3182      3
  1993.8740   355.8533   357.9441   355.3350   357.4258      1
  1993.9562   356.5000   357.2564   356.7827   357.5391      1
  1994.0411   358.0574   357.8215   357.9014   357.6655      2
  1994.1260   358.4693   357.6461   358.6246   357.8013      2
  1994.2027   359.3444   357.7856   359.4912   357.9324      2
  1994.2877   360.8655   358.1541   360.7975   358.0861      3
  1994.3699   361.4517   358.2625   361.4313   358.2421      2
  1994.4548   360.8259   358.4131   360.8228   358.4100      2
  1994.5370   359.0587   358.4353   359.2019   358.5785      2
  1994.6219   357.1313   358.9295   356.9601   358.7583      2
  1994.7068   355.1333   358.5940   355.4821   358.9429      3
  1994.7890   356.0137   359.3638   355.7755   359.1256      2
  1994.8740   357.5071   359.5979   357.2263   359.3171      1
  1994.9562   359.0512   359.8076   358.7468   359.5032      3
  1995.0411   359.5456   359.3096   359.9312   359.6953      2
  1995.1260   360.7576   359.9343   360.7105   359.8873      2
  1995.2027   361.5122   359.9534   361.6194   360.0606      2
  1995.2877   362.6385   359.9272   362.9632   360.2518      2
  1995.3699   363.1167   359.9275   363.6246   360.4354      2
  1995.4548   363.3926   360.9797   363.0336   360.6208      3
  1995.5370   361.9978   361.3744   361.4155   360.7921      2
  1995.6219   359.0482   360.8464   359.1605   360.9586      2
  1995.7068   358.2067   361.6674   357.6531   361.1139      2
  1995.7890   357.5277   360.8778   357.9036   361.2537      2
  1995.8740   359.4387   361.5295   359.2987   361.3895      2
  1995.9562   360.4472   361.2036   360.7576   361.5140      2
  1996.0410   362.5411   362.3061   361.8712   361.6362      1
  1996.1257   362.2660   361.4451   362.5734   361.7525      1
  1996.2049   363.1439   361.5574   363.4436   361.8572      2
  1996.2896   364.6254   361.8910   364.6996   361.9652      2
  1996.3716   365.0865   361.9002   365.2523   362.0660      2
  1996.4563   364.9706   362.5820   364.5540   362.1654      2
  1996.5383   363.4734   362.8838   362.8458   362.2562      2
  1996.6230   360.4170   362.2434   360.5185   362.3449      2
  1996.7077   358.5743   362.0424   358.9623   362.4303      2
  1996.7896   359.3236   362.6677   359.1679   362.5120      2
  1996.8743   360.8290   362.9139   360.5120   362.5970      2
  1996.9563   361.8671   362.6217   361.9270   362.6817      2
  1997.0411   362.6951   362.4591   363.0106   362.7747      3
  1997.1260   363.9399   363.1166   363.6991   362.8759      1
  1997.2027   364.2906   362.7318   364.5341   362.9754      2
  1997.2877   366.4127   363.7014   365.8067   363.0954      2
  1997.3699   366.4386   363.2494   366.4111   363.2219      3
  1997.4548   365.0856   362.6728   365.7786   363.3658      2
  1997.5370   364.0028   363.3794   364.1439   363.5204      2
  1997.6219   362.1962   363.9943   361.8986   363.6968      2
  1997.7068   360.0418   363.5025   360.4293   363.8900      1
  1997.7890   360.5299   363.8800   360.7430   364.0931      3
  1997.8740   362.1694   364.2602   362.2283   364.3191      2
  1997.9562   363.9007   364.6571   363.7954   364.5518      1
  1998.0411   364.7120   364.4761   365.0405   364.8045      2
  1998.1260   365.9000   365.0767   365.8908   365.0676      2
  1998.2027   366.5125   364.9537   366.8703   365.3115      2
  1998.2877   368.2805   365.5692   368.2965   365.5851      2
  1998.3699   369.1096   365.9204   369.0380   365.8488      2
  1998.4548   368.5007   366.0879   368.5278   366.1150      3
  1998.5370   367.7647   367.1413   366.9849   366.3615      2
  1998.6219   364.4444   366.2426   364.8017   366.5999      1
  1998.7068   363.8475   367.3082   363.3584   366.8191      2
  1998.7890   363.8657   367.2158   363.6619   367.0120      2
  1998.8740   365.5469   367.6377   365.1008   367.1916      2
  1998.9562   367.3884   368.1448   366.5911   367.3475      1
  1999.0411   367.5850   367.3491   367.7294   367.4935      2
  1999.1260   368.2754   367.4522   368.4526   367.6293      2
  1999.2027   368.4008   366.8420   369.3061   367.7474      2
  1999.2877   370.7863   368.0750   370.5867   367.8753      3
  1999.3699   370.6564   367.4672   371.1862   367.9970      2
  1999.4548   370.1418   367.7290   370.5345   368.1216      2
  1999.5370   369.6540   369.0306   368.8632   368.2398      2
  1999.6219   366.7968   368.5950   366.5585   368.3567      2
  1999.7068   365.0812   368.5419   365.0075   368.4682      1
  1999.7890   365.1832   368.5333   365.2221   368.5722      2
  1999.8740   366.3060   368.3968   366.5862   368.6770      2
  1999.9562   368.0634   368.8198   368.0208   368.7772      2
  2000.0410   369.5768   369.3418   369.1145   368.8796      2
  2000.1257   369.6343   368.8134   369.8020   368.9811      2
  2000.2049   370.7037   369.1172   370.6632   369.0767      3
  2000.2896   372.1450   369.4106   371.9161   369.1817      2
  2000.3716   371.8365   368.6501   372.4747   369.2884      2
  2000.4563   371.2425   368.8539   371.7955   369.4069      2
  2000.5383   369.8110   369.2215   370.1194   369.5299      2
  2000.6230   367.9762   369.8026   367.8366   369.6630      2
  2000.7077   366.6794   370.1475   366.3299   369.7980      3
  2000.7896   367.0430   370.3871   366.5831   369.9272      2
  2000.8743   368.2944   370.3794   367.9729   370.0578      1
  2000.9563   369.3683   370.1230   369.4272   370.1819      3
  2001.0411   369.9248   369.6888   370.5455   370.3095      2
  2001.1260   371.8521   371.0288   371.2612   370.4379      2
  2001.2027   372.5261   370.9673   372.1133   370.5545      2
  2001.2877   373.2489   370.5375   373.3969   370.6855      2
  2001.3699   373.7755   370.5863   374.0057   370.8165      3
  2001.4548   373.1823   370.7695   373.3713   370.9585      2
  2001.5370   371.1703   370.5469   371.7267   371.1033      2
  2001.6219   369.4859   371.2841   369.4618   371.2600      2
  2001.7068   367.7878   371.2485   367.9610   371.4217      2
  2001.7890   368.6915   372.0416   368.2302   371.5803      3
  2001.8740   369.9904   372.0812   369.6530   371.7438      2
  2001.9562   371.7066   372.4630   371.1445   371.9009      1
  2002.0411   372.5256   372.2897   372.2993   372.0633      2
  2002.1260   372.8340   372.0107   373.0516   372.2283      2
  2002.2027   374.1261   372.5674   373.9411   372.3823      2
  2002.2877   374.7205   372.0091   375.2722   372.5609      2
  2002.3699   375.7477   372.5585   375.9336   372.7444      3
  2002.4548   375.3495   372.9367   375.3595   372.9467      2
  2002.5370   373.9246   373.3012   373.7782   373.1548      2
  2002.6219   371.0307   372.8289   371.5842   373.3824      2
  2002.7068   369.9710   373.4317   370.1617   373.6224      2
  2002.7890   370.3605   373.7106   370.5139   373.8640      3
  2002.8740   372.0359   374.1267   372.0291   374.1199      2
  2002.9562   373.9504   374.7068   373.6138   374.3702      2
  2003.0411   374.9042   374.6683   374.8636   374.6277      2
  2003.1260   375.7615   374.9383   375.7044   374.8811      2
  2003.2027   376.2866   374.7278   376.6627   375.1039      2
  2003.2877   378.2134   375.5020   378.0528   375.3414      3
  2003.3699   379.4993   376.3101   378.7482   375.5590      1
  2003.4548   378.2088   375.7959   378.1811   375.7683      1
  2003.5370   376.6762   376.0528   376.5778   375.9544      3
  2003.6219   374.9289   376.7271   374.3307   376.1288      2
  2003.7068   373.0586   376.5194   372.8240   376.2847      2
  2003.7890   372.9815   376.3316   373.0696   376.4197      2
  2003.8740   374.5678   376.6586   374.4552   376.5460      2
  2003.9562   375.6220   376.3784   375.9027   376.6591      3
  2004.0410   376.6797   376.4447   377.0054   376.7704      2
  2004.1257   377.1831   376.3622   377.6994   376.8785      1
  2004.2049   379.4209   377.8345   378.5640   376.9776      1
  2004.2896   380.7456   378.0112   379.8159   377.0815      2
  2004.3716   380.2159   377.0296   380.3685   377.1822      2
  2004.4563   379.8309   377.4423   379.6803   377.2917      3
  2004.5383   376.6312   376.0417   377.9977   377.4082      2
  2004.6230   375.6722   377.4986   375.7176   377.5440      2
  2004.7077   374.0783   377.5464   374.2285   377.6965      2
  2004.7896   374.2304   377.5745   374.5154   377.8595      1
  2004.8743   376.1093   378.1942   375.9572   378.0421      1
  2004.9563   377.3155   378.0701   377.4761   378.2308      3
  2005.0411   378.6002   378.3642   378.6727   378.4368      2
  2005.1260   379.9671   379.1439   379.4754   378.6521      2
  2005.2027   379.7562   378.1974   380.4105   378.8517      2
  2005.2877   382.4618   379.7505   381.7872   379.0759      2
  2005.3699   381.8529   378.6637   382.4827   379.2935      2
  2005.4548   382.0176   379.6048   381.9296   379.5168      3
  2005.5370   381.0209   380.3974   380.3522   379.7288      2
  2005.6219   378.1041   379.9023   378.1431   379.9412      2
  2005.7068   376.8027   380.2634   376.6856   380.1463      2
  2005.7890   376.9266   380.2767   376.9880   380.3381      2
  2005.8740   378.3329   380.4237   378.4392   380.5300      3
  2005.9562   379.8598   380.6162   379.9531   380.7095      1
  2006.0411     0.0000     0.0000   381.1240   380.8881      0
  2006.1260     0.0000     0.0000   381.8821   381.0589      0
  2006.2027   383.1703   381.6115   382.7644   381.2057      1
  2006.2877   384.4731   381.7617   384.0708   381.3594      1
  2006.3699   385.3512   382.1620   384.6887   381.4995      3
  2006.4548   383.9948   381.5820   384.0492   381.6364      3
  2006.5370   382.3423   381.7188   382.3888   381.7654      4
  2006.6219   380.0605   381.8587   380.1021   381.9003      5
  2006.7068   377.6464   381.1071   378.5811   382.0418      2
  2006.7890   378.8291   382.1792   378.8385   382.1886      4
  2006.8740   380.0748   382.1656   380.2608   382.3516      5
  2006.9562   381.5729   382.3293   381.7634   382.5198      3
  2007.0411   382.4245   382.1886   382.9384   382.7025      2
  2007.1260   384.2014   383.3782   383.7135   382.8902      4
  2007.2027   384.4843   382.9255   384.6184   383.0596      3
  2007.2877   386.4189   383.7076   385.9554   383.2441      4
  2007.3699   386.5166   383.3274   386.6070   383.4178      5
  2007.4548   385.8902   383.4773   386.0057   383.5928      4
  2007.5370   384.6075   383.9841   384.3825   383.7590      4
  2007.6219   381.8092   383.6073   382.1309   383.9291      5
  2007.7068   380.8827   384.3435   380.6379   384.0986      3
  2007.7890   380.8254   384.1755   380.9110   384.2611      4
  2007.8740   382.3047   384.3955   382.3362   384.4270      4
  2007.9562   383.7828   384.5392   383.8284   384.5848      3
  2008.0410   385.6792   385.4442   384.9789   384.7439      4
  2008.1257   385.3597   384.5388   385.7195   384.8986      4
  2008.2049   386.9491   385.3626   386.6283   385.0418      4
  2008.2896   386.9598   384.2254   387.9306   385.1962      4
  2008.3716   388.3550   385.1687   388.5345   385.3482      4
  2008.4563   388.3326   385.9440   387.8930   385.5044      4
  2008.5383   386.5188   385.9293   386.2388   385.6493      5
  2008.6230   383.6920   385.5184   383.9636   385.7900      4
  2008.7077   382.8772   386.3453   382.4540   385.9221      4
  2008.7896   382.6960   386.0401   382.6981   386.0422      5
  2008.8743   384.0464   386.1313   384.0755   386.1605      4
  2008.9563   385.3385   386.0931   385.5180   386.2726      4
  2009.0411   386.8546   386.6186   386.6244   386.3885      5
  2009.1260   387.1111   386.2879   387.3284   386.5051      4
  2009.2027   388.8238   387.2650   388.1710   386.6123      4
  2009.2877   388.9895   386.2781   389.4473   386.7359      5
  2009.3699   389.9765   386.7873   390.0560   386.8668      4
  2009.4548   389.2516   386.8387   389.4294   387.0166      4
  2009.5370   387.5224   386.8990   387.8007   387.1773      5
  2009.6219   385.7306   387.5288   385.5613   387.3594      4
  2009.7068   384.3092   387.7699   384.0944   387.5551      5
  2009.7890   384.2830   387.6331   384.4057   387.7558      4
  2009.8740   385.8641   387.9549   385.8840   387.9748      4
  2009.9562   386.9954   387.7518   387.4408   388.1972      5
  2010.0411   388.0090   387.7730   388.6718   388.4358      4
  2010.1260   389.9308   389.1076   389.5007   388.6774      4
  2010.2027   390.6404   389.0816   390.4500   388.8912      5
  2010.2877   392.4441   389.7328   391.8289   389.1176      4
  2010.3699   392.9326   389.7435   392.5114   389.3222      4
  2010.4548   392.0436   389.6308   391.9301   389.5173      5
  2010.5370   390.0745   389.4511   390.3177   389.6943      4
  2010.6219   387.8906   389.6887   388.0719   389.8701      5
  2010.7068   386.3213   389.7820   386.5812   390.0419      4
  2010.7890   386.7701   390.1202   386.8553   390.2054      3
  2010.8740   388.2680   390.3588   388.2787   390.3695      2
  2010.9562   390.0278   390.7842   389.7652   390.5216      1
  2011.0411   392.2572   392.0213   390.9054   390.6695      2
  2011.1260   392.6473   391.8241   391.6308   390.8075      1
  2011.2027   391.3827   389.8239   392.4866   390.9278      1
  2011.2877   393.8574   391.1461   393.7740   391.0627      2
  2011.3699   393.7087   390.5195   394.3888   391.1996      4
  2011.4548   393.4996   391.0868   393.7623   391.3495      5
  2011.5370   392.5051   391.8817   392.1240   391.5006      4
  2011.6219   389.9930   391.7912   389.8614   391.6596      4
  2011.7068   388.3607   391.8215   388.3593   391.8200      4
  2011.7890   388.7745   392.1246   388.6259   391.9760      4
  2011.8740   390.0875   392.1783   390.0470   392.1378      3
  2011.9562   391.7619   392.5183   391.5401   392.2965      4
  2012.0410   392.6279   392.3929   392.6999   392.4649      4
  2012.1257   393.1305   392.3097   393.4627   392.6419      4
  2012.2049   394.1014   392.5150   394.4047   392.8183      4
  2012.2896   396.1326   393.3982   395.7519   393.0175      3
  2012.3716   396.5038   393.3175   396.4045   393.2182      5
  2012.4563   395.8113   393.4227   395.8237   393.4351      4
  2012.5383   393.9334   393.3439   394.2460   393.6564      5
  2012.6230   392.1622   393.9886   392.0708   393.8972      4
  2012.7077   390.7265   394.1945   390.6809   394.1489      4
  2012.7896   390.7649   394.1090   391.0574   394.4015      5
  2012.8743   392.9644   395.0493   392.5844   394.6694      4
  2012.9563   394.2735   395.0281   394.1768   394.9315      4
  2013.0411   395.3276   395.0917   395.4386   395.2026      5
  2013.1260   396.3986   395.5753   396.2964   395.4731      4
  2013.2027   397.5984   396.0396   397.2746   395.7158      4
  2013.2877   398.4330   395.7216   398.6946   395.9832      5
  2013.3699   399.7523   396.5631   399.4316   396.2424      4
  2013.4548   398.6555   396.2427   398.9233   396.5105      4
  2013.5370   397.4207   396.7972   397.3938   396.7704      4
  2013.6219     0.0000     0.0000   395.2408   397.0390      0
  2013.7068     0.0000     0.0000   393.8469   397.3076      0
  2013.7890     0.0000     0.0000   394.2175   397.5676      0
  2013.8740     0.0000     0.0000   395.7454   397.8362      0
  2013.9562     0.0000     0.0000   397.3397   398.0961      0
