  1991.0411  -126.5822  -121.5473  -114.8016  -109.7667      1
  1991.1260     0.0000     0.0000  -120.9158  -109.8282      0
  1991.2027     0.0000     0.0000  -124.4490  -109.9000      0
  1991.2877  -126.6297  -105.7672  -130.8805  -110.0180      2
  1991.3699  -126.8728  -105.8054  -131.2518  -110.1844      3
  1991.4548  -136.2890  -124.9803  -121.7213  -110.4125      1
  1991.5370  -109.0535  -110.6918  -109.0412  -110.6795      2
  1991.6219     0.0000     0.0000   -94.9997  -111.0021      0
  1991.7068     0.0000     0.0000   -87.0518  -111.3854      0
  1991.7890   -90.9980  -112.2862   -90.5347  -111.8228      1
  1991.8740   -97.2352  -111.2562   -98.3315  -112.3524      2
  1991.9562  -108.4352  -114.0765  -107.3073  -112.9487      2
  1992.0410  -116.4782  -111.4557  -118.6800  -113.6575      3
  1992.1257  -116.6820  -105.6083  -125.5416  -114.4678      2
  1992.2049  -141.5943  -126.9061  -130.0098  -115.3216      1
  1992.2896  -130.2547  -109.2748  -137.3010  -116.3212      2
  1992.3716  -137.8520  -116.8985  -138.3097  -117.3561      3
  1992.4563  -133.2198  -122.1300  -129.5540  -118.4642      2
  1992.5383  -117.8249  -119.6750  -117.6829  -119.5330      1
  1992.6230  -113.3601  -129.5228  -104.4392  -120.6019      2
  1992.7077  -103.2162  -127.5692   -97.2561  -121.6091      1
  1992.7896  -105.3375  -126.5800  -101.2796  -122.5220      3
  1992.8743  -112.5816  -126.5725  -109.4340  -123.4249      2
  1992.9563  -118.7613  -124.3880  -118.6729  -124.2997      2
  1993.0411  -126.7509  -121.7160  -130.2946  -125.2597      2
  1993.1260  -123.1232  -112.0357  -137.4262  -126.3386      1
  1993.2027  -139.6977  -125.1488  -141.9928  -127.4438      2
  1993.2877  -135.6974  -114.8349  -149.6868  -128.8243      2
  1993.3699  -157.3688  -136.3014  -151.3846  -130.3172      2
  1993.4548  -140.5792  -129.2705  -143.3007  -131.9920      2
  1993.5370     0.0000     0.0000  -132.0714  -133.7097      0
  1993.6219  -119.0525  -135.0549  -119.5484  -135.5508      2
  1993.7068  -114.8743  -139.2078  -113.0870  -137.4205      2
  1993.7890  -123.8106  -145.0988  -117.9320  -139.2201      3
  1993.8740  -137.3187  -151.3396  -127.0240  -141.0450      1
  1993.9562  -136.1109  -141.7522  -137.1312  -142.7726      1
  1994.0411  -148.4960  -143.4612  -149.5642  -144.5293      2
  1994.1260  -153.6240  -142.5364  -157.3609  -146.2733      2
  1994.2027  -161.6141  -147.0651  -162.3950  -147.8460      2
  1994.2877  -171.3196  -150.4571  -170.4447  -149.5822      3
  1994.3699  -171.1326  -150.0652  -172.3191  -151.2517      2
  1994.4548  -164.6287  -153.3200  -164.2726  -152.9639      2
  1994.5370  -148.5067  -150.1450  -152.9673  -154.6056      2
  1994.6219  -141.5807  -157.5831  -140.2768  -156.2792      2
  1994.7068  -132.7613  -157.0948  -133.5809  -157.9144      3
  1994.7890  -137.4098  -158.6979  -138.1599  -159.4480      2
  1994.8740  -151.8472  -165.8681  -146.9452  -160.9662      1
  1994.9562  -164.0418  -169.6831  -156.7137  -162.3551      3
  1995.0411  -170.2450  -165.2102  -168.7368  -163.7019      2
  1995.1260  -177.4992  -166.4116  -176.0669  -164.9794      2
  1995.2027  -179.2723  -164.7234  -180.6499  -166.1010      2
  1995.2877  -188.3796  -167.5171  -188.2041  -167.3416      2
  1995.3699  -183.2855  -162.2180  -189.6469  -168.5795      2
  1995.4548  -178.8392  -167.5305  -181.2356  -169.9269      3
  1995.5370  -171.9639  -173.6022  -169.6705  -171.3088      2
  1995.6219  -160.8414  -176.8438  -156.8191  -172.8215      2
  1995.7068  -153.0859  -177.4194  -150.0948  -174.4283      2
  1995.7890  -150.8960  -172.1842  -154.8054  -176.0935      2
  1995.8740  -156.2593  -170.2803  -163.9373  -177.9583      2
  1995.9562  -168.2993  -173.9407  -174.2748  -179.9161      2
  1996.0410  -193.6707  -188.6482  -187.1026  -182.0801      1
  1996.1257  -189.5418  -178.4681  -195.4316  -184.3579      1
  1996.2049  -198.3744  -183.6862  -201.2585  -186.5703      2
  1996.2896  -207.6056  -186.6257  -209.9732  -188.9934      2
  1996.3716  -212.2619  -191.3083  -212.3149  -191.3614      2
  1996.4563  -210.0612  -198.9713  -204.8769  -193.7871      2
  1996.5383  -202.2252  -204.0753  -194.2224  -196.0725      2
  1996.6230  -175.6544  -191.8171  -182.1805  -198.3432      2
  1996.7077  -166.5112  -190.8641  -176.1528  -200.5057      2
  1996.7896  -190.4183  -211.6608  -181.2212  -202.4636      2
  1996.8743  -197.2320  -211.2228  -190.3106  -204.3015      2
  1996.9563  -204.2776  -209.9044  -200.2452  -205.8719      2
  1997.0411  -214.3347  -209.2998  -212.3095  -207.2747      3
  1997.1260  -223.2508  -212.1632  -219.5541  -208.4665      1
  1997.2027  -225.7114  -211.1624  -223.9287  -209.3797      2
  1997.2877  -234.4655  -213.6030  -231.1013  -210.2388      2
  1997.3699  -235.1680  -214.1005  -232.0221  -210.9547      3
  1997.4548  -223.2546  -211.9458  -222.9359  -211.6271      2
  1997.5370  -211.0444  -212.6827  -210.6374  -212.2757      2
  1997.6219  -193.2258  -209.2282  -197.0108  -213.0132      2
  1997.7068  -171.3844  -195.7180  -189.5553  -213.8889      2
  1997.7890  -186.3866  -207.6747  -193.6263  -214.9144      2
  1997.8740  -202.7066  -216.7275  -202.1317  -216.1527      2
  1997.9562  -208.3864  -214.0277  -211.8489  -217.4902      1
  1998.0411  -218.2661  -213.2312  -224.0124  -218.9775      2
  1998.1260  -232.0375  -220.9500  -231.6137  -220.5261      2
  1998.2027  -237.3703  -222.8213  -236.4785  -221.9295      2
  1998.2877  -257.1813  -236.3188  -244.2936  -223.4311      2
  1998.3699  -254.5323  -233.4648  -245.8509  -224.7835      2
  1998.4548  -240.0067  -228.6980  -237.3711  -226.0624      3
  1998.5370  -219.3879  -221.0262  -225.5715  -227.2098      2
  1998.6219  -201.7969  -217.7993  -212.3361  -228.3385      1
  1998.7068  -206.4688  -230.8024  -205.0903  -229.4239      2
  1998.7890  -210.0739  -231.3620  -209.1426  -230.4307      2
  1998.8740  -218.2975  -232.3185  -217.3999  -231.4208      2
  1998.9562  -232.3093  -237.9507  -226.6884  -232.3297      1
  1999.0411  -239.7348  -234.7000  -238.2595  -233.2246      2
  1999.1260  -248.3690  -237.2814  -245.1773  -234.0897      2
  1999.2027  -246.0124  -231.4635  -249.4133  -234.8644      2
  1999.2877  -257.8436  -236.9811  -256.6018  -235.7393      3
  1999.3699  -251.6572  -230.5897  -257.6966  -236.6292      2
  1999.4548  -245.4538  -234.1451  -248.9331  -237.6244      2
  1999.5370  -239.9621  -241.6004  -237.0339  -238.6722      2
  1999.6219  -225.7461  -241.7485  -223.8380  -239.8404      2
  1999.7068  -210.1057  -234.4393  -216.7625  -241.0960      2
  1999.7890  -224.3768  -245.6650  -221.1034  -242.3915      2
  1999.8740  -230.6384  -244.6593  -229.7801  -243.8010      2
  1999.9562  -240.3823  -246.0236  -239.5880  -245.2293      2
  2000.0410  -253.9527  -248.9302  -251.7930  -246.7705      2
  2000.1257  -257.2881  -246.2144  -259.4507  -248.3770      2
  2000.2049  -267.3371  -252.6489  -264.6330  -249.9448      3
  2000.2896  -270.0455  -249.0657  -272.6789  -251.6990      2
  2000.3716  -265.7723  -244.8188  -274.4409  -253.4873      2
  2000.4563  -264.4413  -253.3515  -266.5276  -255.4378      2
  2000.5383  -253.6822  -255.5323  -255.5595  -257.4096      2
  2000.6230  -244.0455  -260.2082  -243.3396  -259.5023      2
  2000.7077  -241.1834  -265.5363  -237.2610  -261.6140      3
  2000.7896  -244.4172  -265.6597  -242.4042  -263.6466      2
  2000.8743  -251.4617  -265.4526  -251.7275  -265.7184      1
  2000.9563  -261.2278  -266.8545  -262.0601  -267.6869      3
  2001.0411  -263.7194  -258.6846  -274.7130  -269.6782      2
  2001.1260  -290.3331  -279.2455  -282.6986  -271.6110      2
  2001.2027  -296.6341  -282.0851  -287.8247  -273.2758      2
  2001.2877  -299.8507  -278.9882  -295.8697  -275.0072      2
  2001.3699  -296.8421  -275.7747  -297.6388  -276.5714      3
  2001.4548  -286.2175  -274.9088  -289.3999  -278.0912      2
  2001.5370  -278.6472  -280.2855  -277.8453  -279.4836      2
  2001.6219  -267.8908  -283.8932  -264.8485  -280.8509      2
  2001.7068  -257.5559  -281.8895  -257.8232  -282.1567      2
  2001.7890  -264.8114  -286.0995  -262.0928  -283.3810      3
  2001.8740  -266.9484  -280.9693  -270.6082  -284.6291      2
  2001.9562  -287.0182  -292.6595  -280.2117  -285.8531      2
  2002.0411  -288.5415  -283.5066  -292.2022  -287.1673      2
  2002.1260  -292.1833  -281.0957  -299.6582  -288.5706      2
  2002.2027  -305.6029  -291.0539  -304.4885  -289.9396      2
  2002.2877  -304.4483  -283.5858  -312.4380  -291.5755      2
  2002.3699  -316.4879  -295.4205  -314.3437  -293.2762      3
  2002.4548  -307.2105  -295.9018  -306.4502  -295.1415      2
  2002.5370  -294.5404  -296.1787  -295.3992  -297.0375      2
  2002.6219  -282.8270  -298.8294  -283.0815  -299.0839      2
  2002.7068  -274.7283  -299.0619  -276.8786  -301.2121      2
  2002.7890  -283.2694  -304.5576  -282.0478  -303.3359      3
  2002.8740  -293.9706  -307.9915  -291.5539  -305.5749      2
  2002.9562  -287.4008  -293.0421  -302.1311  -307.7724      1
  2003.0411  -312.5610  -307.5261  -315.1003  -310.0654      2
  2003.1260  -325.1269  -314.0393  -323.4374  -312.3499      2
  2003.2027  -328.2904  -313.7415  -328.9187  -314.3698      2
  2003.2877  -343.4217  -322.5592  -337.3869  -316.5244      3
  2003.3699  -348.8476  -327.7801  -339.5715  -318.5041      1
  2003.4548  -331.2232  -319.9145  -331.7445  -320.4358      1
  2003.5370  -318.7220  -320.3603  -320.5681  -322.2064      3
  2003.6219  -309.6905  -325.6929  -307.9510  -323.9534      2
  2003.7068  -306.9705  -331.3040  -301.2996  -325.6332      2
  2003.7890  -307.1686  -328.4568  -305.9203  -327.2084      2
  2003.8740  -307.3100  -321.3309  -314.7907  -328.8116      2
  2003.9562  -322.4167  -328.0580  -324.7248  -330.3661      3
  2004.0410  -331.4541  -326.4316  -337.0064  -331.9839      2
  2004.1257  -341.0680  -329.9942  -344.6844  -333.6107      1
  2004.2049  -356.4806  -341.7924  -349.8135  -335.1253      2
  2004.2896  -363.3356  -342.3558  -357.6989  -336.7191      2
  2004.3716  -354.9609  -334.0073  -359.1879  -338.2344      2
  2004.4563  -351.0965  -340.0067  -350.8717  -339.7819      3
  2004.5383  -339.4865  -341.3365  -339.4177  -341.2678      2
  2004.6230  -326.8354  -342.9981  -326.6316  -342.7943      2
  2004.7077  -325.1368  -349.4898  -319.9590  -344.3119      2
  2004.7896  -322.6586  -343.9011  -324.5370  -345.7794      1
  2004.8743  -335.5094  -349.5003  -333.3226  -347.3135      1
  2004.9563  -341.2891  -346.9158  -343.2064  -348.8331      3
  2005.0411  -353.6547  -348.6198  -355.5010  -350.4662      2
  2005.1260  -366.0547  -354.9671  -363.2701  -352.1826      2
  2005.2027  -356.6420  -342.0931  -368.3587  -353.8097      2
  2005.2877  -379.0440  -358.1815  -376.5597  -355.6972      2
  2005.3699  -369.7056  -348.6382  -378.6608  -357.5934      2
  2005.4548  -374.9488  -363.6401  -370.9066  -359.5979      3
  2005.5370  -363.7128  -365.3511  -359.9071  -361.5454      2
  2005.6219  -352.4908  -368.4932  -347.5348  -363.5372      2
  2005.7068  -339.4755  -363.8091  -341.1588  -365.4924      2
  2005.7890  -346.5166  -367.8047  -346.0602  -367.3483      2
  2005.8740  -353.7013  -367.7222  -355.2072  -369.2281      3
  2005.9562  -369.2103  -374.8517  -365.3627  -371.0040      1
  2006.0411     0.0000     0.0000  -377.8185  -372.7836      0
  2006.1260     0.0000     0.0000  -385.5877  -374.5001      0
  2006.2027  -397.5340  -382.9851  -390.5423  -375.9934      1
  2006.2877  -409.9523  -389.0898  -398.4466  -377.5841      1
  2006.3699  -403.4816  -382.4142  -400.1388  -379.0713      3
  2006.4548  -384.5150  -373.2063  -391.8904  -380.5817      3
  2006.5370  -382.4508  -384.0890  -380.4206  -382.0589      4
  2006.6219  -366.7937  -382.7961  -367.6262  -383.6286      5
  2006.7068  -356.0629  -380.3964  -360.9290  -385.2626      2
  2006.7890  -363.7590  -385.0471  -365.6337  -386.9218      4
  2006.8740  -373.6729  -387.6938  -374.6975  -388.7184      5
  2006.9562  -384.2673  -389.9086  -384.8794  -390.5207      3
  2007.0411  -392.2939  -387.2590  -397.4565  -392.4216      2
  2007.1260  -409.4687  -398.3812  -405.4175  -394.3299      4
  2007.2027  -409.7805  -395.2315  -410.5722  -396.0232      3
  2007.2877  -421.4616  -400.5991  -418.6990  -397.8365      4
  2007.3699  -423.8956  -402.8282  -420.5719  -399.5045      5
  2007.4548  -413.8169  -402.5081  -412.4364  -401.1277      4
  2007.5370  -399.1825  -400.8208  -400.9843  -402.6225      4
  2007.6219  -387.5634  -403.5658  -388.1179  -404.1203      5
  2007.7068  -385.3994  -409.7329  -381.2615  -405.5950      3
  2007.7890  -385.2521  -406.5402  -385.7356  -407.0237      4
  2007.8740  -389.2346  -403.2556  -394.5210  -408.5420      4
  2007.9562  -410.7236  -416.3649  -404.4500  -410.0914      3
  2008.0410  -420.0313  -415.0087  -416.8225  -411.8000      4
  2008.1257  -412.9646  -401.8909  -424.7130  -413.6393      4
  2008.2049  -423.4046  -408.7164  -430.1971  -415.5089      4
  2008.2896  -434.5659  -413.5861  -438.6498  -417.6700      4
  2008.3716  -442.3356  -421.3821  -440.8241  -419.8706      4
  2008.4563  -439.2531  -428.1633  -433.2473  -422.1575      4
  2008.5383  -427.2245  -429.0745  -422.4484  -424.2984      5
  2008.6230  -410.3413  -426.5040  -410.2213  -426.3841      4
  2008.7077  -406.5102  -430.8631  -403.9699  -428.3229      3
  2008.7896  -411.5606  -432.8031  -408.8135  -430.0560      5
  2008.8743  -411.6797  -425.6705  -417.7214  -431.7122      4
  2008.9563  -432.2626  -437.8893  -427.5895  -433.2162      4
  2009.0411  -442.7695  -437.7347  -439.7257  -434.6908      4
  2009.1260  -440.2168  -429.1292  -447.1925  -436.1049      4
  2009.2027  -463.2181  -448.6691  -451.9063  -437.3574      4
  2009.2877  -456.7893  -435.9268  -459.6128  -438.7503      5
  2009.3699  -460.9174  -439.8500  -461.2351  -440.1677      4
  2009.4548  -448.3983  -437.0896  -453.0680  -441.7593      4
  2009.5370  -438.9527  -440.5910  -441.8253  -443.4636      5
  2009.6219  -427.2202  -443.2226  -429.4068  -445.4092      4
  2009.7068  -424.3868  -448.7203  -423.1955  -447.5290      5
  2009.7890  -426.4016  -447.6897  -428.4370  -449.7251      4
  2009.8740  -437.2668  -451.2877  -438.0968  -452.1177      4
  2009.9562  -449.1895  -454.8308  -448.8750  -454.5163      5
  2010.0411  -457.1720  -452.1371  -462.0769  -457.0421      4
  2010.1260  -471.8341  -460.7466  -470.6634  -459.5758      4
  2010.2027  -480.2732  -465.7243  -476.3815  -461.8326      5
  2010.2877  -489.1680  -468.3056  -485.1252  -464.2627      4
  2010.3699  -490.2386  -469.1712  -487.5942  -466.5268      4
  2010.4548  -476.2390  -464.9303  -480.0816  -468.7729      4
  2010.5370  -471.0739  -472.7122  -469.2323  -470.8706      4
  2010.6219  -457.6842  -473.6866  -456.9602  -472.9626      5
  2010.7068  -453.1476  -477.4812  -450.6476  -474.9812      4
  2010.7890  -453.4534  -474.7416  -455.5880  -476.8761      3
  2010.8740  -463.4437  -477.4647  -464.7722  -478.7932      2
  2010.9562  -456.4117  -462.0531  -474.9868  -480.6281      1
  2011.0411  -497.7273  -492.6925  -487.5428  -482.5080      2
  2011.1260  -507.2847  -496.1972  -495.4514  -484.3638      1
  2011.2027  -494.4845  -479.9355  -500.5878  -486.0388      1
  2011.2877  -509.8809  -489.0185  -508.7912  -487.9287      2
  2011.3699  -506.0738  -485.0064  -510.8904  -489.8230      4
  2011.4548  -497.8925  -486.5838  -503.1667  -491.8580      5
  2011.5370  -494.8733  -496.5116  -492.2451  -493.8834      4
  2011.6219  -484.2699  -500.2723  -479.9968  -495.9992      4
  2011.7068  -470.3661  -494.6997  -473.7774  -498.1110      4
  2011.7890  -485.2749  -506.5631  -478.8495  -500.1376      4
  2011.8740  -481.5492  -495.5702  -488.1718  -502.1928      4
  2011.9562  -501.6670  -507.3083  -498.5065  -504.1479      4
  2012.0410  -514.1483  -509.1257  -511.1555  -506.1329      5
  2012.1257  -517.3401  -506.2664  -519.1524  -508.0787      4
  2012.2049  -523.5026  -508.8144  -524.5640  -509.8758      2
  2012.2896  -534.0763  -513.0965  -532.7531  -511.7732      3
  2012.3716  -536.7848  -515.8313  -534.5408  -513.5873      4
  2012.4563  -527.2559  -516.1661  -526.5476  -515.4578      3
  2012.5383  -513.6114  -515.4615  -515.4451  -517.2952      5
  2012.6230  -501.9716  -518.1343  -503.0892  -519.2519      4
  2012.7077  -492.5368  -516.8898  -496.9435  -521.2965      4
  2012.7896  -498.2150  -519.4575  -502.1287  -523.3712      5
  2012.8743  -512.6781  -526.6689  -511.6010  -525.5919      4
  2012.9563  -528.9744  -534.6012  -522.1356  -527.7623      4
  2013.0411  -532.8035  -527.7686  -535.0094  -529.9745      5
  2013.1260  -547.4927  -536.4051  -543.2247  -532.1372      4
  2013.2027  -550.2474  -535.6985  -548.5858  -534.0368      4
  2013.2877  -553.4120  -532.5495  -556.9534  -536.0909      5
  2013.3699  -570.3008  -549.2334  -559.1238  -538.0564      2
  2013.4548  -547.6008  -536.2920  -551.3790  -540.0703      4
  2013.5370  -539.9483  -541.5865  -540.3747  -542.0130      4
  2013.6219     0.0000     0.0000  -528.0169  -544.0193      0
  2013.7068     0.0000     0.0000  -521.6921  -546.0256      0
  2013.7890     0.0000     0.0000  -526.6791  -547.9672      0
  2013.8740     0.0000     0.0000  -535.9526  -549.9735      0
  2013.9562     0.0000     0.0000  -546.2738  -551.9152      0
