  1991.0411   -94.7875   -91.2983   -83.9147   -80.4255      1
  1991.1260     0.0000     0.0000   -86.7556   -80.3385      0
  1991.2027     0.0000     0.0000   -86.7221   -80.2779      0
  1991.2877   -82.3522   -75.7320   -86.8735   -80.2533      2
  1991.3699   -78.2474   -73.9997   -84.5346   -80.2869      3
  1991.4548   -93.3440   -94.5768   -79.1471   -80.3799      1
  1991.5370   -78.5901   -83.6343   -75.4601   -80.5044      2
  1991.6219     0.0000     0.0000   -74.1928   -80.6522      0
  1991.7068     0.0000     0.0000   -75.3330   -80.8272      0
  1991.7890   -80.1836   -83.7115   -77.5022   -81.0301      1
  1991.8740   -77.1545   -80.4498   -77.9871   -81.2825      2
  1991.9562   -83.1368   -84.8329   -79.8816   -81.5778      2
  1992.0410   -83.4018   -79.9193   -85.4304   -81.9479      3
  1992.1257   -81.3563   -74.9422   -88.8203   -82.4062      2
  1992.2049   -98.0589   -91.6135   -89.3770   -82.9316      1
  1992.2896   -82.4896   -75.8798   -90.2022   -83.5924      2
  1992.3716   -87.2864   -83.1329   -88.4746   -84.3212      3
  1992.4563   -84.5451   -85.8706   -83.8145   -85.1399      2
  1992.5383   -81.9154   -86.9973   -80.8726   -85.9545      1
  1992.6230   -87.6195   -94.0824   -80.3136   -86.7765      2
  1992.7077   -88.1214   -93.5958   -82.0667   -87.5412      1
  1992.7896   -89.2697   -92.7890   -84.6939   -88.2132      3
  1992.8743   -89.2409   -92.5365   -85.5566   -88.8522      2
  1992.9563   -87.1617   -88.8523   -87.7624   -89.4530      2
  1993.0411   -91.0772   -87.5879   -93.6001   -90.1109      2
  1993.1260   -87.4076   -80.9905   -97.2868   -90.8697      1
  1993.2027   -96.1281   -89.6839   -98.1174   -91.6732      2
  1993.2877   -85.7165   -79.0962   -99.3310   -92.7108      2
  1993.3699  -101.8612   -97.6135   -98.1153   -93.8676      2
  1993.4548   -90.0889   -91.3217   -93.9575   -95.1902      2
  1993.5370     0.0000     0.0000   -91.5121   -96.5563      0
  1993.6219   -90.9408   -97.4002   -91.5509   -98.0102      2
  1993.7068   -95.5356  -101.0298   -93.9596   -99.4538      2
  1993.7890  -105.0899  -108.6178   -97.2635  -100.7914      3
  1993.8740  -106.4912  -109.7866   -98.7822  -102.0775      1
  1993.9562  -101.9880  -103.6841  -101.5277  -103.2238      1
  1994.0411  -106.1408  -102.6516  -107.8107  -104.3215      2
  1994.1260  -109.1745  -102.7574  -111.7682  -105.3512      2
  1994.2027  -112.6036  -106.1594  -112.6772  -106.2330      2
  1994.2877  -114.2661  -107.6459  -113.7798  -107.1596      3
  1994.3699  -110.9449  -106.6973  -112.2563  -108.0087      2
  1994.4548  -107.7844  -109.0172  -107.6085  -108.8413      2
  1994.5370  -100.9065  -105.9507  -104.5603  -109.6045      2
  1994.6219  -104.1799  -110.6393  -103.8864  -110.3457      2
  1994.7068  -105.8795  -111.3737  -105.5332  -111.0274      3
  1994.7890  -105.9449  -109.4728  -108.0902  -111.6181      2
  1994.8740  -112.4320  -115.7274  -108.8491  -112.1445      1
  1994.9562  -116.5567  -118.2528  -110.8620  -112.5581      3
  1995.0411  -120.1530  -116.6638  -116.3718  -112.8826      2
  1995.1260  -120.9659  -114.5489  -119.5399  -113.1228      2
  1995.2027  -118.8380  -112.3938  -119.7422  -113.2980      2
  1995.2877  -122.0125  -115.3923  -120.1084  -113.4882      2
  1995.3699  -114.4005  -110.1529  -117.9645  -113.7168      2
  1995.4548  -108.5440  -109.7768  -112.8147  -114.0475      3
  1995.5370  -108.9690  -114.0132  -109.4461  -114.4904      2
  1995.6219  -113.2567  -119.7160  -108.6303  -115.0897      2
  1995.7068  -110.0213  -115.5155  -110.3514  -115.8456      2
  1995.7890  -111.3187  -114.8466  -113.2214  -116.7492      2
  1995.8740  -106.6586  -109.9540  -114.5911  -117.8864      2
  1995.9562  -113.4768  -115.1730  -117.4962  -119.1924      2
  1996.0410  -127.7868  -124.3043  -124.2133  -120.7308      1
  1996.1257  -125.2493  -118.8352  -128.8403  -122.4262      1
  1996.2049  -129.3200  -122.8746  -130.5714  -124.1260      2
  1996.2896  -130.8333  -124.2235  -132.6411  -126.0313      2
  1996.3716  -133.0098  -128.8564  -132.0805  -127.9270      2
  1996.4563  -131.4500  -132.7754  -128.5690  -129.8944      2
  1996.5383  -131.4424  -136.5243  -126.6858  -131.7677      2
  1996.6230  -120.9754  -127.4383  -127.1809  -133.6438      2
  1996.7077  -121.5407  -127.0152  -129.9619  -135.4363      2
  1996.7896  -141.4470  -144.9663  -133.5294  -137.0487      2
  1996.8743  -140.3356  -143.6311  -135.2309  -138.5265      2
  1996.9563  -141.9840  -143.6746  -138.0401  -139.7307      2
  1997.0411  -147.6600  -144.1708  -144.2096  -140.7204      3
  1997.1260  -150.0399  -143.6228  -147.8677  -141.4506      1
  1997.2027  -150.6940  -144.2498  -148.3442  -141.9000      2
  1997.2877  -148.2493  -141.6291  -148.8105  -142.1902      2
  1997.3699  -148.7967  -144.5490  -146.5442  -142.2966      3
  1997.4548  -144.0528  -145.2856  -141.0322  -142.2650      2
  1997.5370  -137.4957  -142.5399  -137.1008  -142.1450      2
  1997.6219  -129.1536  -135.6129  -135.5291  -141.9885      2
  1997.7068  -127.1683  -132.6625  -136.3639  -141.8581      1
  1997.7890  -130.9171  -134.4450  -138.2620  -141.7898      2
  1997.8740  -138.7921  -142.0874  -138.4916  -141.7869      2
  1997.9562  -135.3711  -137.0673  -140.1408  -141.8369      1
  1998.0411  -140.9993  -137.5100  -145.4138  -141.9246      2
  1998.1260  -148.5456  -142.1285  -148.4371  -142.0200      2
  1998.2027  -150.6542  -144.2100  -148.5233  -142.0791      2
  1998.2877  -161.1995  -154.5793  -148.6944  -142.0742      2
  1998.3699  -154.1485  -149.9008  -146.2199  -141.9723      2
  1998.4548  -142.8704  -144.1031  -140.5492  -141.7820      3
  1998.5370  -126.0750  -131.1193  -136.5298  -141.5741      2
  1998.6219  -125.7770  -132.2363  -134.9448  -141.4041      1
  1998.7068  -133.8031  -139.2973  -135.8170  -141.3113      2
  1998.7890  -137.1871  -140.7150  -137.7697  -141.2976      2
  1998.8740  -136.6233  -139.9187  -138.0563  -141.3516      2
  1998.9562  -141.0199  -142.7161  -139.7624  -141.4586      1
  1999.0411  -147.3598  -143.8705  -145.1012  -141.6119      2
  1999.1260  -152.4088  -145.9917  -148.2139  -141.7968      2
  1999.2027  -149.4329  -142.9887  -148.4334  -141.9892      2
  1999.2877  -148.6844  -142.0642  -148.8633  -142.2431      3
  1999.3699  -143.1020  -138.8543  -146.7992  -142.5515      2
  1999.4548  -139.7003  -140.9331  -141.7256  -142.9584      2
  1999.5370  -136.7576  -141.8019  -138.4032  -143.4475      2
  1999.6219  -137.5637  -144.0230  -137.5889  -144.0483      2
  1999.7068  -139.3481  -144.8423  -139.2373  -144.7315      1
  1999.7890  -144.7154  -148.2433  -141.9297  -145.4576      2
  1999.8740  -144.9668  -148.2622  -142.9686  -146.2639      2
  1999.9562  -145.5098  -147.2060  -145.4005  -147.0966      2
  2000.0410  -151.1135  -147.6310  -151.4994  -148.0169      2
  2000.1257  -154.1884  -147.7743  -155.4152  -149.0011      2
  2000.2049  -158.6631  -152.2177  -156.4292  -149.9838      3
  2000.2896  -153.8059  -147.1961  -157.7161  -151.1063      2
  2000.3716  -151.0539  -146.9005  -156.4248  -152.2714      2
  2000.4563  -152.8970  -154.2224  -152.2315  -153.5569      2
  2000.5383  -149.6147  -154.6965  -149.7810  -154.8628      2
  2000.6230  -149.6989  -156.1618  -149.7902  -156.2531      2
  2000.7077  -153.6963  -159.1707  -152.1894  -157.6639      3
  2000.7896  -155.0412  -158.5605  -155.5116  -159.0309      2
  2000.8743  -155.3965  -158.6921  -157.1352  -160.4308      1
  2000.9563  -159.5458  -161.2364  -160.0681  -161.7588      3
  2001.0411  -159.1083  -155.6191  -166.5760  -163.0867      2
  2001.1260  -175.5424  -169.1253  -170.7612  -164.3441      2
  2001.2027  -178.3620  -171.9178  -171.8271  -165.3829      2
  2001.2877  -177.7163  -171.0961  -173.0143  -166.3940      2
  2001.3699  -171.9371  -167.6895  -171.4714  -167.2237      3
  2001.4548  -164.5102  -165.7429  -166.7058  -167.9386      2
  2001.5370  -167.4759  -172.5201  -163.4627  -168.5069      2
  2001.6219  -165.5551  -172.0144  -162.5212  -168.9806      2
  2001.7068  -164.1731  -169.6673  -163.8713  -169.3655      2
  2001.7890  -166.6721  -170.1999  -166.1628  -169.6907      3
  2001.8740  -161.9063  -165.2016  -166.7250  -170.0204      2
  2001.9562  -170.8889  -172.5851  -168.6809  -170.3771      1
  2002.0411  -170.2830  -166.7938  -174.3071  -170.8179      2
  2002.1260  -172.2576  -165.8406  -177.7724  -171.3553      2
  2002.2027  -178.9517  -172.5075  -178.3759  -171.9317      2
  2002.2877  -174.6113  -167.9911  -179.2811  -172.6609      2
  2002.3699  -181.2539  -177.0063  -177.6859  -173.4382      3
  2002.4548  -174.1039  -175.3367  -173.0565  -174.2893      2
  2002.5370  -168.8912  -173.9355  -170.0984  -175.1426      2
  2002.6219  -172.3650  -178.8243  -169.5897  -176.0490      2
  2002.7068  -169.9197  -175.4139  -171.4835  -176.9777      2
  2002.7890  -176.3609  -179.8888  -174.3683  -177.8962      3
  2002.8740  -178.1975  -181.4928  -175.5627  -178.8580      2
  2002.9562  -160.2178  -161.9140  -178.1086  -179.8048      1
  2003.0411  -181.7557  -178.2665  -184.2981  -180.8089      2
  2003.1260  -189.8756  -183.4585  -188.2371  -181.8201      2
  2003.2027  -190.2896  -183.8454  -189.1568  -182.7126      2
  2003.2877  -195.2474  -188.6272  -190.2749  -183.6547      3
  2003.3699  -193.9059  -189.6583  -188.7591  -184.5115      1
  2003.4548  -183.0960  -184.3288  -184.1183  -185.3511      1
  2003.5370  -178.6075  -183.6517  -181.0981  -186.1424      3
  2003.6219  -178.6610  -185.1203  -180.5087  -186.9680      2
  2003.7068  -185.9315  -191.4257  -182.3307  -187.8250      2
  2003.7890  -186.4577  -189.9855  -185.1632  -188.6911      2
  2003.8740  -178.2751  -181.5704  -186.3423  -189.6377      2
  2003.9562  -187.9144  -189.6105  -188.9157  -190.6118      3
  2004.0410  -191.4108  -187.9282  -195.1470  -191.6645      2
  2004.1257  -198.1515  -191.7374  -199.1555  -192.7414      1
  2004.2049  -214.8341  -208.3888  -200.1869  -193.7415      1
  2004.2896  -201.8741  -195.2643  -201.3843  -194.7745      2
  2004.3716  -196.2845  -192.1310  -199.8806  -195.7271      2
  2004.4563  -194.4868  -195.8122  -195.3279  -196.6533      3
  2004.5383  -199.6565  -204.7383  -192.3968  -197.4787      2
  2004.6230  -191.9522  -198.4151  -191.7792  -198.2421      2
  2004.7077  -198.7304  -204.2049  -193.4375  -198.9119      2
  2004.7896  -195.1630  -198.6823  -195.9644  -199.4837      1
  2004.8743  -198.3842  -201.6798  -196.7277  -200.0233      1
  2004.9563  -197.9031  -199.5937  -198.8337  -200.5243      3
  2005.0411  -203.5020  -200.0127  -204.5439  -201.0546      2
  2005.1260  -208.6624  -202.2454  -208.0466  -201.6295      2
  2005.2027  -200.3918  -193.9476  -208.6520  -202.2078      2
  2005.2877  -208.5356  -201.9154  -209.5484  -202.9282      2
  2005.3699  -202.4383  -198.1906  -207.9481  -203.7004      2
  2005.4548  -206.8517  -208.0845  -203.3244  -204.5572      3
  2005.5370  -200.8178  -205.8620  -200.3719  -205.4162      2
  2005.6219  -204.8407  -211.3001  -199.8550  -206.3144      2
  2005.7068  -198.7489  -204.2431  -201.7170  -207.2112      2
  2005.7890  -205.0457  -208.5736  -204.5492  -208.0770      2
  2005.8740  -204.8369  -208.1322  -205.6704  -208.9658      3
  2005.9562  -212.4352  -214.1313  -208.1158  -209.8120      1
  2006.0411     0.0000     0.0000  -214.1493  -210.6601      0
  2006.1260     0.0000     0.0000  -217.8938  -211.4767      0
  2006.2027  -223.3975  -216.9533  -218.6310  -212.1868      1
  2006.2877  -228.9558  -222.3356  -219.5654  -212.9452      1
  2006.3699  -217.7624  -213.5147  -217.9100  -213.6624      3
  2006.4548  -206.0435  -207.2763  -213.1795  -214.4122      3
  2006.5370  -212.5803  -217.6246  -210.1310  -215.1752      4
  2006.6219  -208.8855  -215.3448  -209.5488  -216.0081      5
  2006.7068  -210.8918  -216.3860  -211.3928  -216.8870      2
  2006.7890  -212.3628  -215.8906  -214.2550  -217.7829      4
  2006.8740  -215.6844  -218.9798  -215.4549  -218.7503      5
  2006.9562  -218.4755  -220.1716  -218.0105  -219.7067      3
  2007.0411  -222.0704  -218.5812  -224.1816  -220.6924      2
  2007.1260  -229.7972  -223.3802  -228.0732  -221.6561      4
  2007.2027  -228.6584  -222.2142  -228.9317  -222.4875      3
  2007.2877  -230.2109  -223.5907  -229.9684  -223.3482      4
  2007.3699  -232.1052  -227.8576  -228.3496  -224.1019      5
  2007.4548  -225.3595  -226.5923  -223.5527  -224.7855      4
  2007.5370  -217.4126  -222.4568  -220.3320  -225.3762      4
  2007.6219  -220.4759  -226.9353  -219.4844  -225.9438      5
  2007.7068  -223.2750  -228.7692  -220.9970  -226.4913      3
  2007.7890  -223.3583  -226.8861  -223.5066  -227.0345      4
  2007.8740  -219.5391  -222.8344  -224.3602  -227.6555      4
  2007.9562  -233.3309  -235.0270  -226.6632  -228.3593      3
  2008.0410  -232.6300  -229.1474  -232.7073  -229.2248      4
  2008.1257  -227.2289  -220.8148  -236.6708  -230.2567      4
  2008.2049  -229.3799  -222.9345  -237.8421  -231.3967      4
  2008.2896  -240.4605  -233.8507  -239.4066  -232.7968      4
  2008.3716  -240.9087  -236.7553  -238.4209  -234.2674      4
  2008.4563  -237.9796  -239.3050  -234.4844  -235.8099      4
  2008.5383  -235.4137  -240.4956  -232.1725  -237.2543      5
  2008.6230  -233.3494  -239.8123  -232.1880  -238.6509      4
  2008.7077  -233.9135  -239.3880  -234.4538  -239.9282      3
  2008.7896  -239.8628  -243.3822  -237.5253  -241.0446      5
  2008.8743  -232.8470  -236.1426  -238.7799  -242.0755      4
  2008.9563  -246.6936  -248.3842  -241.2808  -242.9715      4
  2009.0411  -249.5318  -246.0426  -247.2898  -243.8006      4
  2009.1260  -245.3112  -238.8941  -250.9619  -244.5448      4
  2009.2027  -259.3582  -252.9140  -251.6127  -245.1685      4
  2009.2877  -252.0437  -245.4235  -252.4506  -245.8304      5
  2009.3699  -250.9531  -246.7054  -250.7346  -246.4870      4
  2009.4548  -242.2920  -243.5248  -245.9995  -247.2323      4
  2009.5370  -241.8721  -246.9164  -243.0154  -248.0596      5
  2009.6219  -239.5554  -246.0148  -242.5843  -249.0437      4
  2009.7068  -244.2837  -249.7779  -244.6648  -250.1590      5
  2009.7890  -246.3842  -249.9120  -247.8201  -251.3480      4
  2009.8740  -248.9147  -252.2100  -249.3634  -252.6588      4
  2009.9562  -254.9514  -256.6476  -252.2697  -253.9658      5
  2010.0411  -257.5653  -254.0761  -258.8090  -255.3198      4
  2010.1260  -262.1563  -255.7392  -263.0767  -256.6596      4
  2010.2027  -266.8668  -260.4226  -264.2917  -257.8475      5
  2010.2877  -266.2587  -259.6385  -265.7473  -259.1271      4
  2010.3699  -264.7558  -260.5082  -264.5757  -260.3281      4
  2010.4548  -256.9733  -258.2061  -260.2990  -261.5318      4
  2010.5370  -260.6109  -265.6552  -257.6172  -262.6614      4
  2010.6219  -258.6261  -265.0854  -257.3182  -263.7775      5
  2010.7068  -262.4494  -267.9436  -259.3414  -264.8356      4
  2010.7890  -260.2818  -263.8097  -262.2878  -265.8157      3
  2010.8740  -262.4614  -265.7567  -263.5154  -266.8108      2
  2010.9562  -246.2250  -247.9212  -266.0880  -267.7841      1
  2011.0411  -275.7425  -272.2533  -272.3002  -268.8109      2
  2011.1260  -283.3908  -276.9737  -276.2631  -269.8461      1
  2011.2027  -277.1455  -270.7013  -277.2326  -270.7884      1
  2011.2877  -279.5913  -272.9711  -278.4699  -271.8497      2
  2011.3699  -276.5275  -272.2799  -277.1529  -272.9052      4
  2011.4548  -269.4824  -270.7152  -272.7958  -274.0286      5
  2011.5370  -271.6483  -276.6925  -270.0960  -275.1403      4
  2011.6219  -272.2376  -278.6970  -269.8403  -276.2997      3
  2011.7068  -268.9493  -274.4435  -271.9615  -277.4557      4
  2011.7890  -281.6376  -285.1655  -275.0347  -278.5626      4
  2011.8740  -266.1923  -269.4877  -276.3818  -279.6771      3
  2011.9562  -282.3715  -284.0676  -279.0395  -280.7356      4
  2012.0410  -284.0327  -280.5502  -285.2907  -281.8082      4
  2012.1257  -290.7860  -284.3719  -289.2659  -282.8518      4
  2012.2049  -291.1553  -284.7100  -290.2401  -283.7947      2
  2012.2896  -291.8005  -285.1907  -291.3660  -284.7562      3
  2012.3716  -290.4527  -286.2993  -289.7926  -285.6391      4
  2012.4563  -286.9826  -288.3080  -285.1832  -286.5086      3
  2012.5383  -282.8587  -287.9406  -282.2417  -287.3236      5
  2012.6230  -280.4777  -286.9406  -281.6983  -288.1612      4
  2012.7077  -278.6974  -284.1719  -283.5544  -289.0289      4
  2012.7896  -284.1405  -287.6598  -286.3993  -289.9186      5
  2012.8743  -287.0016  -290.2972  -287.5758  -290.8713      4
  2012.9563  -296.4920  -298.1826  -290.0892  -291.7798      4
  2013.0411  -294.7643  -291.2750  -296.1437  -292.6545      5
  2013.1260  -303.7935  -297.3764  -299.8672  -293.4501      4
  2013.2027  -300.3015  -293.8573  -300.5413  -294.0971      4
  2013.2877  -299.0505  -292.4303  -301.3699  -294.7497      5
  2013.3699  -307.1119  -302.8642  -299.5941  -295.3464      2
  2013.4548  -292.1080  -293.3408  -294.7058  -295.9386      4
  2013.5370  -290.8710  -295.9153  -291.4573  -296.5016      4
  2013.6219     0.0000     0.0000  -290.6225  -297.0819      0
  2013.7068     0.0000     0.0000  -292.1680  -297.6622      0
  2013.7890     0.0000     0.0000  -294.6959  -298.2238      0
  2013.8740     0.0000     0.0000  -295.5088  -298.8041      0
  2013.9562     0.0000     0.0000  -297.6696  -299.3657      0
