 -1.1549180e-001
 -1.3019816e-001
 -1.4648679e-001
 -1.6325251e-001
 -1.7951893e-001
 -1.9450356e-001
 -2.0754390e-001
 -2.1794871e-001
 -2.2487820e-001
 -2.2735246e-001
 -2.2443771e-001
 -2.1558176e-001
 -2.0099454e-001
 -1.8192702e-001
 -1.6071273e-001
 -1.4050106e-001
 -1.2470910e-001
 -1.1631716e-001
 -1.1719523e-001
 -1.2765235e-001
 -1.4634360e-001
 -1.7056884e-001
 -1.9688491e-001
 -2.2186529e-001
 -2.4280353e-001
 -2.5818012e-001
 -2.6778645e-001
 -2.7250071e-001
 -2.7380768e-001
 -2.7322000e-001
 -2.7177586e-001
 -2.6975524e-001
 -2.6668612e-001
 -2.6162414e-001
 -2.5360987e-001
 -2.4215661e-001
 -2.2761410e-001
 -2.1128842e-001
 -1.9526905e-001
 -1.8200040e-001
 -1.7371266e-001
 -1.7187360e-001
 -1.7682259e-001
 -1.8769773e-001
 -2.0268049e-001
 -2.1948432e-001
 -2.3593738e-001
 -2.5047948e-001
 -2.6242433e-001
 -2.7191747e-001
 -2.7962561e-001
 -2.8628312e-001
 -2.9226735e-001
 -2.9735791e-001
 -3.0076367e-001
 -3.0140131e-001
 -2.9831876e-001
 -2.9110685e-001
 -2.8015075e-001
 -2.6663331e-001
 -2.5229088e-001
 -2.3900550e-001
 -2.2836763e-001
 -2.2134420e-001
 -2.1814266e-001
 -2.1829125e-001
 -2.2088505e-001
 -2.2490053e-001
 -2.2947097e-001
 -2.3404057e-001
 -2.3836476e-001
 -2.4237854e-001
 -2.4599774e-001
 -2.4893733e-001
 -2.5062255e-001
 -2.5023849e-001
 -2.4691861e-001
 -2.4002590e-001
 -2.2944336e-001
 -2.1577365e-001
 -2.0035886e-001
 -1.8507100e-001
 -1.7188712e-001
 -1.6233341e-001
 -1.5694108e-001
 -1.5488093e-001
 -1.5392047e-001
 -1.5077582e-001
 -1.4182590e-001
 -1.2404723e-001
 -9.5944257e-002
 -5.8222792e-002
 -1.3993537e-002
  3.1604045e-002
  7.2323065e-002
  1.0209191e-001
  1.1635988e-001
  1.1316272e-001
  9.3611198e-002
  6.1640145e-002
  2.3048431e-002
 -1.5938395e-002
 -5.0202163e-002
 -7.6936638e-002
 -9.6177641e-002
 -1.1050521e-001
 -1.2401179e-001
 -1.4085684e-001
 -1.6385879e-001
 -1.9356379e-001
 -2.2807674e-001
 -2.6369128e-001
 -2.9609379e-001
 -3.2172798e-001
 -3.3885796e-001
 -3.4797481e-001
 -3.5142053e-001
 -3.5237692e-001
 -3.5359067e-001
 -3.5630218e-001
 -3.5977849e-001
 -3.6163939e-001
 -3.5888122e-001
 -3.4924354e-001
 -3.3242180e-001
 -3.1066081e-001
 -2.8846349e-001
 -2.7145390e-001
 -2.6473700e-001
 -2.7129143e-001
 -2.9094245e-001
 -3.2028035e-001
 -3.5357527e-001
 -3.8440274e-001
 -4.0745319e-001
 -4.1994060e-001
 -4.2216721e-001
 -4.1709299e-001
 -4.0909146e-001
 -4.0233443e-001
 -3.9934606e-001
 -4.0017969e-001
 -4.0243724e-001
 -4.0206341e-001
 -3.9460729e-001
 -3.7653072e-001
 -3.4617970e-001
 -3.0419268e-001
 -2.5332457e-001
 -1.9783916e-001
 -1.4271009e-001
 -9.2856377e-002
 -5.2553283e-002
 -2.5052993e-002
 -1.2373723e-002
 -1.5195517e-002
 -3.2830156e-002
 -6.3280817e-002
 -1.0343729e-001
 -1.4944027e-001
 -1.9719527e-001
 -2.4294674e-001
 -2.8377375e-001
 -3.1786994e-001
 -3.4453137e-001
 -3.6387733e-001
 -3.7643064e-001
 -3.8273923e-001
 -3.8320024e-001
 -3.7815456e-001
 -3.6818826e-001
 -3.5446687e-001
 -3.3889095e-001
 -3.2392361e-001
 -3.1208177e-001
 -3.0524651e-001
 -3.0405906e-001
 -3.0767188e-001
 -3.1400581e-001
 -3.2046628e-001
 -3.2487489e-001
 -3.2626314e-001
 -3.2520775e-001
 -3.2355701e-001
 -3.2363955e-001
 -3.2726299e-001
 -3.3490557e-001
 -3.4543536e-001
 -3.5648148e-001
 -3.6531455e-001
 -3.6987954e-001
 -3.6955494e-001
 -3.6531879e-001
 -3.5924559e-001
 -3.5353852e-001
 -3.4950406e-001
 -3.4691398e-001
 -3.4405391e-001
 -3.3848025e-001
 -3.2821021e-001
 -3.1287044e-001
 -2.9431368e-001
 -2.7639311e-001
 -2.6389577e-001
 -2.6096483e-001
 -2.6955714e-001
 -2.8850336e-001
 -3.1354874e-001
 -3.3841910e-001
 -3.5659880e-001
 -3.6325347e-001
 -3.5667197e-001
 -3.3875680e-001
 -3.1440633e-001
 -2.8999252e-001
 -2.7142512e-001
 -2.6241359e-001
 -2.6345955e-001
 -2.7187019e-001
 -2.8275845e-001
 -2.9069533e-001
 -2.9149141e-001
 -2.8356028e-001
 -2.6845495e-001
 -2.5042440e-001
 -2.3513054e-001
 -2.2791295e-001
 -2.3211862e-001
 -2.4799182e-001
 -2.7245236e-001
 -2.9982959e-001
 -3.2334004e-001
 -3.3688123e-001
 -3.3662706e-001
 -3.2197623e-001
 -2.9560399e-001
 -2.6263748e-001
 -2.2923321e-001
 -2.0100068e-001
 -1.8174119e-001
 -1.7284743e-001
 -1.7348334e-001
 -1.8140687e-001
 -1.9409838e-001
 -2.0977690e-001
 -2.2795070e-001
 -2.4933211e-001
 -2.7518147e-001
 -3.0635128e-001
 -3.4240509e-001
 -3.8115506e-001
 -4.1881123e-001
 -4.5072185e-001
 -4.7248341e-001
 -4.8107920e-001
 -4.7570180e-001
 -4.5802117e-001
 -4.3183145e-001
 -4.0218854e-001
 -3.7428009e-001
 -3.5232137e-001
 -3.3874084e-001
 -3.3383001e-001
 -3.3591242e-001
 -3.4196646e-001
 -3.4853671e-001
 -3.5270402e-001
 -3.5286749e-001
 -3.4912943e-001
 -3.4316786e-001
 -3.3761736e-001
 -3.3512524e-001
 -3.3736382e-001
 -3.4431735e-001
 -3.5409879e-001
 -3.6339612e-001
 -3.6844333e-001
 -3.6622495e-001
 -3.5552348e-001
 -3.3744893e-001
 -3.1524624e-001
 -2.9341156e-001
 -2.7638173e-001
 -2.6720914e-001
 -2.6664427e-001
 -2.7291412e-001
 -2.8225544e-001
 -2.9001853e-001
 -2.9198464e-001
 -2.8549515e-001
 -2.7008190e-001
 -2.4747296e-001
 -2.2105520e-001
 -1.9502860e-001
 -1.7353774e-001
 -1.6000894e-001
 -1.5679194e-001
 -1.6506668e-001
 -1.8488595e-001
 -2.1521942e-001
 -2.5393518e-001
 -2.9776134e-001
 -3.4235387e-001
 -3.8261015e-001
 -4.1329677e-001
 -4.2992942e-001
 -4.2970942e-001
 -4.1224627e-001
 -3.7982050e-001
 -3.3706260e-001
 -2.9010187e-001
 -2.4540382e-001
 -2.0860505e-001
 -1.8363721e-001
 -1.7231796e-001
 -1.7442682e-001
 -1.8813860e-001
 -2.1061042e-001
 -2.3852731e-001
 -2.6849071e-001
 -2.9723983e-001
 -3.2178032e-001
 -3.3952506e-001
 -3.4852033e-001
 -3.4775735e-001
 -3.3748897e-001
 -3.1942054e-001
 -2.9664717e-001
 -2.7326801e-001
 -2.5370583e-001
 -2.4186127e-001
 -2.4030146e-001
 -2.4969517e-001
 -2.6865374e-001
 -2.9403480e-001
 -3.2164311e-001
 -3.4716016e-001
 -3.6707737e-001
 -3.7941291e-001
 -3.8405147e-001
 -3.8264137e-001
 -3.7808655e-001
 -3.7376146e-001
 -3.7263468e-001
 -3.7650688e-001
 -3.8554519e-001
 -3.9823251e-001
 -4.1175528e-001
 -4.2274293e-001
 -4.2817271e-001
 -4.2619337e-001
 -4.1662705e-001
 -4.0098796e-001
 -3.8199759e-001
 -3.6273616e-001
 -3.4569815e-001
 -3.3206551e-001
 -3.2144947e-001
 -3.1219653e-001
 -3.0215488e-001
 -2.8962838e-001
 -2.7417104e-001
 -2.5692923e-001
 -2.4040367e-001
 -2.2771699e-001
 -2.2165247e-001
 -2.2380386e-001
 -2.3411858e-001
 -2.5095485e-001
 -2.7157698e-001
 -2.9286590e-001
 -3.1198012e-001
 -3.2677247e-001
 -3.3590792e-001
 -3.3876373e-001
 -3.3526413e-001
 -3.2578104e-001
 -3.1114242e-001
 -2.9268772e-001
 -2.7225094e-001
 -2.5197018e-001
 -2.3390545e-001
 -2.1955202e-001
 -2.0941099e-001
 -2.0278537e-001
 -1.9790581e-001
 -1.9238227e-001
 -1.8386984e-001
 -1.7076836e-001
 -1.5276388e-001
 -1.3106325e-001
 -1.0825183e-001
 -8.7793720e-002
 -7.3275418e-002
 -6.7553987e-002
 -7.2001188e-002
 -8.6028806e-002
 -1.0703315e-001
 -1.3081004e-001
 -1.5237863e-001
 -1.6703995e-001
 -1.7141721e-001
 -1.6421147e-001
 -1.4647063e-001
 -1.2130013e-001
 -9.3102362e-002
 -6.6567397e-002
 -4.5702462e-002
 -3.3159384e-002
 -3.0006194e-002
 -3.5933597e-002
 -4.9745330e-002
 -6.9905320e-002
 -9.4929327e-002
 -1.2350397e-001
 -1.5434997e-001
 -1.8596270e-001
 -2.1641493e-001
 -2.4337318e-001
 -2.6437802e-001
 -2.7731313e-001
 -2.8089343e-001
 -2.7498022e-001
 -2.6059202e-001
 -2.3959950e-001
 -2.1422165e-001
 -1.8652211e-001
 -1.5810435e-001
 -1.3011639e-001
 -1.0353665e-001
 -7.9579291e-002
 -5.9988220e-002
 -4.7020018e-002
 -4.3039467e-002
 -4.9822492e-002
 -6.7809574e-002
 -9.5613680e-002
 -1.3002733e-001
 -1.6660820e-001
 -2.0070983e-001
 -2.2864527e-001
 -2.4859810e-001
 -2.6096217e-001
 -2.6797948e-001
 -2.7278976e-001
 -2.7821469e-001
 -2.8569850e-001
 -2.9477476e-001
 -3.0324628e-001
 -3.0801623e-001
 -3.0628390e-001
 -2.9669382e-001
 -2.8004538e-001
 -2.5931656e-001
 -2.3898028e-001
 -2.2381730e-001
 -2.1758621e-001
 -2.2195477e-001
 -2.3601744e-001
 -2.5654901e-001
 -2.7892526e-001
 -2.9844082e-001
 -3.1163153e-001
 -3.1720079e-001
 -3.1626376e-001
 -3.1183036e-001
 -3.0768627e-001
 -3.0702607e-001
 -3.1127847e-001
 -3.1950778e-001
 -3.2859249e-001
 -3.3413099e-001
 -3.3178960e-001
 -3.1866966e-001
 -2.9427307e-001
 -2.6078575e-001
 -2.2262045e-001
 -1.8538715e-001
 -1.5461281e-001
 -1.3457044e-001
 -1.2750170e-001
 -1.3337005e-001
 -1.5012166e-001
 -1.7431329e-001
 -2.0191480e-001
 -2.2910315e-001
 -2.5291052e-001
 -2.7163962e-001
 -2.8500180e-001
 -2.9396694e-001
 -3.0035252e-001
 -3.0622989e-001
 -3.1328135e-001
 -3.2227964e-001
 -3.3285216e-001
 -3.4362137e-001
 -3.5269127e-001
 -3.5831954e-001
 -3.5952998e-001
 -3.5642635e-001
 -3.5007518e-001
 -3.4199690e-001
 -3.3347313e-001
 -3.2496764e-001
 -3.1592396e-001
 -3.0505165e-001
 -2.9100278e-001
 -2.7316283e-001
 -2.5221119e-001
 -2.3018362e-001
 -2.0996256e-001
 -1.9435421e-001
 -1.8508873e-001
 -1.8212714e-001
 -1.8355576e-001
 -1.8613527e-001
 -1.8632951e-001
 -1.8146137e-001
 -1.7059590e-001
 -1.5485076e-001
 -1.3704011e-001
 -1.2079333e-001
 -1.0946551e-001
 -1.0521131e-001
 -1.0851109e-001
 -1.1825546e-001
 -1.3228565e-001
 -1.4813447e-001
 -1.6367266e-001
 -1.7744899e-001
 -1.8867660e-001
 -1.9698790e-001
 -2.0217848e-001
 -2.0414065e-001
 -2.0306040e-001
 -1.9977694e-001
 -1.9607032e-001
 -1.9462230e-001
 -1.9851209e-001
 -2.1031941e-001
 -2.3112009e-001
 -2.5977190e-001
 -2.9283541e-001
 -3.2526300e-001
 -3.5169672e-001
 -3.6796270e-001
 -3.7224469e-001
 -3.6551453e-001
 -3.5105897e-001
 -3.3327133e-001
 -3.1614118e-001
 -3.0197459e-001
 -2.9077595e-001
 -2.8046789e-001
 -2.6782228e-001
 -2.4974001e-001
 -2.2443144e-001
 -1.9212649e-001
 -1.5513487e-001
 -1.1729618e-001
 -8.3027090e-002
 -5.6245506e-002
 -3.9434496e-002
 -3.3038312e-002
 -3.5301184e-002
 -4.2587500e-002
 -5.0155032e-002
 -5.3273712e-002
 -4.8485105e-002
 -3.4704237e-002
 -1.3823988e-002
  9.4572455e-003
  2.8681750e-002
  3.7380559e-002
  3.1081246e-002
  8.9704965e-003
 -2.5365318e-002
 -6.4460989e-002
 -9.8710903e-002
 -1.1887845e-001
 -1.1865117e-001
 -9.6466321e-002
 -5.6036912e-002
 -5.4023839e-003
  4.5218101e-002
  8.6130216e-002
  1.1063272e-001
  1.1655117e-001
  1.0644456e-001
  8.6502294e-002
  6.4530194e-002
  4.7662968e-002
  4.0473897e-002
  4.3986173e-002
  5.5788602e-002
  7.1120994e-002
  8.4522892e-002
  9.1507900e-002
  8.9762894e-002
  7.9554536e-002
  6.3291547e-002
  4.4455294e-002
  2.6293182e-002
  1.0716250e-002
 -2.2535940e-003
 -1.4342646e-002
 -2.8281615e-002
 -4.6739117e-002
 -7.1296653e-002
 -1.0178921e-001
 -1.3619691e-001
 -1.7109210e-001
 -2.0248669e-001
 -2.2682997e-001
 -2.4189436e-001
 -2.4733805e-001
 -2.4482286e-001
 -2.3766403e-001
 -2.3008014e-001
 -2.2619165e-001
 -2.2897903e-001
 -2.3944658e-001
 -2.5622503e-001
 -2.7576878e-001
 -2.9316268e-001
 -3.0337751e-001
 -3.0265493e-001
 -2.8962588e-001
 -2.6581054e-001
 -2.3531766e-001
 -2.0380549e-001
 -1.7700743e-001
 -1.5927217e-001
 -1.5256663e-001
 -1.5623433e-001
 -1.6754710e-001
 -1.8282284e-001
 -1.9870317e-001
 -2.1315101e-001
 -2.2585056e-001
 -2.3791858e-001
 -2.5108336e-001
 -2.6666473e-001
 -2.8473834e-001
 -3.0377895e-001
 -3.2089506e-001
 -3.3256050e-001
 -3.3559371e-001
 -3.2807489e-001
 -3.0993496e-001
 -2.8306706e-001
 -2.5095554e-001
 -2.1794340e-001
 -1.8833782e-001
 -1.6557366e-001
 -1.5162133e-001
 -1.4675216e-001
 -1.4967902e-001
 -1.5799524e-001
 -1.6876576e-001
 -1.7910044e-001
 -1.8657126e-001
 -1.8941210e-001
 -1.8653265e-001
 -1.7744768e-001
 -1.6223654e-001
 -1.4159760e-001
 -1.1697078e-001
 -9.0614968e-002
 -6.5495339e-002
 -4.4885896e-002
 -3.1712656e-002
 -2.7803998e-002
 -3.3308633e-002
 -4.6533985e-002
 -6.4334946e-002
 -8.2983464e-002
 -9.9251682e-002
 -1.1133147e-001
 -1.1924677e-001
 -1.2459066e-001
 -1.2967456e-001
 -1.3641245e-001
 -1.4538261e-001
 -1.5545815e-001
 -1.6418941e-001
 -1.6882981e-001
 -1.6763453e-001
 -1.6092798e-001
 -1.5148966e-001
 -1.4403335e-001
 -1.4387645e-001
 -1.5520036e-001
 -1.7947927e-001
 -2.1463658e-001
 -2.5527400e-001
 -2.9397443e-001
 -3.2332039e-001
 -3.3801592e-001
 -3.3644261e-001
 -3.2114452e-001
 -2.9807245e-001
 -2.7481519e-001
 -2.5837046e-001
 -2.5315158e-001
 -2.5983891e-001
 -2.7540106e-001
 -2.9422843e-001
 -3.0997213e-001
 -3.1748059e-001
 -3.1423279e-001
 -3.0086746e-001
 -2.8072263e-001
 -2.5861657e-001
 -2.3931627e-001
 -2.2619102e-001
 -2.2043618e-001
 -2.2102954e-001
 -2.2533570e-001
 -2.3008421e-001
 -2.3237058e-001
 -2.3037422e-001
 -2.2362183e-001
 -2.1279337e-001
 -1.9921222e-001
 -1.8423984e-001
 -1.6879555e-001
 -1.5315617e-001
 -1.3708411e-001
 -1.2022316e-001
 -1.0261379e-001
 -8.5137729e-002
 -6.9713413e-002
 -5.9129298e-002
 -5.6507571e-002
 -6.4511082e-002
 -8.4506449e-002
 -1.1594082e-001
 -1.5615522e-001
 -2.0074419e-001
 -2.4440803e-001
 -2.8208312e-001
 -3.1003335e-001
 -3.2658436e-001
 -3.3228854e-001
 -3.2949002e-001
 -3.2145217e-001
 -3.1134633e-001
 -3.0142905e-001
 -2.9264621e-001
 -2.8473299e-001
 -2.7669436e-001
 -2.6742492e-001
 -2.5620497e-001
 -2.4289543e-001
 -2.2780597e-001
 -2.1135999e-001
 -1.9376350e-001
 -1.7486853e-001
 -1.5431680e-001
 -1.3190600e-001
 -1.0800527e-001
 -8.3809779e-002
 -6.1284558e-002
 -4.2776342e-002
 -3.0414634e-002
 -2.5516121e-002
 -2.8211294e-002
 -3.7427549e-002
 -5.1224759e-002
 -6.7346250e-002
 -8.3772727e-002
 -9.9078709e-002
 -1.1248206e-001
 -1.2360919e-001
 -1.3211755e-001
 -1.3737537e-001
 -1.3837363e-001
 -1.3394582e-001
 -1.2323654e-001
 -1.0624316e-001
 -8.4203442e-002
 -5.9639750e-002
 -3.5986172e-002
 -1.6876568e-002
 -5.3015125e-003
 -2.8986365e-003
 -9.6011910e-003
 -2.3747245e-002
 -4.2594625e-002
 -6.3054783e-002
 -8.2402325e-002
 -9.8753757e-002
 -1.1121860e-001
 -1.1975870e-001
 -1.2489045e-001
 -1.2739138e-001
 -1.2812184e-001
 -1.2797733e-001
 -1.2789766e-001
 -1.2882412e-001
 -1.3153409e-001
 -1.3637472e-001
 -1.4301399e-001
 -1.5037040e-001
 -1.5683836e-001
 -1.6080121e-001
 -1.6127163e-001
 -1.5839263e-001
 -1.5353650e-001
 -1.4887112e-001
 -1.4648181e-001
 -1.4735405e-001
 -1.5063770e-001
 -1.5356069e-001
 -1.5214200e-001
 -1.4254399e-001
 -1.2262574e-001
 -9.3128671e-002
 -5.8008872e-002
 -2.3707225e-002
  2.4793400e-003
  1.4433200e-002
  9.0048650e-003
 -1.3029015e-002
 -4.7149698e-002
 -8.6355626e-002
 -1.2308353e-001
 -1.5118092e-001
 -1.6733385e-001
 -1.7156263e-001
 -1.6671938e-001
 -1.5723914e-001
 -1.4760573e-001
 -1.4103396e-001
 -1.3874327e-001
 -1.3996375e-001
 -1.4256278e-001
 -1.4399663e-001
 -1.4223095e-001
 -1.3634153e-001
 -1.2666071e-001
 -1.1450991e-001
 -1.0168640e-001
 -8.9917569e-002
 -8.0454972e-002
 -7.3888689e-002
 -7.0166147e-002
 -6.8739028e-002
 -6.8751972e-002
 -6.9216627e-002
 -6.9156075e-002
 -6.7731885e-002
 -6.4366906e-002
 -5.8858202e-002
 -5.1454259e-002
 -4.2865166e-002
 -3.4188036e-002
 -2.6754410e-002
 -2.1926616e-002
 -2.0875595e-002
 -2.4364556e-002
 -3.2552243e-002
 -4.4829553e-002
 -5.9719133e-002
 -7.4890001e-002
 -8.7349858e-002
 -9.3856559e-002
 -9.1531784e-002
 -7.8577029e-002
 -5.4916265e-002
 -2.2557467e-002
  1.4497282e-002
  5.0855117e-002
  8.0759338e-002
  9.9304367e-002
  1.0351661e-001
  9.2989903e-002
  6.9878839e-002
  3.8240564e-002
  2.9182005e-003
 -3.1693393e-002
 -6.2618769e-002
 -8.8717246e-002
 -1.1044068e-001
 -1.2906225e-001
 -1.4569369e-001
 -1.6048481e-001
 -1.7233044e-001
 -1.7921676e-001
 -1.7908870e-001
 -1.7090696e-001
 -1.5547009e-001
 -1.3564388e-001
 -1.1584886e-001
 -1.0093013e-001
 -9.4772155e-002
 -9.9130386e-002
 -1.1309048e-001
 -1.3335204e-001
 -1.5524650e-001
 -1.7414318e-001
 -1.8676715e-001
 -1.9199314e-001
 -1.9087507e-001
 -1.8594601e-001
 -1.8007889e-001
 -1.7534273e-001
 -1.7227357e-001
 -1.6981417e-001
 -1.6592275e-001
 -1.5860278e-001
 -1.4694933e-001
 -1.3179997e-001
 -1.1572112e-001
 -1.0230409e-001
 -9.5003055e-002
 -9.5927373e-002
 -1.0503490e-001
 -1.2004600e-001
 -1.3714841e-001
 -1.5227807e-001
 -1.6254247e-001
 -1.6728273e-001
 -1.6837976e-001
 -1.6966453e-001
 -1.7560528e-001
 -1.8970298e-001
 -2.1313738e-001
 -2.4412749e-001
 -2.7822962e-001
 -3.0948009e-001
 -3.3201096e-001
 -3.4162274e-001
 -3.3683366e-001
 -3.1911962e-001
 -2.9233528e-001
 -2.6156360e-001
 -2.3179126e-001
 -2.0681140e-001
 -1.8862642e-001
 -1.7742561e-001
 -1.7202223e-001
 -1.7051706e-001
 -1.7094025e-001
 -1.7169531e-001
 -1.7174555e-001
 -1.7059031e-001
 -1.6813570e-001
 -1.6456024e-001
 -1.6022377e-001
 -1.5560496e-001
 -1.5121220e-001
 -1.4741764e-001
 -1.4421279e-001
 -1.4095156e-001
 -1.3619938e-001
 -1.2781211e-001
 -1.1331409e-001
 -9.0541930e-002
 -5.8405628e-002
 -1.7535595e-002
  2.9426804e-002
  7.8061176e-002
  1.2294033e-001
  1.5878548e-001
  1.8170447e-001
  1.9015624e-001
  1.8534044e-001
  1.7086916e-001
  1.5179035e-001
  1.3323332e-001
  1.1906917e-001
  1.1098105e-001
  1.0821829e-001
  1.0809948e-001
  1.0709793e-001
  1.0216155e-001
  9.1844580e-002
  7.6886355e-002
  6.0045093e-002
  4.5230248e-002
  3.6201937e-002
  3.5249968e-002
  4.2280970e-002
  5.4622648e-002
  6.7633417e-002
  7.5951388e-002
  7.5009311e-002
  6.2349848e-002
  3.8332271e-002
  6.0125370e-003
 -2.9756298e-002
 -6.3705219e-002
 -9.1562721e-002
 -1.1105418e-001
 -1.2219694e-001
 -1.2685556e-001
 -1.2778064e-001
 -1.2752374e-001
 -1.2763687e-001
 -1.2842531e-001
 -1.2928471e-001
 -1.2941314e-001
 -1.2854306e-001
 -1.2734446e-001
 -1.2730398e-001
 -1.3012075e-001
 -1.3687785e-001
 -1.4735904e-001
 -1.5983512e-001
 -1.7146228e-001
 -1.7918708e-001
 -1.8084041e-001
 -1.7600871e-001
 -1.6633365e-001
 -1.5508903e-001
 -1.4614251e-001
 -1.4263591e-001
 -1.4583058e-001
 -1.5452354e-001
 -1.6526069e-001
 -1.7331566e-001
 -1.7415224e-001
 -1.6492557e-001
 -1.4555329e-001
 -1.1900903e-001
 -9.0719912e-002
 -6.7215721e-002
 -5.4402446e-002
 -5.5948614e-002
 -7.2245870e-002
 -1.0024330e-001
 -1.3420526e-001
 -1.6717804e-001
 -1.9274950e-001
 -2.0660660e-001
 -2.0746161e-001
 -1.9710885e-001
 -1.7963136e-001
 -1.6002526e-001
 -1.4267267e-001
 -1.3012676e-001
 -1.2256327e-001
 -1.1803996e-001
 -1.1345025e-001
 -1.0584047e-001
 -9.3645712e-002
 -7.7424025e-002
 -5.9827650e-002
 -4.4796447e-002
 -3.6218922e-002
 -3.6497373e-002
 -4.5510778e-002
 -6.0365374e-002
 -7.6082046e-002
 -8.7062218e-002
 -8.8897875e-002
 -7.9942088e-002
 -6.2093764e-002
 -4.0475662e-002
 -2.2034502e-002
 -1.3455285e-002
 -1.9034879e-002
 -3.9208074e-002
 -7.0234467e-002
 -1.0518816e-001
 -1.3596359e-001
 -1.5566654e-001
 -1.6062314e-001
 -1.5136321e-001
 -1.3227988e-001
 -1.1011258e-001
 -9.1789387e-002
 -8.2359831e-002
 -8.3684295e-002
 -9.4254190e-002
 -1.1010853e-001
 -1.2644097e-001
 -1.3928595e-001
 -1.4669888e-001
 -1.4907621e-001
 -1.4860182e-001
 -1.4812187e-001
 -1.4993141e-001
 -1.5494471e-001
 -1.6253719e-001
 -1.7106911e-001
 -1.7883739e-001
 -1.8504747e-001
 -1.9040168e-001
 -1.9705442e-001
 -2.0792678e-001
 -2.2561374e-001
 -2.5127277e-001
 -2.8390085e-001
 -3.2028430e-001
 -3.5568556e-001
 -3.8508665e-001
 -4.0461961e-001
 -4.1274047e-001
 -4.1076874e-001
 -4.0260000e-001
 -3.9364839e-001
 -3.8931428e-001
 -3.9342504e-001
 -4.0711516e-001
 -4.2848698e-001
 -4.5316026e-001
 -4.7554958e-001
 -4.9048755e-001
 -4.9470883e-001
 -4.8775899e-001
 -4.7207431e-001
 -4.5223424e-001
 -4.3363424e-001
 -4.2098552e-001
 -4.1707577e-001
 -4.2212110e-001
 -4.3384553e-001
 -4.4820827e-001
 -4.6052805e-001
 -4.6667388e-001
 -4.6401479e-001
 -4.5192498e-001
 -4.3178270e-001
 -4.0653403e-001
 -3.7998055e-001
 -3.5598140e-001
 -3.3773907e-001
 -3.2728707e-001
 -3.2523625e-001
 -3.3078389e-001
 -3.4195201e-001
 -3.5599918e-001
 -3.6993763e-001
 -3.8107912e-001
 -3.8752758e-001
 -3.8853556e-001
 -3.8465172e-001
 -3.7761319e-001
 -3.6998250e-001
 -3.6458510e-001
 -3.6385879e-001
 -3.6926121e-001
 -3.8087995e-001
 -3.9734923e-001
 -4.1610292e-001
 -4.3390849e-001
 -4.4755504e-001
 -4.5453154e-001
 -4.5353962e-001
 -4.4473308e-001
 -4.2964703e-001
 -4.1085226e-001
 -3.9142562e-001
 -3.7435473e-001
 -3.6199479e-001
 -3.5567253e-001
 -3.5549796e-001
 -3.6040437e-001
 -3.6839879e-001
 -3.7696995e-001
 -3.8357387e-001
 -3.8610270e-001
 -3.8324543e-001
 -3.7467177e-001
 -3.6101021e-001
 -3.4363771e-001
 -3.2434193e-001
 -3.0494257e-001
 -2.8696335e-001
 -2.7142787e-001
 -2.5881838e-001
 -2.4919484e-001
 -2.4243005e-001
 -2.3848462e-001
 -2.3762858e-001
 -2.4052290e-001
 -2.4810663e-001
 -2.6129307e-001
 -2.8054729e-001
 -3.0547643e-001
 -3.3458747e-001
 -3.6533607e-001
 -3.9450601e-001
 -4.1884348e-001
 -4.3576764e-001
 -4.4392966e-001
 -4.4342636e-001
 -4.3558672e-001
 -4.2240314e-001
 -4.0581703e-001
 -3.8713160e-001
 -3.6678451e-001
 -3.4457458e-001
 -3.2025165e-001
 -2.9421683e-001
 -2.6801039e-001
 -2.4432401e-001
 -2.2644791e-001
 -2.1729412e-001
 -2.1833297e-001
 -2.2886019e-001
 -2.4593034e-001
 -2.6506777e-001
 -2.8157426e-001
 -2.9200468e-001
 -2.9528017e-001
 -2.9300576e-001
 -2.8883017e-001
 -2.8703740e-001
 -2.9085729e-001
 -3.0110826e-001
 -3.1568348e-001
 -3.3009261e-001
 -3.3888564e-001
 -3.3745987e-001
 -3.2360987e-001
 -2.9827938e-001
 -2.6527243e-001
 -2.3006265e-001
 -1.9815579e-001
 -1.7359335e-001
 -1.5808955e-001
 -1.5102031e-001
 -1.5014678e-001
 -1.5269588e-001
 -1.5633509e-001
 -1.5968945e-001
 -1.6229550e-001
 -1.6415259e-001
 -1.6519921e-001
 -1.6504190e-001
 -1.6310431e-001
 -1.5912459e-001
 -1.5372562e-001
 -1.4871045e-001
 -1.4683470e-001
 -1.5103632e-001
 -1.6336261e-001
 -1.8400909e-001
 -2.1088942e-001
 -2.3998156e-001
 -2.6640211e-001
 -2.8586905e-001
 -2.9603838e-001
 -2.9722086e-001
 -2.9219716e-001
 -2.8517673e-001
 -2.8026273e-001
 -2.7997173e-001
 -2.8434063e-001
 -2.9094078e-001
 -2.9579027e-001
 -2.9483262e-001
 -2.8545212e-001
 -2.6749303e-001
 -2.4343857e-001
 -2.1771262e-001
 -1.9537668e-001
 -1.8069426e-001
 -1.7605505e-001
 -1.8159270e-001
 -1.9555884e-001
 -2.1523811e-001
 -2.3800879e-001
 -2.6213298e-001
 -2.8699854e-001
 -3.1277134e-001
 -3.3965783e-001
 -3.6713072e-001
 -3.9348261e-001
 -4.1594087e-001
 -4.3135421e-001
 -4.3723055e-001
 -4.3275081e-001
 -4.1936327e-001
 -4.0068830e-001
 -3.8169334e-001
 -3.6735646e-001
 -3.6123171e-001
 -3.6438973e-001
 -3.7510469e-001
 -3.8942174e-001
 -4.0244508e-001
 -4.0993508e-001
 -4.0968525e-001
 -4.0221094e-001
 -3.9050644e-001
 -3.7894339e-001
 -3.7168159e-001
 -3.7114090e-001
 -3.7707274e-001
 -3.8657348e-001
 -3.9505999e-001
 -3.9789162e-001
 -3.9208634e-001
 -3.7752791e-001
 -3.5721765e-001
 -3.3644135e-001
 -3.2109382e-001
 -3.1570590e-001
 -3.2184204e-001
 -3.3743503e-001
 -3.5732279e-001
 -3.7484852e-001
 -3.8401668e-001
 -3.8149051e-001
 -3.6775110e-001
 -3.4700591e-001
 -3.2585053e-001
 -3.1110817e-001
 -3.0755191e-001
 -3.1625600e-001
 -3.3411230e-001
 -3.5465850e-001
 -3.6993600e-001
 -3.7277312e-001
 -3.5877930e-001
 -3.2746719e-001
 -2.8223188e-001
 -2.2929559e-001
 -1.7603762e-001
 -1.2927589e-001
 -9.4011512e-002
 -7.2928521e-002
 -6.6648203e-002
 -7.4477903e-002
 -9.5257543e-002
 -1.2793012e-001
 -1.7162495e-001
 -2.2527398e-001
 -2.8699214e-001
 -3.5356351e-001
 -4.2034831e-001
 -4.8177313e-001
 -5.3234618e-001
 -5.6792976e-001
 -5.8687680e-001
 -5.9064184e-001
 -5.8361005e-001
 -5.7211176e-001
 -5.6283692e-001
 -5.6105998e-001
 -5.6916894e-001
 -5.8593345e-001
 -6.0675506e-001
 -6.2486864e-001
 -6.3318349e-001
 -6.2625191e-001
 -6.0179788e-001
 -5.6135448e-001
 -5.0981973e-001
 -4.5406843e-001
 -4.0105130e-001
 -3.5597176e-001
 -3.2110072e-001
 -2.9557448e-001
 -2.7619107e-001
 -2.5888750e-001
 -2.4035953e-001
 -2.1925450e-001
 -1.9653655e-001
 -1.7493181e-001
 -1.5769735e-001
 -1.4719919e-001
 -1.4384651e-001
 -1.4578789e-001
 -1.4948675e-001
 -1.5096314e-001
 -1.4723975e-001
 -1.3745274e-001
 -1.2320916e-001
 -1.0804718e-001
 -9.6182021e-002
 -9.0980950e-002
 -9.3712033e-002
 -1.0301841e-001
 -1.1531659e-001
 -1.2599433e-001
 -1.3100436e-001
 -1.2831160e-001
 -1.1870146e-001
 -1.0567483e-001
 -9.4465205e-002
 -9.0505464e-002
 -9.7845337e-002
 -1.1801922e-001
 -1.4969322e-001
 -1.8914664e-001
 -2.3136762e-001
 -2.7136121e-001
 -3.0524018e-001
 -3.3079166e-001
 -3.4743203e-001
 -3.5568785e-001
 -3.5649076e-001
 -3.5059951e-001
 -3.3836534e-001
 -3.1988826e-001
 -2.9544126e-001
 -2.6593540e-001
 -2.3319303e-001
 -1.9988388e-001
 -1.6911817e-001
 -1.4382433e-001
 -1.2611876e-001
 -1.1687408e-001
 -1.1561893e-001
 -1.2078571e-001
 -1.3020814e-001
 -1.4169660e-001
 -1.5350879e-001
 -1.6458553e-001
 -1.7451379e-001
 -1.8327743e-001
 -1.9092394e-001
 -1.9729200e-001
 -2.0190659e-001
 -2.0407436e-001
 -2.0313269e-001
 -1.9875214e-001
 -1.9118034e-001
 -1.8134514e-001
 -1.7078804e-001
 -1.6145006e-001
 -1.5536475e-001
 -1.5431940e-001
 -1.5953620e-001
 -1.7141337e-001
 -1.8936345e-001
 -2.1179014e-001
 -2.3624581e-001
 -2.5979288e-001
 -2.7954690e-001
 -2.9331472e-001
 -3.0018058e-001
 -3.0086606e-001
 -2.9771947e-001
 -2.9427909e-001
 -2.9448168e-001
 -3.0171003e-001
 -3.1794589e-001
 -3.4328367e-001
 -3.7596187e-001
 -4.1291092e-001
 -4.5065046e-001
 -4.8625434e-001
 -5.1807857e-001
 -5.4602675e-001
 -5.7128117e-001
 -5.9560439e-001
 -6.2045397e-001
 -6.4620901e-001
 -6.7176506e-001
 -6.9463308e-001
 -7.1151975e-001
 -7.1922259e-001
 -7.1558427e-001
 -7.0023842e-001
 -6.7493961e-001
 -6.4338296e-001
 -6.1054790e-001
 -5.8171664e-001
 -5.6139246e-001
 -5.5236443e-001
 -5.5513188e-001
 -5.6782312e-001
 -5.8663379e-001
 -6.0669390e-001
 -6.2316975e-001
 -6.3234348e-001
 -6.3240710e-001
 -6.2376873e-001
 -6.0878837e-001
 -5.9101352e-001
 -5.7412712e-001
 -5.6090880e-001
 -5.5251028e-001
 -5.4825238e-001
 -5.4598965e-001
 -5.4291113e-001
 -5.3651163e-001
 -5.2542128e-001
 -5.0983826e-001
 -4.9144610e-001
 -4.7286661e-001
 -4.5684279e-001
 -4.4541864e-001
 -4.3936554e-001
 -4.3801141e-001
 -4.3949414e-001
 -4.4133273e-001
 -4.4112571e-001
 -4.3716896e-001
 -4.2883101e-001
 -4.1661216e-001
 -4.0191388e-001
 -3.8662334e-001
 -3.7265627e-001
 -3.6159052e-001
 -3.5447250e-001
 -3.5180871e-001
 -3.5368910e-001
 -3.5995305e-001
 -3.7031066e-001
 -3.8437257e-001
 -4.0160114e-001
 -4.2124648e-001
 -4.4234896e-001
 -4.6386133e-001
 -4.8487812e-001
 -5.0488802e-001
 -5.2392207e-001
 -5.4248899e-001
 -5.6126918e-001
 -5.8065473e-001
 -6.0032102e-001
 -6.1904417e-001
 -6.3490982e-001
 -6.4590752e-001
 -6.5072763e-001
 -6.4945234e-001
 -6.4382319e-001
 -6.3689541e-001
 -6.3211631e-001
 -6.3210665e-001
 -6.3757964e-001
 -6.4683048e-001
 -6.5605596e-001
 -6.6047446e-001
 -6.5591553e-001
 -6.4035085e-001
 -6.1482456e-001
 -5.8342343e-001
 -5.5224670e-001
 -5.2767820e-001
 -5.1450703e-001
 -5.1449954e-001
 -5.2587668e-001
 -5.4385029e-001
 -5.6202958e-001
 -5.7424159e-001
 -5.7620618e-001
 -5.6658853e-001
 -5.4717883e-001
 -5.2223041e-001
 -4.9722526e-001
 -4.7745905e-001
 -4.6682477e-001
 -4.6705460e-001
 -4.7751367e-001
 -4.9549195e-001
 -5.1685191e-001
 -5.3686667e-001
 -5.5110386e-001
 -5.5623932e-001
 -5.5069945e-001
 -5.3502881e-001
 -5.1188422e-001
 -4.8559291e-001
 -4.6129983e-001
 -4.4385038e-001
 -4.3667211e-001
 -4.4097433e-001
 -4.5553762e-001
 -4.7720789e-001
 -5.0198292e-001
 -5.2635930e-001
 -5.4848273e-001
 -5.6867397e-001
 -5.8909717e-001
 -6.1263751e-001
 -6.4136028e-001
 -6.7511530e-001
 -7.1084770e-001
 -7.4296206e-001
 -7.6472584e-001
 -7.7031425e-001
 -7.5683202e-001
 -7.2560312e-001
 -6.8222591e-001
 -6.3528531e-001
 -5.9406515e-001
 -5.6595455e-001
 -5.5437004e-001
 -5.5786861e-001
 -5.7075257e-001
 -5.8498585e-001
 -5.9281372e-001
 -5.8924639e-001
 -5.7361018e-001
 -5.4967495e-001
 -5.2433317e-001
 -5.0528030e-001
 -4.9846929e-001
 -5.0617708e-001
 -5.2630677e-001
 -5.5312763e-001
 -5.7917237e-001
 -5.9762940e-001
 -6.0441807e-001
 -5.9926509e-001
 -5.8546278e-001
 -5.6845400e-001
 -5.5379220e-001
 -5.4522669e-001
 -5.4359404e-001
 -5.4688559e-001
 -5.5142154e-001
 -5.5365213e-001
 -5.5187527e-001
 -5.4718956e-001
 -5.4328437e-001
 -5.4510192e-001
 -5.5683585e-001
 -5.7999851e-001
 -6.1229439e-001
 -6.4777328e-001
 -6.7829065e-001
 -6.9583496e-001
 -6.9495607e-001
 -6.7446939e-001
 -6.3784061e-001
 -5.9210124e-001
 -5.4565029e-001
 -5.0568419e-001
 -4.7612792e-001
 -4.5676696e-001
 -4.4386113e-001
 -4.3200419e-001
 -4.1655803e-001
 -3.9578896e-001
 -3.7193551e-001
 -3.5080415e-001
 -3.3999610e-001
 -3.4633824e-001
 -3.7336775e-001
 -4.1971269e-001
 -4.7892453e-001
 -5.4085227e-001
 -5.9415644e-001
 -6.2920389e-001
 -6.4047403e-001
 -6.2777255e-001
 -5.9593208e-001
 -5.5314967e-001
 -5.0851914e-001
 -4.6953328e-001
 -4.4029779e-001
 -4.2093534e-001
 -4.0826147e-001
 -3.9741441e-001
 -3.8384730e-001
 -3.6502227e-001
 -3.4129058e-001
 -3.1574116e-001
 -2.9314491e-001
 -2.7840030e-001
 -2.7501281e-001
 -2.8408783e-001
 -3.0411623e-001
 -3.3155964e-001
 -3.6199162e-001
 -3.9139852e-001
 -4.1722758e-001
 -4.3888367e-001
 -4.5757097e-001
 -4.7558709e-001
 -4.9533809e-001
 -5.1840869e-001
 -5.4498033e-001
 -5.7375816e-001
 -6.0239274e-001
 -6.2821910e-001
 -6.4903768e-001
 -6.6365958e-001
 -6.7203401e-001
 -6.7493659e-001
 -6.7336679e-001
 -6.6792146e-001
 -6.5843065e-001
 -6.4405090e-001
 -6.2383433e-001
 -5.9759272e-001
 -5.6672578e-001
 -5.3464643e-001
 -5.0653651e-001
 -4.8838054e-001
 -4.8548505e-001
 -5.0090501e-001
 -5.3428453e-001
 -5.8153400e-001
 -6.3552696e-001
 -6.8767846e-001
 -7.2997302e-001
 -7.5684668e-001
 -7.6635936e-001
 -7.6031556e-001
 -7.4333179e-001
 -7.2118958e-001
 -6.9903538e-001
 -6.8001537e-001
 -6.6475689e-001
 -6.5179728e-001
 -6.3872774e-001
 -6.2358444e-001
 -6.0596042e-001
 -5.8744262e-001
 -5.7124101e-001
 -5.6117034e-001
 -5.6036290e-001
 -5.7016037e-001
 -5.8954365e-001
 -6.1525752e-001
 -6.4255584e-001
 -6.6631630e-001
 -6.8220254e-001
 -6.8758851e-001
 -6.8206850e-001
 -6.6749969e-001
 -6.4761922e-001
 -6.2732806e-001
 -6.1175354e-001
 -6.0521838e-001
 -6.1027311e-001
 -6.2698352e-001
 -6.5267661e-001
 -6.8229802e-001
 -7.0940740e-001
 -7.2765101e-001
 -7.3236492e-001
 -7.2185203e-001
 -6.9790734e-001
 -6.6535525e-001
 -6.3066705e-001
 -6.0004487e-001
 -5.7757433e-001
 -5.6406576e-001
 -5.5699900e-001
 -5.5161768e-001
 -5.4281172e-001
 -5.2713335e-001
 -5.0422640e-001
 -4.7714475e-001
 -4.5142883e-001
 -4.3325560e-001
 -4.2731257e-001
 -4.3514536e-001
 -4.5455541e-001
 -4.8024506e-001
 -5.0546616e-001
 -5.2408696e-001
 -5.3237176e-001
 -5.2990399e-001
 -5.1941134e-001
 -5.0564425e-001
 -4.9376734e-001
 -4.8784261e-001
 -4.8988539e-001
 -4.9971320e-001
 -5.1549804e-001
 -5.3469367e-001
 -5.5492639e-001
 -5.7452614e-001
 -5.9257909e-001
 -6.0860838e-001
 -6.2213911e-001
 -6.3241886e-001
 -6.3845368e-001
 -6.3933958e-001
 -6.3471055e-001
 -6.2505832e-001
 -6.1173496e-001
 -5.9659788e-001
 -5.8142719e-001
 -5.6735711e-001
 -5.5456565e-001
 -5.4235703e-001
 -5.2960111e-001
 -5.1533891e-001
 -4.9929324e-001
 -4.8206993e-001
 -4.6497471e-001
 -4.4954112e-001
 -4.3698916e-001
 -4.2785741e-001
 -4.2196596e-001
 -4.1871192e-001
 -4.1754521e-001
 -4.1838764e-001
 -4.2177975e-001
 -4.2865920e-001
 -4.3983823e-001
 -4.5538880e-001
 -4.7420299e-001
 -4.9394806e-001
 -5.1149957e-001
 -5.2376192e-001
 -5.2863771e-001
 -5.2583600e-001
 -5.1724064e-001
 -5.0667995e-001
 -4.9911291e-001
 -4.9941975e-001
 -5.1110921e-001
 -5.3529246e-001
 -5.7021664e-001
 -6.1150967e-001
 -6.5310008e-001
 -6.8858906e-001
 -7.1271975e-001
 -7.2255107e-001
 -7.1801642e-001
 -7.0171599e-001
 -6.7801000e-001
 -6.5168378e-001
 -6.2658252e-001
 -6.0462101e-001
 -5.8545943e-001
 -5.6693099e-001
 -5.4607715e-001
 -5.2045895e-001
 -4.8932863e-001
 -4.5428790e-001
 -4.1921541e-001
 -3.8946687e-001
 -3.7057141e-001
 -3.6679890e-001
 -3.8001290e-001
 -4.0914050e-001
 -4.5041032e-001
 -4.9828584e-001
 -5.4681922e-001
 -5.9102915e-001
 -6.2790236e-001
 -6.5673384e-001
 -6.7872514e-001
 -6.9599218e-001
 -7.1032425e-001
 -7.2212021e-001
 -7.2987756e-001
 -7.3043399e-001
 -7.1991388e-001
 -6.9509360e-001
 -6.5474908e-001
 -6.0054035e-001
 -5.3712453e-001
 -4.7142792e-001
 -4.1126831e-001
 -3.6371360e-001
 -3.3362961e-001
 -3.2278977e-001
 -3.2972917e-001
 -3.5029625e-001
 -3.7866996e-001
 -4.0852826e-001
 -4.3408850e-001
 -4.5085938e-001
 -4.5608034e-001
 -4.4891503e-001
 -4.3047470e-001
 -4.0368866e-001
 -3.7296387e-001
 -3.4354756e-001
 -3.2056694e-001
 -3.0786084e-001
 -3.0687935e-001
 -3.1602508e-001
 -3.3076831e-001
 -3.4466830e-001
 -3.5112710e-001
 -3.4539910e-001
 -3.2621008e-001
 -2.9639439e-001
 -2.6224784e-001
 -2.3172824e-001
 -2.1205964e-001
 -2.0754180e-001
 -2.1832495e-001
 -2.4058127e-001
 -2.6800261e-001
 -2.9406740e-001
 -3.1423723e-001
 -3.2727822e-001
 -3.3524434e-001
 -3.4217759e-001
 -3.5207227e-001
 -3.6692567e-001
 -3.8565008e-001
 -4.0427370e-001
 -4.1735095e-001
 -4.2003667e-001
 -4.1003373e-001
 -3.8868652e-001
 -3.6083054e-001
 -3.3347538e-001
 -3.1381316e-001
 -3.0725077e-001
 -3.1609954e-001
 -3.3926767e-001
 -3.7291959e-001
 -4.1174539e-001
 -4.5033935e-001
 -4.8424868e-001
 -5.1046824e-001
 -5.2741354e-001
 -5.3459146e-001
 -5.3223902e-001
 -5.2111988e-001
 -5.0251452e-001
 -4.7830027e-001
 -4.5095487e-001
 -4.2335476e-001
 -3.9834658e-001
 -3.7819049e-001
 -3.6405049e-001
 -3.5570903e-001
 -3.5161531e-001
 -3.4927276e-001
 -3.4586874e-001
 -3.3898469e-001
 -3.2720794e-001
 -3.1049509e-001
 -2.9019607e-001
 -2.6872200e-001
 -2.4891677e-001
 -2.3326162e-001
 -2.2309458e-001
 -2.1804976e-001
 -2.1590003e-001
 -2.1291293e-001
 -2.0470598e-001
 -1.8744020e-001
 -1.5905938e-001
 -1.2021698e-001
 -7.4569105e-002
 -2.8259419e-002
  1.1351111e-002
  3.7414594e-002
  4.5316695e-002
  3.3877958e-002
  5.6536410e-003
 -3.3784083e-002
 -7.7372582e-002
 -1.1841230e-001
 -1.5214858e-001
 -1.7657625e-001
 -1.9224289e-001
 -2.0120068e-001
 -2.0558055e-001
 -2.0640557e-001
 -2.0315412e-001
 -1.9426140e-001
 -1.7833325e-001
 -1.5551250e-001
 -1.2833258e-001
 -1.0157387e-001
 -8.1044817e-002
 -7.1677781e-002
 -7.5663353e-002
 -9.1395108e-002
 -1.1372387e-001
 -1.3552443e-001
 -1.5005320e-001
 -1.5323689e-001
 -1.4502381e-001
 -1.2926631e-001
 -1.1215740e-001
 -9.9802457e-002
 -9.5845686e-002
 -1.0005493e-001
 -1.0840083e-001
 -1.1459012e-001
 -1.1245477e-001
 -9.8276829e-002
 -7.2168540e-002
 -3.8007744e-002
 -1.9957350e-003
  2.9569211e-002
  5.2430877e-002
  6.5627281e-002
  7.1439743e-002
  7.4152466e-002
  7.8195019e-002
  8.6446082e-002
  9.9359118e-002
  1.1519312e-001
  1.3116143e-001
  1.4494695e-001
  1.5591528e-001
  1.6552381e-001
  1.7678633e-001
  1.9305164e-001
  2.1662223e-001
  2.4777607e-001
  2.8456122e-001
  3.2340411e-001
  3.6025148e-001
  3.9177993e-001
  4.1622063e-001
  4.3353594e-001
  4.4496057e-001
  4.5216484e-001
  4.5641868e-001
  4.5809546e-001
