 -3.0209749e-002
 -4.7057649e-002
 -6.7068157e-002
 -8.8363383e-002
 -1.0948770e-001
 -1.2949957e-001
 -1.4774932e-001
 -1.6348427e-001
 -1.7550616e-001
 -1.8209589e-001
 -1.8131651e-001
 -1.7164631e-001
 -1.5274004e-001
 -1.2603038e-001
 -9.4901765e-002
 -6.4292067e-002
 -3.9764349e-002
 -2.6275081e-002
 -2.6981567e-002
 -4.2438182e-002
 -7.0424801e-002
 -1.0646646e-001
 -1.4490121e-001
 -1.8019731e-001
 -2.0815811e-001
 -2.2669848e-001
 -2.3601152e-001
 -2.3812456e-001
 -2.3601329e-001
 -2.3255644e-001
 -2.2964032e-001
 -2.2766273e-001
 -2.2555890e-001
 -2.2131817e-001
 -2.1281906e-001
 -1.9872209e-001
 -1.7914458e-001
 -1.5590444e-001
 -1.3224450e-001
 -1.1210107e-001
 -9.9119172e-002
 -9.5700081e-002
 -1.0236672e-001
 -1.1764397e-001
 -1.3849641e-001
 -1.6119176e-001
 -1.8232088e-001
 -1.9965245e-001
 -2.1255483e-001
 -2.2186399e-001
 -2.2926611e-001
 -2.3642989e-001
 -2.4420784e-001
 -2.5219515e-001
 -2.5880176e-001
 -2.6180604e-001
 -2.5918465e-001
 -2.4991715e-001
 -2.3447702e-001
 -2.1483639e-001
 -1.9398538e-001
 -1.7513461e-001
 -1.6087238e-001
 -1.5255248e-001
 -1.5009796e-001
 -1.5225533e-001
 -1.5717856e-001
 -1.6311621e-001
 -1.6895213e-001
 -1.7441524e-001
 -1.7990134e-001
 -1.8599389e-001
 -1.9288275e-001
 -1.9992142e-001
 -2.0552070e-001
 -2.0746192e-001
 -2.0356310e-001
 -1.9249277e-001
 -1.7444855e-001
 -1.5142977e-001
 -1.2694128e-001
 -1.0514276e-001
 -8.9651520e-002
 -8.2351268e-002
 -8.2599595e-002
 -8.7135738e-002
 -9.0785720e-002
 -8.7805672e-002
 -7.3482372e-002
 -4.5504644e-002
 -4.6747425e-003
  4.5266975e-002
  9.8645974e-002
  1.4936189e-001
  1.9242344e-001
  2.2504309e-001
  2.4699085e-001
  2.6016433e-001
  2.6758585e-001
  2.7220147e-001
  2.7588182e-001
  2.7891540e-001
  2.8009260e-001
  2.7727719e-001
  2.6822018e-001
  2.5132824e-001
  2.2615574e-001
  1.9351184e-001
  1.5521212e-001
  1.1360876e-001
  7.1077550e-002
  2.9618099e-002
 -9.3425764e-003
 -4.4935134e-002
 -7.6680986e-002
 -1.0426735e-001
 -1.2735615e-001
 -1.4548933e-001
 -1.5811160e-001
 -1.6469399e-001
 -1.6491578e-001
 -1.5885280e-001
 -1.4712255e-001
 -1.3094738e-001
 -1.1211243e-001
 -9.2813476e-002
 -7.5410209e-002
 -6.2122097e-002
 -5.4721171e-002
 -5.4284027e-002
 -6.1057921e-002
 -7.4471829e-002
 -9.3287334e-002
 -1.1584619e-001
 -1.4034466e-001
 -1.6505927e-001
 -1.8846831e-001
 -2.0925202e-001
 -2.2619936e-001
 -2.3808374e-001
 -2.4358183e-001
 -2.4129356e-001
 -2.2988390e-001
 -2.0832160e-001
 -1.7615346e-001
 -1.3373740e-001
 -8.2368346e-002
 -2.4261990e-002
  3.7599977e-002
  9.9727537e-002
  1.5843136e-001
  2.1013434e-001
  2.5165224e-001
  2.8042774e-001
  2.9471418e-001
  2.9370647e-001
  2.7761029e-001
  2.4763429e-001
  2.0589064e-001
  1.5520123e-001
  9.8828078e-002
  4.0168237e-002
 -1.7533652e-002
 -7.1405760e-002
 -1.1907486e-001
 -1.5870214e-001
 -1.8896424e-001
 -2.0903014e-001
 -2.1857615e-001
 -2.1785181e-001
 -2.0776882e-001
 -1.8995296e-001
 -1.6669046e-001
 -1.4072502e-001
 -1.1491268e-001
 -9.1802147e-002
 -7.3251810e-002
 -6.0201119e-002
 -5.2674020e-002
 -5.0016645e-002
 -5.1285859e-002
 -5.5643590e-002
 -6.2601661e-002
 -7.2013020e-002
 -8.3804036e-002
 -9.7554285e-002
 -1.1211139e-001
 -1.2544262e-001
 -1.3485843e-001
 -1.3761265e-001
 -1.3173265e-001
 -1.1681738e-001
 -9.4510015e-002
 -6.8426618e-002
 -4.3486352e-002
 -2.4789413e-002
 -1.6356276e-002
 -2.0110865e-002
 -3.5429650e-002
 -5.9402603e-002
 -8.7719582e-002
 -1.1588941e-001
 -1.4039422e-001
 -1.5941749e-001
 -1.7294621e-001
 -1.8227454e-001
 -1.8914363e-001
 -1.9486277e-001
 -1.9973778e-001
 -2.0299436e-001
 -2.0318845e-001
 -1.9891496e-001
 -1.8952808e-001
 -1.7559757e-001
 -1.5893523e-001
 -1.4218697e-001
 -1.2813764e-001
 -1.1896767e-001
 -1.1570493e-001
 -1.1803855e-001
 -1.2453483e-001
 -1.3316337e-001
 -1.4194829e-001
 -1.4952997e-001
 -1.5546420e-001
 -1.6017902e-001
 -1.6462341e-001
 -1.6973998e-001
 -1.7594610e-001
 -1.8280009e-001
 -1.8896737e-001
 -1.9250544e-001
 -1.9138707e-001
 -1.8410911e-001
 -1.7020824e-001
 -1.5053373e-001
 -1.2719814e-001
 -1.0321946e-001
 -8.1953369e-002
 -6.6468010e-002
 -5.9020460e-002
 -6.0754385e-002
 -7.1666300e-002
 -9.0807197e-002
 -1.1662391e-001
 -1.4731848e-001
 -1.8112088e-001
 -2.1642045e-001
 -2.5176401e-001
 -2.8577992e-001
 -3.1710832e-001
 -3.4440318e-001
 -3.6643013e-001
 -3.8223398e-001
 -3.9131255e-001
 -3.9372464e-001
 -3.9008198e-001
 -3.8141825e-001
 -3.6897498e-001
 -3.5397424e-001
 -3.3745143e-001
 -3.2019558e-001
 -3.0280210e-001
 -2.8579933e-001
 -2.6978293e-001
 -2.5549058e-001
 -2.4377325e-001
 -2.3545970e-001
 -2.3115295e-001
 -2.3102582e-001
 -2.3468895e-001
 -2.4118450e-001
 -2.4912068e-001
 -2.5691676e-001
 -2.6309247e-001
 -2.6652024e-001
 -2.6657107e-001
 -2.6312150e-001
 -2.5643772e-001
 -2.4699571e-001
 -2.3531779e-001
 -2.2189364e-001
 -2.0721126e-001
 -1.9186536e-001
 -1.7666041e-001
 -1.6260949e-001
 -1.5076165e-001
 -1.4186530e-001
 -1.3596838e-001
 -1.3212808e-001
 -1.2841470e-001
 -1.2232556e-001
 -1.1158613e-001
 -9.5148135e-002
 -7.4062845e-002
 -5.1871165e-002
 -3.4245525e-002
 -2.7829980e-002
 -3.8495230e-002
 -6.9465282e-002
 -1.1988944e-001
 -1.8436920e-001
 -2.5370420e-001
 -3.1675977e-001
 -3.6299598e-001
 -3.8495881e-001
 -3.8001156e-001
 -3.5079927e-001
 -3.0432848e-001
 -2.4997925e-001
 -1.9709491e-001
 -1.5289910e-001
 -1.2133375e-001
 -1.0305538e-001
 -9.6405553e-002
 -9.8844198e-002
 -1.0822121e-001
 -1.2339630e-001
 -1.4403656e-001
 -1.6979046e-001
 -1.9930721e-001
 -2.2963430e-001
 -2.5636394e-001
 -2.7457888e-001
 -2.8030192e-001
 -2.7191925e-001
 -2.5102009e-001
 -2.2228569e-001
 -1.9239805e-001
 -1.6829369e-001
 -1.5532618e-001
 -1.5593321e-001
 -1.6921977e-001
 -1.9154190e-001
 -2.1783047e-001
 -2.4316259e-001
 -2.6404912e-001
 -2.7906414e-001
 -2.8871953e-001
 -2.9476943e-001
 -2.9930311e-001
 -3.0399572e-001
 -3.0974848e-001
 -3.1674088e-001
 -3.2473497e-001
 -3.3339430e-001
 -3.4242760e-001
 -3.5150501e-001
 -3.6004415e-001
 -3.6705039e-001
 -3.7117643e-001
 -3.7105236e-001
 -3.6578593e-001
 -3.5541846e-001
 -3.4110420e-001
 -3.2487553e-001
 -3.0902604e-001
 -2.9531679e-001
 -2.8431063e-001
 -2.7511783e-001
 -2.6569601e-001
 -2.5364122e-001
 -2.3721536e-001
 -2.1625252e-001
 -1.9261155e-001
 -1.6998500e-001
 -1.5307900e-001
 -1.4637681e-001
 -1.5282573e-001
 -1.7281358e-001
 -2.0372810e-001
 -2.4024912e-001
 -2.7534600e-001
 -3.0177888e-001
 -3.1376498e-001
 -3.0839993e-001
 -2.8644708e-001
 -2.5223659e-001
 -2.1263764e-001
 -1.7533202e-001
 -1.4684286e-001
 -1.3087664e-001
 -1.2746489e-001
 -1.3315459e-001
 -1.4216703e-001
 -1.4814239e-001
 -1.4592042e-001
 -1.3283534e-001
 -1.0920543e-001
 -7.7985694e-002
 -4.3812760e-002
 -1.1810015e-002
  1.3492039e-002
  2.8896616e-002
  3.2890470e-002
  2.5681558e-002
  9.0480610e-003
 -1.3914577e-002
 -3.9134930e-002
 -6.2032639e-002
 -7.8139731e-002
 -8.3836030e-002
 -7.7067463e-002
 -5.7856658e-002
 -2.8428805e-002
  7.1303465e-003
  4.3625623e-002
  7.5721542e-002
  9.8871277e-002
  1.0997438e-001
  1.0764094e-001
  9.2083239e-002
  6.4772768e-002
  2.8044978e-002
 -1.5206687e-002
 -6.1703985e-002
 -1.0788427e-001
 -1.5004409e-001
 -1.8462267e-001
 -2.0863660e-001
 -2.2016943e-001
 -2.1874505e-001
 -2.0541564e-001
 -1.8248197e-001
 -1.5290411e-001
 -1.1959499e-001
 -8.4854793e-002
 -5.0163323e-002
 -1.6407938e-002
  1.5563028e-002
  4.4328940e-002
  6.7550315e-002
  8.2127858e-002
  8.4910014e-002
  7.3751124e-002
  4.8536554e-002
  1.1744401e-002
 -3.1761658e-002
 -7.5751803e-002
 -1.1419982e-001
 -1.4290927e-001
 -1.6063955e-001
 -1.6931630e-001
 -1.7321362e-001
 -1.7735412e-001
 -1.8565590e-001
 -1.9945845e-001
 -2.1694000e-001
 -2.3363966e-001
 -2.4392472e-001
 -2.4292644e-001
 -2.2831441e-001
 -2.0133383e-001
 -1.6676742e-001
 -1.3181762e-001
 -1.0423256e-001
 -9.0221118e-002
 -9.2763313e-002
 -1.1080927e-001
 -1.3960736e-001
 -1.7207904e-001
 -2.0085013e-001
 -2.2034422e-001
 -2.2830863e-001
 -2.2629884e-001
 -2.1895892e-001
 -2.1231456e-001
 -2.1161914e-001
 -2.1945103e-001
 -2.3468943e-001
 -2.5271165e-001
 -2.6675234e-001
 -2.6998287e-001
 -2.5764198e-001
 -2.2855253e-001
 -1.8558514e-001
 -1.3498678e-001
 -8.4847349e-002
 -4.3207617e-002
 -1.6352015e-002
 -7.6932715e-003
 -1.7419281e-002
 -4.2837508e-002
 -7.9199111e-002
 -1.2074261e-001
 -1.6174073e-001
 -1.9740851e-001
 -2.2458654e-001
 -2.4213108e-001
 -2.5094436e-001
 -2.5360056e-001
 -2.5359553e-001
 -2.5436261e-001
 -2.5830785e-001
 -2.6616185e-001
 -2.7687703e-001
 -2.8812238e-001
 -2.9720238e-001
 -3.0204896e-001
 -3.0189138e-001
 -2.9733387e-001
 -2.8982208e-001
 -2.8075269e-001
 -2.7065125e-001
 -2.5882780e-001
 -2.4371258e-001
 -2.2376299e-001
 -1.9855217e-001
 -1.6953057e-001
 -1.4005508e-001
 -1.1456991e-001
 -9.7181378e-002
 -9.0143810e-002
 -9.2848857e-002
 -1.0174890e-001
 -1.1130806e-001
 -1.1569157e-001
 -1.1062475e-001
 -9.4781841e-002
 -7.0229995e-002
 -4.1789502e-002
 -1.5551168e-002
  2.9253574e-003
  1.0124689e-002
  5.3321268e-003
 -9.5329624e-003
 -3.0830783e-002
 -5.4436954e-002
 -7.6813919e-002
 -9.5571364e-002
 -1.0944154e-001
 -1.1787487e-001
 -1.2062019e-001
 -1.1761900e-001
 -1.0933080e-001
 -9.7318291e-002
 -8.4702922e-002
 -7.6071698e-002
 -7.6613715e-002
 -9.0616203e-002
 -1.1980144e-001
 -1.6216754e-001
 -2.1190184e-001
 -2.6057763e-001
 -2.9935568e-001
 -3.2149209e-001
 -3.2428415e-001
 -3.0975079e-001
 -2.8378794e-001
 -2.5409140e-001
 -2.2758337e-001
 -2.0824166e-001
 -1.9605724e-001
 -1.8741437e-001
 -1.7667528e-001
 -1.5835535e-001
 -1.2912933e-001
 -8.9040592e-002
 -4.1609155e-002
  7.0935530e-003
  5.0050213e-002
  8.1105837e-002
  9.6530104e-002
  9.6006300e-002
  8.2862335e-002
  6.3486591e-002
  4.5988223e-002
  3.8295178e-002
  4.6042682e-002
  7.0753904e-002
  1.0887507e-001
  1.5211862e-001
  1.8926036e-001
  2.0908970e-001
  2.0376822e-001
  1.7159142e-001
  1.1820460e-001
  5.5724981e-002
 -1.4184795e-004
 -3.4241992e-002
 -3.6171064e-002
 -3.2613251e-003
  5.8563485e-002
  1.3633647e-001
  2.1353338e-001
  2.7445254e-001
  3.0820874e-001
  3.1122827e-001
  2.8762756e-001
  2.4750875e-001
  2.0379948e-001
  1.6862770e-001
  1.5026690e-001
  1.5143071e-001
  1.6924354e-001
  1.9671438e-001
  2.2514169e-001
  2.4667715e-001
  2.5631230e-001
  2.5278949e-001
  2.3829716e-001
  2.1717635e-001
  1.9413867e-001
  1.7259986e-001
  1.5364765e-001
  1.3592275e-001
  1.1638042e-001
  9.1620485e-002
  5.9312049e-002
  1.9241049e-002
 -2.6341617e-002
 -7.3156447e-002
 -1.1596107e-001
 -1.4991939e-001
 -1.7188549e-001
 -1.8125977e-001
 -1.8019833e-001
 -1.7312007e-001
 -1.6562020e-001
 -1.6303936e-001
 -1.6903057e-001
 -1.8449179e-001
 -2.0717293e-001
 -2.3211642e-001
 -2.5287414e-001
 -2.6321162e-001
 -2.5883793e-001
 -2.3865539e-001
 -2.0514054e-001
 -1.6372319e-001
 -1.2134638e-001
 -8.4655609e-002
 -5.8386218e-002
 -4.4442946e-002
 -4.1921396e-002
 -4.7992954e-002
 -5.9281477e-002
 -7.3206752e-002
 -8.8808699e-002
 -1.0677892e-001
 -1.2872992e-001
 -1.5601401e-001
 -1.8856159e-001
 -2.2419009e-001
 -2.5865552e-001
 -2.8645210e-001
 -3.0211169e-001
 -3.0160144e-001
 -2.8340636e-001
 -2.4900247e-001
 -2.0261847e-001
 -1.5038240e-001
 -9.9095598e-002
 -5.4941671e-002
 -2.2421623e-002
 -3.7253635e-003
  1.3701400e-003
 -4.8825925e-003
 -1.8914478e-002
 -3.6658052e-002
 -5.4246654e-002
 -6.8443592e-002
 -7.6774537e-002
 -7.7464839e-002
 -6.9359144e-002
 -5.1983926e-002
 -2.5804190e-002
  7.4299935e-003
  4.4475638e-002
  8.0776220e-002
  1.1116148e-001
  1.3098341e-001
  1.3737395e-001
  1.3017728e-001
  1.1215355e-001
  8.8278782e-002
  6.4300610e-002
  4.5017567e-002
  3.2894870e-002
  2.7536528e-002
  2.6222713e-002
  2.5309047e-002
  2.1935068e-002
  1.5349222e-002
  7.2922885e-003
  1.2450250e-003
  8.0013150e-004
  7.7851695e-003
  2.0895655e-002
  3.5439234e-002
  4.4397013e-002
  4.0521025e-002
  1.8786791e-002
 -2.1645130e-002
 -7.6671487e-002
 -1.3801716e-001
 -1.9534861e-001
 -2.3908821e-001
 -2.6304341e-001
 -2.6601823e-001
 -2.5190830e-001
 -2.2828029e-001
 -2.0393145e-001
 -1.8624531e-001
 -1.7919769e-001
 -1.8261590e-001
 -1.9284611e-001
 -2.0450127e-001
 -2.1261147e-001
 -2.1439992e-001
 -2.1008342e-001
 -2.0247516e-001
 -1.9560828e-001
 -1.9294286e-001
 -1.9584897e-001
 -2.0293407e-001
 -2.1045713e-001
 -2.1366343e-001
 -2.0853434e-001
 -1.9329550e-001
 -1.6911931e-001
 -1.3975857e-001
 -1.1024596e-001
 -8.5142121e-002
 -6.6984336e-002
 -5.5515078e-002
 -4.7980904e-002
 -4.0395151e-002
 -2.9298484e-002
 -1.3362484e-002
  5.7688800e-003
  2.3734904e-002
  3.4754320e-002
  3.3531882e-002
  1.7121933e-002
 -1.3900963e-002
 -5.5385800e-002
 -1.0071099e-001
 -1.4270777e-001
 -1.7577785e-001
 -1.9750981e-001
 -2.0925687e-001
 -2.1547601e-001
 -2.2203409e-001
 -2.3402912e-001
 -2.5384129e-001
 -2.8006391e-001
 -3.0768637e-001
 -3.2949868e-001
 -3.3828770e-001
 -3.2913022e-001
 -3.0104538e-001
 -2.5746706e-001
 -2.0537386e-001
 -1.5334794e-001
 -1.0918077e-001
 -7.7786306e-002
 -6.0072143e-002
 -5.3092780e-002
 -5.1378453e-002
 -4.8946779e-002
 -4.1295953e-002
 -2.6718394e-002
 -6.5439890e-003
  1.5679371e-002
  3.5681597e-002
  5.0037025e-002
  5.7214286e-002
  5.7762789e-002
  5.3653251e-002
  4.7130359e-002
  3.9618282e-002
  3.1174766e-002
  2.0738349e-002
  7.0607000e-003
 -1.0094206e-002
 -2.9041803e-002
 -4.6025966e-002
 -5.6000543e-002
 -5.4139705e-002
 -3.7557431e-002
 -6.5937275e-003
  3.4846351e-002
  8.0077632e-002
  1.2130249e-001
  1.5158850e-001
  1.6647492e-001
  1.6468993e-001
  1.4782916e-001
  1.1926590e-001
  8.2851607e-002
  4.1997404e-002
 -5.1405300e-004
 -4.2039846e-002
 -7.9343115e-002
 -1.0821505e-001
 -1.2391814e-001
 -1.2252002e-001
 -1.0269851e-001
 -6.7244586e-002
 -2.3452993e-002
  1.8072451e-002
  4.6069378e-002
  5.1961647e-002
  3.2745651e-002
 -7.6941740e-003
 -5.9458609e-002
 -1.0953164e-001
 -1.4576776e-001
 -1.6058384e-001
 -1.5304099e-001
 -1.2858357e-001
 -9.6581008e-002
 -6.6649751e-002
 -4.5183744e-002
 -3.3411172e-002
 -2.7663780e-002
 -2.1650490e-002
 -9.7293790e-003
  1.0207439e-002
  3.5436720e-002
  5.9229464e-002
  7.3461796e-002
  7.1949579e-002
  5.3152259e-002
  2.1140207e-002
 -1.5597330e-002
 -4.7081224e-002
 -6.5407700e-002
 -6.7595869e-002
 -5.6628376e-002
 -4.0274220e-002
 -2.8116722e-002
 -2.7885537e-002
 -4.2456180e-002
 -6.8636295e-002
 -9.8196654e-002
 -1.2077453e-001
 -1.2758791e-001
 -1.1460654e-001
 -8.4035559e-002
 -4.3595380e-002
 -3.8877055e-003
  2.5180204e-002
  3.7632024e-002
  3.3205332e-002
  1.7129797e-002
 -1.9157915e-003
 -1.4855841e-002
 -1.5169962e-002
 -7.5489300e-004
  2.5829815e-002
  5.8646949e-002
  9.0587924e-002
  1.1563625e-001
  1.3040720e-001
  1.3453932e-001
  1.2998599e-001
  1.1965742e-001
  1.0605242e-001
  9.0444502e-002
  7.2898526e-002
  5.3020391e-002
  3.1033243e-002
  8.6456055e-003
 -1.0728225e-002
 -2.2563984e-002
 -2.2472052e-002
 -7.6559870e-003
  2.1947451e-002
  6.3273688e-002
  1.1064516e-001
  1.5704230e-001
  1.9572425e-001
  2.2169238e-001
  2.3256842e-001
  2.2867913e-001
  2.1241269e-001
  1.8714060e-001
  1.5610942e-001
  1.2167019e-001
  8.5059267e-002
  4.6732179e-002
  7.0594810e-003
 -3.2921483e-002
 -7.1013436e-002
 -1.0384749e-001
 -1.2741772e-001
 -1.3804926e-001
 -1.3353787e-001
 -1.1411770e-001
 -8.2924313e-002
 -4.5729392e-002
 -9.9114525e-003
  1.7146685e-002
  2.9842227e-002
  2.5818537e-002
  6.6481405e-003
 -2.2541835e-002
 -5.4471023e-002
 -8.1772007e-002
 -9.9113627e-002
 -1.0470912e-001
 -1.0069549e-001
 -9.2217172e-002
 -8.5476784e-002
 -8.5383832e-002
 -9.3604720e-002
 -1.0772173e-001
 -1.2185987e-001
 -1.2864673e-001
 -1.2189388e-001
 -9.9098293e-002
 -6.2869309e-002
 -2.0706822e-002
  1.6905622e-002
  3.9548690e-002
  4.0090675e-002
  1.7014002e-002
 -2.4968072e-002
 -7.6267009e-002
 -1.2534951e-001
 -1.6230405e-001
 -1.8187286e-001
 -1.8494464e-001
 -1.7801344e-001
 -1.7079111e-001
 -1.7277771e-001
 -1.8993515e-001
 -2.2256080e-001
 -2.6504330e-001
 -3.0755104e-001
 -3.3907405e-001
 -3.5082068e-001
 -3.3889083e-001
 -3.0541644e-001
 -2.5787258e-001
 -2.0684022e-001
 -1.6295973e-001
 -1.3401690e-001
 -1.2300739e-001
 -1.2768280e-001
 -1.4161386e-001
 -1.5636472e-001
 -1.6408309e-001
 -1.5974633e-001
 -1.4245994e-001
 -1.1551567e-001
 -8.5278411e-002
 -5.9277675e-002
 -4.4055060e-002
 -4.3333290e-002
 -5.6944181e-002
 -8.0734622e-002
 -1.0742739e-001
 -1.2820569e-001
 -1.3465459e-001
 -1.2064198e-001
 -8.3750583e-002
 -2.5964441e-002
  4.6548805e-002
  1.2455251e-001
  1.9756736e-001
  2.5606008e-001
  2.9352782e-001
  3.0797997e-001
  3.0240407e-001
  2.8401065e-001
  2.6235163e-001
  2.4672796e-001
  2.4354917e-001
  2.5439204e-001
  2.7537514e-001
  2.9813234e-001
  3.1221358e-001
  3.0829511e-001
  2.8128704e-001
  2.3239095e-001
  1.6941497e-001
  1.0513907e-001
  5.4100455e-002
  2.8660958e-002
  3.5469631e-002
  7.3356022e-002
  1.3329879e-001
  2.0052375e-001
  2.5817180e-001
  2.9152654e-001
  2.9163730e-001
  2.5736096e-001
  1.9531399e-001
  1.1783184e-001
  3.9593259e-002
 -2.6084105e-002
 -7.0232033e-002
 -8.9735491e-002
 -8.7079422e-002
 -6.8621049e-002
 -4.2103081e-002
 -1.4296766e-002
  1.0474019e-002
  3.0566711e-002
  4.6147858e-002
  5.7766774e-002
  6.5107075e-002
  6.6525583e-002
  5.9615313e-002
  4.2557703e-002
  1.5651906e-002
 -1.7717319e-002
 -5.1229677e-002
 -7.7029965e-002
 -8.8009246e-002
 -8.0211579e-002
 -5.4495556e-002
 -1.6783980e-002
  2.3309635e-002
  5.5141185e-002
  7.0195464e-002
  6.4758794e-002
  4.1238655e-002
  7.6655915e-003
 -2.4531967e-002
 -4.3853393e-002
 -4.2175229e-002
 -1.7290389e-002
  2.6240497e-002
  7.8208456e-002
  1.2554216e-001
  1.5595408e-001
  1.6137648e-001
  1.4017653e-001
  9.7508377e-002
  4.3726279e-002
 -8.6291650e-003
 -4.8335710e-002
 -6.8422835e-002
 -6.7679951e-002
 -5.0357124e-002
 -2.4253690e-002
  2.1137810e-003
  2.2314721e-002
  3.3884211e-002
  3.8722521e-002
  4.1961405e-002
  4.9745689e-002
  6.6718888e-002
  9.4076982e-002
  1.2884827e-001
  1.6464113e-001
  1.9361173e-001
  2.0899833e-001
  2.0737819e-001
  1.8988942e-001
  1.6199742e-001
  1.3186378e-001
  1.0783883e-001
  9.5891910e-002
  9.7816568e-002
  1.1079183e-001
  1.2843094e-001
  1.4295780e-001
  1.4778488e-001
  1.3964751e-001
  1.1961391e-001
  9.2676689e-002
  6.6102637e-002
  4.7113677e-002
  4.0661720e-002
  4.7991996e-002
  6.6399638e-002
  9.0183078e-002
  1.1242537e-001
  1.2700976e-001
  1.3025833e-001
  1.2175520e-001
  1.0420371e-001
  8.2462586e-002
  6.2119258e-002
  4.8035436e-002
  4.3242399e-002
  4.8412044e-002
  6.1946413e-002
  8.0569186e-002
  1.0020226e-001
  1.1687989e-001
  1.2748315e-001
  1.3015112e-001
  1.2432300e-001
  1.1046654e-001
  8.9631355e-002
  6.3008440e-002
  3.1662160e-002
 -3.4733850e-003
 -4.1356970e-002
 -8.0500242e-002
 -1.1873122e-001
 -1.5325181e-001
 -1.8107560e-001
 -1.9977264e-001
 -2.0829317e-001
 -2.0756111e-001
 -2.0056131e-001
 -1.9179486e-001
 -1.8619259e-001
 -1.8778264e-001
 -1.9852080e-001
 -2.1766693e-001
 -2.4192929e-001
 -2.6635750e-001
 -2.8572684e-001
 -2.9600540e-001
 -2.9547707e-001
 -2.8520799e-001
 -2.6874623e-001
 -2.5116437e-001
 -2.3772446e-001
 -2.3252438e-001
 -2.3746138e-001
 -2.5174664e-001
 -2.7206038e-001
 -2.9329049e-001
 -3.0967912e-001
 -3.1612735e-001
 -3.0938429e-001
 -2.8887009e-001
 -2.5695014e-001
 -2.1858079e-001
 -1.8037223e-001
 -1.4924220e-001
 -1.3093618e-001
 -1.2874010e-001
 -1.4268972e-001
 -1.6948556e-001
 -2.0316850e-001
 -2.3643348e-001
 -2.6229883e-001
 -2.7574625e-001
 -2.7493292e-001
 -2.6166017e-001
 -2.4095310e-001
 -2.1982487e-001
 -2.0551518e-001
 -2.0364615e-001
 -2.1677969e-001
 -2.4376681e-001
 -2.8006884e-001
 -3.1895806e-001
 -3.5325315e-001
 -3.7709287e-001
 -3.8725086e-001
 -3.8364824e-001
 -3.6897680e-001
 -3.4762083e-001
 -3.2426621e-001
 -3.0264893e-001
 -2.8480672e-001
 -2.7099604e-001
 -2.6019698e-001
 -2.5093725e-001
 -2.4208484e-001
 -2.3330931e-001
 -2.2506841e-001
 -2.1817575e-001
 -2.1317397e-001
 -2.0981168e-001
 -2.0687743e-001
 -2.0249639e-001
 -1.9480218e-001
 -1.8273205e-001
 -1.6662288e-001
 -1.4834104e-001
 -1.3084434e-001
 -1.1729092e-001
 -1.0999686e-001
 -1.0962611e-001
 -1.1493717e-001
 -1.2322207e-001
 -1.3132202e-001
 -1.3687857e-001
 -1.3936780e-001
 -1.4051351e-001
 -1.4387542e-001
 -1.5369253e-001
 -1.7333227e-001
 -2.0385397e-001
 -2.4318129e-001
 -2.8619356e-001
 -3.2575137e-001
 -3.5436990e-001
 -3.6604743e-001
 -3.5771670e-001
 -3.2992192e-001
 -2.8658149e-001
 -2.3398074e-001
 -1.7935045e-001
 -1.2945695e-001
 -8.9549289e-002
 -6.2826599e-002
 -5.0387725e-002
 -5.1490857e-002
 -6.3926733e-002
 -8.4386504e-002
 -1.0882502e-001
 -1.3290554e-001
 -1.5260684e-001
 -1.6497311e-001
 -1.6884174e-001
 -1.6527687e-001
 -1.5744290e-001
 -1.4979937e-001
 -1.4674511e-001
 -1.5109053e-001
 -1.6287808e-001
 -1.7902432e-001
 -1.9401488e-001
 -2.0152241e-001
 -1.9646854e-001
 -1.7685162e-001
 -1.4469910e-001
 -1.0577563e-001
 -6.8093002e-002
 -3.9677483e-002
 -2.6303093e-002
 -2.9905835e-002
 -4.8153286e-002
 -7.5249543e-002
 -1.0365367e-001
 -1.2612418e-001
 -1.3745822e-001
 -1.3546904e-001
 -1.2105393e-001
 -9.7518161e-002
 -6.9519618e-002
 -4.2024080e-002
 -1.9530258e-002
 -5.6200490e-003
 -2.7197465e-003
 -1.1902333e-002
 -3.2637572e-002
 -6.2553397e-002
 -9.7413525e-002
 -1.3154940e-001
 -1.5886578e-001
 -1.7430018e-001
 -1.7535516e-001
 -1.6316436e-001
 -1.4259531e-001
 -1.2115472e-001
 -1.0687075e-001
 -1.0573680e-001
 -1.1954600e-001
 -1.4490896e-001
 -1.7391219e-001
 -1.9633886e-001
 -2.0281992e-001
 -1.8791577e-001
 -1.5209333e-001
 -1.0189257e-001
 -4.8169615e-002
 -2.9568120e-003
  2.4037482e-002
  2.8134937e-002
  1.0715779e-002
 -2.1729883e-002
 -6.0139345e-002
 -9.6068289e-002
 -1.2439270e-001
 -1.4458235e-001
 -1.6014533e-001
 -1.7652031e-001
 -1.9826310e-001
 -2.2663038e-001
 -2.5851508e-001
 -2.8718689e-001
 -3.0461885e-001
 -3.0457899e-001
 -2.8535280e-001
 -2.5105652e-001
 -2.1097444e-001
 -1.7704366e-001
 -1.6027285e-001
 -1.6728117e-001
 -1.9813228e-001
 -2.4621445e-001
 -3.0022580e-001
 -3.4760656e-001
 -3.7827015e-001
 -3.8739712e-001
 -3.7639964e-001
 -3.5181646e-001
 -3.2262303e-001
 -2.9697937e-001
 -2.7959647e-001
 -2.7062907e-001
 -2.6640470e-001
 -2.6159942e-001
 -2.5193341e-001
 -2.3628355e-001
 -2.1735914e-001
 -2.0066691e-001
 -1.9217787e-001
 -1.9563894e-001
 -2.1063828e-001
 -2.3226421e-001
 -2.5258958e-001
 -2.6349397e-001
 -2.5978242e-001
 -2.4139198e-001
 -2.1377392e-001
 -1.8620061e-001
 -1.6852907e-001
 -1.6756011e-001
 -1.8432584e-001
 -2.1333406e-001
 -2.4410209e-001
 -2.6448261e-001
 -2.6463107e-001
 -2.4023353e-001
 -1.9388753e-001
 -1.3420083e-001
 -7.2985041e-002
 -2.1574940e-002
  1.2435355e-002
  2.6958051e-002
  2.5181517e-002
  1.3573924e-002
 -1.0466280e-003
 -1.4271981e-002
 -2.5725795e-002
 -3.9044809e-002
 -6.0323573e-002
 -9.5651021e-002
 -1.4863418e-001
 -2.1874603e-001
 -3.0100333e-001
 -3.8701750e-001
 -4.6703365e-001
 -5.3231360e-001
 -5.7718097e-001
 -6.0020644e-001
 -6.0428755e-001
 -5.9567357e-001
 -5.8222725e-001
 -5.7136244e-001
 -5.6814228e-001
 -5.7397715e-001
 -5.8623673e-001
 -5.9890036e-001
 -6.0413458e-001
 -5.9444770e-001
 -5.6488738e-001
 -5.1468385e-001
 -4.4784322e-001
 -3.7245870e-001
 -2.9887010e-001
 -2.3715424e-001
 -1.9465028e-001
 -1.7422879e-001
 -1.7378941e-001
 -1.8708833e-001
 -2.0558578e-001
 -2.2070924e-001
 -2.2584925e-001
 -2.1756053e-001
 -1.9575958e-001
 -1.6306126e-001
 -1.2364751e-001
 -8.2126838e-002
 -4.2722066e-002
 -8.8914629e-003
  1.6737599e-002
  3.2361605e-002
  3.7123543e-002
  3.1410334e-002
  1.7179264e-002
 -1.9512750e-003
 -2.1087853e-002
 -3.4997420e-002
 -3.9418182e-002
 -3.2357453e-002
 -1.4908983e-002
  8.7695150e-003
  3.2408380e-002
  4.9263408e-002
  5.3927958e-002
  4.3722203e-002
  1.9199929e-002
 -1.6368666e-002
 -5.8302093e-002
 -1.0207657e-001
 -1.4455313e-001
 -1.8441611e-001
 -2.2171219e-001
 -2.5675495e-001
 -2.8892246e-001
 -3.1591854e-001
 -3.3387607e-001
 -3.3833329e-001
 -3.2575197e-001
 -2.9501288e-001
 -2.4830971e-001
 -1.9106793e-001
 -1.3086076e-001
 -7.5647268e-002
 -3.1890663e-002
 -3.1477410e-003
  1.0450836e-002
  1.1718308e-002
  5.1493225e-003
 -4.6585120e-003
 -1.4361472e-002
 -2.2580930e-002
 -2.9797970e-002
 -3.7559935e-002
 -4.7366765e-002
 -5.9701708e-002
 -7.3593878e-002
 -8.6881137e-002
 -9.7062666e-002
 -1.0239617e-001
 -1.0279208e-001
 -1.0012579e-001
 -9.7804056e-002
 -9.9703311e-002
 -1.0884056e-001
 -1.2625123e-001
 -1.5048863e-001
 -1.7794845e-001
 -2.0393386e-001
 -2.2411674e-001
 -2.3590815e-001
 -2.3927895e-001
 -2.3675539e-001
 -2.3259259e-001
 -2.3140371e-001
 -2.3670273e-001
 -2.4984252e-001
 -2.6969405e-001
 -2.9316200e-001
 -3.1635358e-001
 -3.3600156e-001
 -3.5066138e-001
 -3.6127797e-001
 -3.7092558e-001
 -3.8379402e-001
 -4.0374094e-001
 -4.3287491e-001
 -4.7063441e-001
 -5.1368233e-001
 -5.5668940e-001
 -5.9380427e-001
 -6.2038525e-001
 -6.3446477e-001
 -6.3746865e-001
 -6.3391034e-001
 -6.3007623e-001
 -6.3203228e-001
 -6.4352212e-001
 -6.6441298e-001
 -6.9023804e-001
 -7.1309356e-001
 -7.2374956e-001
 -7.1443714e-001
 -6.8151227e-001
 -6.2716286e-001
 -5.5955496e-001
 -4.9125430e-001
 -4.3627926e-001
 -4.0657589e-001
 -4.0890672e-001
 -4.4303880e-001
 -5.0173391e-001
 -5.7251072e-001
 -6.4064150e-001
 -6.9252781e-001
 -7.1855876e-001
 -7.1478325e-001
 -6.8312312e-001
 -6.3027455e-001
 -5.6575816e-001
 -4.9970870e-001
 -4.4094139e-001
 -3.9564945e-001
 -3.6686072e-001
 -3.5458402e-001
 -3.5645061e-001
 -3.6860989e-001
 -3.8665486e-001
 -4.0640483e-001
 -4.2444176e-001
 -4.3836596e-001
 -4.4680168e-001
 -4.4923147e-001
 -4.4576237e-001
 -4.3691963e-001
 -4.2352550e-001
 -4.0666691e-001
 -3.8770681e-001
 -3.6827199e-001
 -3.5016403e-001
 -3.3518261e-001
 -3.2489798e-001
 -3.2043818e-001
 -3.2235087e-001
 -3.3056549e-001
 -3.4443809e-001
 -3.6283656e-001
 -3.8423062e-001
 -4.0678437e-001
 -4.2848539e-001
 -4.4735422e-001
 -4.6174724e-001
 -4.7070261e-001
 -4.7421628e-001
 -4.7331256e-001
 -4.6981717e-001
 -4.6584440e-001
 -4.6313661e-001
 -4.6248471e-001
 -4.6346375e-001
 -4.6462142e-001
 -4.6408651e-001
 -4.6038674e-001
 -4.5315709e-001
 -4.4343529e-001
 -4.3338668e-001
 -4.2552428e-001
 -4.2170482e-001
 -4.2229663e-001
 -4.2587609e-001
 -4.2962267e-001
 -4.3031512e-001
 -4.2558730e-001
 -4.1497827e-001
 -4.0036332e-001
 -3.8556437e-001
 -3.7523424e-001
 -3.7337664e-001
 -3.8200139e-001
 -4.0037168e-001
 -4.2509217e-001
 -4.5099727e-001
 -4.7253291e-001
 -4.8518047e-001
 -4.8649166e-001
 -4.7646851e-001
 -4.5726111e-001
 -4.3237433e-001
 -4.0569751e-001
 -3.8066716e-001
 -3.5976266e-001
 -3.4437806e-001
 -3.3497558e-001
 -3.3135992e-001
 -3.3292696e-001
 -3.3881431e-001
 -3.4796695e-001
 -3.5918698e-001
 -3.7123833e-001
 -3.8303147e-001
 -3.9384833e-001
 -4.0352098e-001
 -4.1247310e-001
 -4.2157837e-001
 -4.3186265e-001
 -4.4414707e-001
 -4.5876138e-001
 -4.7543621e-001
 -4.9341126e-001
 -5.1170540e-001
 -5.2942202e-001
 -5.4594479e-001
 -5.6092865e-001
 -5.7409146e-001
 -5.8491916e-001
 -5.9246168e-001
 -5.9537989e-001
 -5.9230369e-001
 -5.8241614e-001
 -5.6604861e-001
 -5.4502109e-001
 -5.2252146e-001
 -5.0247407e-001
 -4.8854548e-001
 -4.8309629e-001
 -4.8644427e-001
 -4.9672639e-001
 -5.1045483e-001
 -5.2361966e-001
 -5.3298434e-001
 -5.3712822e-001
 -5.3685335e-001
 -5.3477953e-001
 -5.3423519e-001
 -5.3781607e-001
 -5.4612789e-001
 -5.5719578e-001
 -5.6680991e-001
 -5.6975360e-001
 -5.6153802e-001
 -5.4006603e-001
 -5.0664272e-001
 -4.6595143e-001
 -4.2495370e-001
 -3.9103233e-001
 -3.6995356e-001
 -3.6428964e-001
 -3.7279647e-001
 -3.9093389e-001
 -4.1235272e-001
 -4.3087003e-001
 -4.4230894e-001
 -4.4563363e-001
 -4.4304263e-001
 -4.3901861e-001
 -4.3866258e-001
 -4.4586109e-001
 -4.6187808e-001
 -4.8481671e-001
 -5.1011027e-001
 -5.3186838e-001
 -5.4463415e-001
 -5.4498577e-001
 -5.3248016e-001
 -5.0966225e-001
 -4.8117357e-001
 -4.5228561e-001
 -4.2735873e-001
 -4.0873292e-001
 -3.9639237e-001
 -3.8847227e-001
 -3.8238642e-001
 -3.7614708e-001
 -3.6939088e-001
 -3.6373310e-001
 -3.6230765e-001
 -3.6863169e-001
 -3.8516938e-001
 -4.1208289e-001
 -4.4661514e-001
 -4.8336140e-001
 -5.1541429e-001
 -5.3609051e-001
 -5.4075329e-001
 -5.2819095e-001
 -5.0111966e-001
 -4.6561926e-001
 -4.2961816e-001
 -4.0082705e-001
 -3.8469606e-001
 -3.8298005e-001
 -3.9333289e-001
 -4.1005715e-001
 -4.2579880e-001
 -4.3369616e-001
 -4.2935858e-001
 -4.1210507e-001
 -3.8511976e-001
 -3.5451074e-001
 -3.2758548e-001
 -3.1087836e-001
 -3.0851418e-001
 -3.2135670e-001
 -3.4712250e-001
 -3.8132951e-001
 -4.1870281e-001
 -4.5455399e-001
 -4.8571340e-001
 -5.1079521e-001
 -5.2983364e-001
 -5.4354993e-001
 -5.5261353e-001
 -5.5721665e-001
 -5.5711282e-001
 -5.5205001e-001
 -5.4234909e-001
 -5.2931207e-001
 -5.1521861e-001
 -5.0285245e-001
 -4.9471411e-001
 -4.9223086e-001
 -4.9530158e-001
 -5.0239616e-001
 -5.1121097e-001
 -5.1964970e-001
 -5.2674792e-001
 -5.3315667e-001
 -5.4095222e-001
 -5.5279421e-001
 -5.7071560e-001
 -5.9499379e-001
 -6.2355427e-001
 -6.5218618e-001
 -6.7556336e-001
 -6.8876416e-001
 -6.8878393e-001
 -6.7551158e-001
 -6.5181175e-001
 -6.2265989e-001
 -5.9361098e-001
 -5.6912120e-001
 -5.5129843e-001
 -5.3950712e-001
 -5.3095067e-001
 -5.2200719e-001
 -5.0982836e-001
 -4.9362140e-001
 -4.7515107e-001
 -4.5827924e-001
 -4.4769967e-001
 -4.4730652e-001
 -4.5875569e-001
 -4.8070360e-001
 -5.0897015e-001
 -5.3756157e-001
 -5.6021572e-001
 -5.7198817e-001
 -5.7041911e-001
 -5.5598613e-001
 -5.3178609e-001
 -5.0261213e-001
 -4.7373509e-001
 -4.4972850e-001
 -4.3360996e-001
 -4.2644723e-001
 -4.2744374e-001
 -4.3441122e-001
 -4.4447236e-001
 -4.5481543e-001
 -4.6333488e-001
 -4.6903001e-001
 -4.7208828e-001
 -4.7364726e-001
 -4.7529877e-001
 -4.7845950e-001
 -4.8377027e-001
 -4.9068816e-001
 -4.9739812e-001
 -5.0109882e-001
 -4.9862433e-001
 -4.8727226e-001
 -4.6564144e-001
 -4.3425823e-001
 -3.9580055e-001
 -3.5481184e-001
 -3.1691835e-001
 -2.8769503e-001
 -2.7143429e-001
 -2.7012328e-001
 -2.8290870e-001
 -3.0621984e-001
 -3.3455554e-001
 -3.6175991e-001
 -3.8246853e-001
 -3.9334771e-001
 -3.9379623e-001
 -3.8592352e-001
 -3.7382122e-001
 -3.6234308e-001
 -3.5574392e-001
 -3.5655671e-001
 -3.6500344e-001
 -3.7906690e-001
 -3.9515532e-001
 -4.0912935e-001
 -4.1738120e-001
 -4.1767504e-001
 -4.0956027e-001
 -3.9431358e-001
 -3.7450139e-001
 -3.5333916e-001
 -3.3404139e-001
 -3.1930919e-001
 -3.1102180e-001
 -3.1011778e-001
 -3.1660181e-001
 -3.2960770e-001
 -3.4748018e-001
 -3.6788497e-001
 -3.8798958e-001
 -4.0475709e-001
 -4.1535752e-001
 -4.1764221e-001
 -4.1057350e-001
 -3.9448235e-001
 -3.7105461e-001
 -3.4301843e-001
 -3.1359663e-001
 -2.8586545e-001
 -2.6219564e-001
 -2.4392720e-001
 -2.3135282e-001
 -2.2398279e-001
 -2.2097283e-001
 -2.2155002e-001
 -2.2528742e-001
 -2.3214851e-001
 -2.4232078e-001
 -2.5594282e-001
 -2.7286734e-001
 -2.9257767e-001
 -3.1429822e-001
 -3.3724335e-001
 -3.6087713e-001
 -3.8504161e-001
 -4.0986363e-001
 -4.3545027e-001
 -4.6148753e-001
 -4.8691925e-001
 -5.0987204e-001
 -5.2790580e-001
 -5.3854224e-001
 -5.3990695e-001
 -5.3126431e-001
 -5.1325576e-001
 -4.8775788e-001
 -4.5741657e-001
 -4.2502901e-001
 -3.9299135e-001
 -3.6299020e-001
 -3.3601008e-001
 -3.1260188e-001
 -2.9326066e-001
 -2.7873009e-001
 -2.7009314e-001
 -2.6860199e-001
 -2.7530642e-001
 -2.9061834e-001
 -3.1397655e-001
 -3.4374455e-001
 -3.7740151e-001
 -4.1199603e-001
 -4.4475129e-001
 -4.7365844e-001
 -4.9788616e-001
 -5.1787025e-001
 -5.3502639e-001
 -5.5113309e-001
 -5.6753883e-001
 -5.8442178e-001
 -6.0034496e-001
 -6.1228699e-001
 -6.1619919e-001
 -6.0797923e-001
 -5.8461100e-001
 -5.4515172e-001
 -4.9127690e-001
 -4.2721800e-001
 -3.5910421e-001
 -2.9389049e-001
 -2.3815999e-001
 -1.9709732e-001
 -1.7384255e-001
 -1.6929282e-001
 -1.8227728e-001
 -2.0994610e-001
 -2.4821328e-001
 -2.9216664e-001
 -3.3646034e-001
 -3.7577725e-001
 -4.0544314e-001
 -4.2218243e-001
 -4.2486544e-001
 -4.1497959e-001
 -3.9653870e-001
 -3.7526512e-001
 -3.5712009e-001
 -3.4653775e-001
 -3.4491924e-001
 -3.4996414e-001
 -3.5620810e-001
 -3.5674755e-001
 -3.4568747e-001
 -3.2051901e-001
 -2.8356370e-001
 -2.4186836e-001
 -2.0544167e-001
 -1.8431689e-001
 -1.8538850e-001
 -2.1011587e-001
 -2.5393638e-001
 -3.0765508e-001
 -3.6037774e-001
 -4.0298455e-001
 -4.3092306e-001
 -4.4532343e-001
 -4.5203426e-001
 -4.5893118e-001
 -4.7248525e-001
 -4.9485757e-001
 -5.2260739e-001
 -5.4752550e-001
 -5.5934525e-001
 -5.4941403e-001
 -5.1406454e-001
 -4.5652195e-001
 -3.8667368e-001
 -3.1873254e-001
 -2.6749709e-001
 -2.4433813e-001
 -2.5409483e-001
 -2.9375702e-001
 -3.5326146e-001
 -4.1812086e-001
 -4.7311653e-001
 -5.0604118e-001
 -5.1052191e-001
 -4.8724567e-001
 -4.4335528e-001
 -3.9026119e-001
 -3.4050646e-001
 -3.0453697e-001
 -2.8821995e-001
 -2.9172466e-001
 -3.0998953e-001
 -3.3455523e-001
 -3.5616862e-001
 -3.6737170e-001
 -3.6433887e-001
 -3.4749885e-001
 -3.2087967e-001
 -2.9050877e-001
 -2.6245542e-001
 -2.4114359e-001
 -2.2839584e-001
 -2.2337204e-001
 -2.2325988e-001
 -2.2436446e-001
 -2.2319102e-001
 -2.1721126e-001
 -2.0518595e-001
 -1.8710070e-001
 -1.6388498e-001
 -1.3709617e-001
 -1.0867836e-001
 -8.0801552e-002
 -5.5710047e-002
 -3.5497826e-002
 -2.1786225e-002
 -1.5369977e-002
 -1.5971026e-002
 -2.2248358e-002
 -3.2140407e-002
 -4.3484794e-002
 -5.4721853e-002
 -6.5407822e-002
 -7.6289360e-002
 -8.8832576e-002
 -1.0431652e-001
 -1.2281280e-001
 -1.4248623e-001
 -1.5959897e-001
 -1.6937453e-001
 -1.6754432e-001
 -1.5208143e-001
 -1.2446237e-001
 -8.9880009e-002
 -5.6161032e-002
 -3.1615318e-002
 -2.2484863e-002
 -3.0882032e-002
 -5.4000355e-002
 -8.4959471e-002
 -1.1505419e-001
 -1.3663961e-001
 -1.4561601e-001
 -1.4259699e-001
 -1.3232170e-001
 -1.2153184e-001
 -1.1612295e-001
 -1.1866577e-001
 -1.2725866e-001
 -1.3616065e-001
 -1.3796477e-001
 -1.2646966e-001
 -9.9134172e-002
 -5.8163612e-002
 -9.8144430e-003
  3.7797586e-002
  7.7521093e-002
  1.0553006e-001
  1.2233647e-001
  1.3212625e-001
  1.4076419e-001
  1.5332841e-001
  1.7218388e-001
  1.9633823e-001
  2.2226295e-001
  2.4575245e-001
  2.6398538e-001
  2.7690924e-001
  2.8739146e-001
  3.0011746e-001
  3.1973441e-001
  3.4902466e-001
  3.8784098e-001
  4.3318694e-001
  4.8034332e-001
  5.2453034e-001
  5.6241878e-001
  5.9291552e-001
  6.1698388e-001
  6.3666528e-001
  6.5377769e-001
  6.6886343e-001
  6.8082065e-001
