 -6.2837832e-002
 -9.0102434e-002
 -1.1420345e-001
 -1.3450906e-001
 -1.5107031e-001
 -1.6448610e-001
 -1.7550580e-001
 -1.8452247e-001
 -1.9117474e-001
 -1.9425589e-001
 -1.9202704e-001
 -1.8287871e-001
 -1.6613744e-001
 -1.4273053e-001
 -1.1543729e-001
 -8.8574792e-002
 -6.7149215e-002
 -5.5690701e-002
 -5.7110190e-002
 -7.1927225e-002
 -9.8110499e-002
 -1.3158419e-001
 -1.6724697e-001
 -2.0019739e-001
 -2.2680867e-001
 -2.4536005e-001
 -2.5608426e-001
 -2.6067549e-001
 -2.6145894e-001
 -2.6050551e-001
 -2.5896452e-001
 -2.5679791e-001
 -2.5296386e-001
 -2.4596106e-001
 -2.3454311e-001
 -2.1837029e-001
 -1.9839035e-001
 -1.7682113e-001
 -1.5672480e-001
 -1.4128617e-001
 -1.3300165e-001
 -1.3302333e-001
 -1.4086700e-001
 -1.5458803e-001
 -1.7138270e-001
 -1.8842972e-001
 -2.0369805e-001
 -2.1644838e-001
 -2.2725430e-001
 -2.3753539e-001
 -2.4877140e-001
 -2.6168805e-001
 -2.7572356e-001
 -2.8898786e-001
 -2.9874927e-001
 -3.0228828e-001
 -2.9782080e-001
 -2.8516441e-001
 -2.6591175e-001
 -2.4305219e-001
 -2.2017733e-001
 -2.0054764e-001
 -1.8633385e-001
 -1.7826872e-001
 -1.7578447e-001
 -1.7753201e-001
 -1.8204653e-001
 -1.8828752e-001
 -1.9585001e-001
 -2.0478679e-001
 -2.1514355e-001
 -2.2642869e-001
 -2.3727137e-001
 -2.4545656e-001
 -2.4838582e-001
 -2.4384813e-001
 -2.3085412e-001
 -2.1023572e-001
 -1.8476223e-001
 -1.5866063e-001
 -1.3661353e-001
 -1.2248510e-001
 -1.1813633e-001
 -1.2269777e-001
 -1.3255810e-001
 -1.4212811e-001
 -1.4520706e-001
 -1.3658419e-001
 -1.1341941e-001
 -7.5998064e-002
 -2.7637426e-002
  2.6219275e-002
  7.9435984e-002
  1.2670262e-001
  1.6468819e-001
  1.9251487e-001
  2.1147443e-001
  2.2415502e-001
  2.3331945e-001
  2.4092130e-001
  2.4755545e-001
  2.5246018e-001
  2.5398784e-001
  2.5031547e-001
  2.4011776e-001
  2.2298018e-001
  1.9945420e-001
  1.7079683e-001
  1.3853972e-001
  1.0406882e-001
  6.8362381e-002
  3.1957141e-002
 -4.8744080e-003
 -4.1818788e-002
 -7.8200396e-002
 -1.1275128e-001
 -1.4355114e-001
 -1.6818101e-001
 -1.8409568e-001
 -1.8917829e-001
 -1.8239212e-001
 -1.6439176e-001
 -1.3791333e-001
 -1.0775501e-001
 -8.0209901e-002
 -6.1933015e-002
 -5.8398243e-002
 -7.2283970e-002
 -1.0225190e-001
 -1.4258759e-001
 -1.8401548e-001
 -2.1569838e-001
 -2.2805297e-001
 -2.1567452e-001
 -1.7949449e-001
 -1.2738550e-001
 -7.2795870e-002
 -3.1559466e-002
 -1.7620369e-002
 -3.8837971e-002
 -9.4130240e-002
 -1.7290679e-001
 -2.5710818e-001
 -3.2539439e-001
 -3.5836411e-001
 -3.4336159e-001
 -2.7755006e-001
 -1.6846239e-001
 -3.1996873e-002
  1.1144295e-001
  2.4149830e-001
  3.4185650e-001
  4.0277546e-001
  4.2175365e-001
  4.0254780e-001
  3.5315442e-001
  2.8351064e-001
  2.0353955e-001
  1.2186962e-001
  4.5241496e-002
 -2.1596275e-002
 -7.5755928e-002
 -1.1601864e-001
 -1.4262797e-001
 -1.5702050e-001
 -1.6143844e-001
 -1.5844013e-001
 -1.5041852e-001
 -1.3928482e-001
 -1.2643339e-001
 -1.1298224e-001
 -1.0014121e-001
 -8.9471805e-002
 -8.2826903e-002
 -8.1897769e-002
 -8.7495452e-002
 -9.8863443e-002
 -1.1337322e-001
 -1.2685472e-001
 -1.3458709e-001
 -1.3270654e-001
 -1.1958634e-001
 -9.6695398e-002
 -6.8576270e-002
 -4.1858154e-002
 -2.3541556e-002
 -1.9044634e-002
 -3.0598684e-002
 -5.6487591e-002
 -9.1373973e-002
 -1.2762547e-001
 -1.5725320e-001
 -1.7389479e-001
 -1.7427120e-001
 -1.5871991e-001
 -1.3070105e-001
 -9.5496903e-002
 -5.8573848e-002
 -2.4166558e-002
  5.4553835e-003
  2.9841931e-002
  4.9479614e-002
  6.4605935e-002
  7.4290493e-002
  7.6264702e-002
  6.7687842e-002
  4.6635084e-002
  1.3734154e-002
 -2.6785706e-002
 -6.7245267e-002
 -9.8082804e-002
 -1.1050839e-001
 -9.9425090e-002
 -6.5564749e-002
 -1.5937009e-002
  3.7789114e-002
  8.2623649e-002
  1.0829183e-001
  1.1059015e-001
  9.2813958e-002
  6.4614928e-002
  3.8540189e-002
  2.5369822e-002
  2.9882150e-002
  4.8623633e-002
  7.0628359e-002
  8.1020331e-002
  6.6388353e-002
  2.0123944e-002
 -5.4176179e-002
 -1.4256287e-001
 -2.2409660e-001
 -2.7677943e-001
 -2.8421142e-001
 -2.4082920e-001
 -1.5401129e-001
 -4.2344719e-002
  6.9403369e-002
  1.5700714e-001
  2.0308648e-001
  2.0109055e-001
  1.5588769e-001
  8.1039650e-002
 -6.0986055e-003
 -8.9697748e-002
 -1.5945662e-001
 -2.1216235e-001
 -2.5062599e-001
 -2.8073349e-001
 -3.0792810e-001
 -3.3449379e-001
 -3.5856745e-001
 -3.7507513e-001
 -3.7805618e-001
 -3.6337496e-001
 -3.3076392e-001
 -2.8447301e-001
 -2.3235757e-001
 -1.8379573e-001
 -1.4718894e-001
 -1.2786263e-001
 -1.2696643e-001
 -1.4158955e-001
 -1.6591080e-001
 -1.9292779e-001
 -2.1622162e-001
 -2.3130293e-001
 -2.3628457e-001
 -2.3184842e-001
 -2.2064866e-001
 -2.0638542e-001
 -1.9279761e-001
 -1.8278695e-001
 -1.7782564e-001
 -1.7773688e-001
 -1.8087072e-001
 -1.8462624e-001
 -1.8619592e-001
 -1.8334487e-001
 -1.7501179e-001
 -1.6155196e-001
 -1.4454043e-001
 -1.2619321e-001
 -1.0859952e-001
 -9.3035244e-002
 -7.9608601e-002
 -6.7370898e-002
 -5.4846203e-002
 -4.0762380e-002
 -2.4673178e-002
 -7.1919605e-003
  1.0291135e-002
  2.6319243e-002
  4.0218789e-002
  5.2708946e-002
  6.5949586e-002
  8.2908491e-002
  1.0620232e-001
  1.3680635e-001
  1.7313493e-001
  2.1091305e-001
  2.4400606e-001
  2.6603373e-001
  2.7229235e-001
  2.6136035e-001
  2.3583240e-001
  2.0189763e-001
  1.6785512e-001
  1.4201002e-001
  1.3059241e-001
  1.3631852e-001
  1.5798477e-001
  1.9113666e-001
  2.2951450e-001
  2.6676405e-001
  2.9787744e-001
  3.1999079e-001
  3.3243295e-001
  3.3618787e-001
  3.3310170e-001
  3.2518172e-001
  3.1421145e-001
  3.0171055e-001
  2.8909182e-001
  2.7778707e-001
  2.6915979e-001
  2.6416662e-001
  2.6289982e-001
  2.6425482e-001
  2.6596166e-001
  2.6509100e-001
  2.5894362e-001
  2.4604338e-001
  2.2686210e-001
  2.0395915e-001
  1.8140751e-001
  1.6363376e-001
  1.5402534e-001
  1.5376428e-001
  1.6129087e-001
  1.7259874e-001
  1.8228977e-001
  1.8506940e-001
  1.7722565e-001
  1.5765108e-001
  1.2812137e-001
  9.2778737e-002
  5.7002274e-002
  2.6010400e-002
  3.5910235e-003
 -8.7089125e-003
 -1.1752503e-002
 -8.3446735e-003
 -2.3017505e-003
  2.6538135e-003
  3.8585310e-003
  2.7909550e-004
 -7.4322555e-003
 -1.7357211e-002
 -2.7020894e-002
 -3.4130029e-002
 -3.7096747e-002
 -3.5213114e-002
 -2.8498164e-002
 -1.7380435e-002
 -2.4424045e-003
  1.5594157e-002
  3.5606193e-002
  5.5673341e-002
  7.2819640e-002
  8.3173772e-002
  8.2693889e-002
  6.8364508e-002
  3.9523910e-002
 -1.1695820e-003
 -4.7593921e-002
 -9.1080224e-002
 -1.2227734e-001
 -1.3349715e-001
 -1.2085276e-001
 -8.5507223e-002
 -3.3594682e-002
  2.5219045e-002
  8.0142279e-002
  1.2193446e-001
  1.4508593e-001
  1.4890605e-001
  1.3727789e-001
  1.1724417e-001
  9.6913832e-002
  8.3326835e-002
  8.0856229e-002
  9.0506224e-002
  1.1016839e-001
  1.3562733e-001
  1.6193691e-001
  1.8475180e-001
  2.0128279e-001
  2.1070156e-001
  2.1399353e-001
  2.1339454e-001
  2.1162190e-001
  2.1111633e-001
  2.1346573e-001
  2.1910794e-001
  2.2733277e-001
  2.3654004e-001
  2.4466760e-001
  2.4968357e-001
  2.5003634e-001
  2.4497189e-001
  2.3465931e-001
  2.2010710e-001
  2.0289987e-001
  1.8482799e-001
  1.6750974e-001
  1.5210794e-001
  1.3921709e-001
  1.2894832e-001
  1.2117935e-001
  1.1588389e-001
  1.1342465e-001
  1.1469679e-001
  1.2104616e-001
  1.3395004e-001
  1.5452205e-001
  1.8296716e-001
  2.1814880e-001
  2.5742343e-001
  2.9684517e-001
  3.3175119e-001
  3.5762962e-001
  3.7107393e-001
  3.7057549e-001
  3.5692045e-001
  3.3304706e-001
  3.0336444e-001
  2.7269468e-001
  2.4512555e-001
  2.2310430e-001
  2.0704288e-001
  1.9555270e-001
  1.8622904e-001
  1.7672572e-001
  1.6576341e-001
  1.5373413e-001
  1.4269811e-001
  1.3577218e-001
  1.3611327e-001
  1.4583594e-001
  1.6522350e-001
  1.9249205e-001
  2.2418043e-001
  2.5603252e-001
  2.8408005e-001
  3.0557936e-001
  3.1951742e-001
  3.2655884e-001
  3.2849799e-001
  3.2744177e-001
  3.2502450e-001
  3.2192290e-001
  3.1781311e-001
  3.1174186e-001
  3.0273322e-001
  2.9037505e-001
  2.7515081e-001
  2.5839084e-001
  2.4187014e-001
  2.2721694e-001
  2.1536855e-001
  2.0629137e-001
  1.9908077e-001
  1.9241187e-001
  1.8517819e-001
  1.7707962e-001
  1.6893061e-001
  1.6254943e-001
  1.6022978e-001
  1.6393896e-001
  1.7448715e-001
  1.9093806e-001
  2.1047318e-001
  2.2879743e-001
  2.4101811e-001
  2.4278601e-001
  2.3139984e-001
  2.0656945e-001
  1.7061403e-001
  1.2802045e-001
  8.4460490e-002
  4.5517329e-002
  1.5453443e-002
 -3.6599955e-003
 -1.2235347e-002
 -1.2828710e-002
 -9.2877073e-003
 -5.6379200e-003
 -5.0119140e-003
 -8.8888040e-003
 -1.6805738e-002
 -2.6564160e-002
 -3.4827725e-002
 -3.7930086e-002
 -3.2694316e-002
 -1.7103414e-002
  9.2710325e-003
  4.5107201e-002
  8.7418477e-002
  1.3185139e-001
  1.7316886e-001
  2.0590114e-001
  2.2513936e-001
  2.2740992e-001
  2.1151007e-001
  1.7912773e-001
  1.3504316e-001
  8.6747216e-002
  4.3416692e-002
  1.4348880e-002
  7.1282375e-003
  2.5922583e-002
  7.0332953e-002
  1.3512667e-001
  2.1098434e-001
  2.8614256e-001
  3.4858945e-001
  3.8833685e-001
  3.9928705e-001
  3.8032544e-001
  3.3545954e-001
  2.7302814e-001
  2.0417030e-001
  1.4084684e-001
  9.3747810e-002
  7.0417389e-002
  7.3897430e-002
  1.0213516e-001
  1.4830723e-001
  2.0207048e-001
  2.5156610e-001
  2.8581331e-001
  2.9698885e-001
  2.8206100e-001
  2.4336496e-001
  1.8795817e-001
  1.2591471e-001
  6.8008497e-002
  2.3399459e-002
 -2.0829425e-003
 -6.6640204e-003
  7.7274582e-003
  3.6651820e-002
  7.4737666e-002
  1.1713575e-001
  1.6044555e-001
  2.0293668e-001
  2.4413902e-001
  2.8406769e-001
  3.2242743e-001
  3.5809550e-001
  3.8904651e-001
  4.1271570e-001
  4.2665507e-001
  4.2926094e-001
  4.2035043e-001
  4.0142483e-001
  3.7555057e-001
  3.4688502e-001
  3.1995145e-001
  2.9881566e-001
  2.8633379e-001
  2.8362729e-001
  2.8990100e-001
  3.0265610e-001
  3.1826904e-001
  3.3282422e-001
  3.4302018e-001
  3.4693861e-001
  3.4448578e-001
  3.3738919e-001
  3.2874252e-001
  3.2221108e-001
  3.2110178e-001
  3.2753900e-001
  3.4195637e-001
  3.6302333e-001
  3.8800075e-001
  4.1340035e-001
  4.3574521e-001
  4.5221755e-001
  4.6103695e-001
  4.6151812e-001
  4.5387238e-001
  4.3889889e-001
  4.1772825e-001
  3.9172513e-001
  3.6255070e-001
  3.3227625e-001
  3.0337908e-001
  2.7847628e-001
  2.5976210e-001
  2.4827130e-001
  2.4322713e-001
  2.4178097e-001
  2.3937089e-001
  2.3073205e-001
  2.1134395e-001
  1.7889357e-001
  1.3425775e-001
  8.1608651e-002
  2.7505656e-002
 -2.0826775e-002
 -5.7539226e-002
 -7.9873534e-002
 -8.8979780e-002
 -8.9526459e-002
 -8.8181426e-002
 -9.1415758e-002
 -1.0331878e-001
 -1.2412726e-001
 -1.4995565e-001
 -1.7383736e-001
 -1.8777066e-001
 -1.8514543e-001
 -1.6280964e-001
 -1.2215406e-001
 -6.8907209e-002
 -1.1734032e-002
  3.9911398e-002
  7.8029613e-002
  9.7781884e-002
  9.8236574e-002
  8.2059457e-002
  5.4374868e-002
  2.1239234e-002
 -1.1786115e-002
 -4.0594485e-002
 -6.2877620e-002
 -7.7935726e-002
 -8.6190563e-002
 -8.8672768e-002
 -8.6674558e-002
 -8.1616508e-002
 -7.5042930e-002
 -6.8595222e-002
 -6.3840470e-002
 -6.1934596e-002
 -6.3222414e-002
 -6.6958781e-002
 -7.1330855e-002
 -7.3864838e-002
 -7.2146660e-002
 -6.4636874e-002
 -5.1282134e-002
 -3.3660007e-002
 -1.4539651e-002
  3.0471200e-003
  1.6927718e-002
  2.6694255e-002
  3.4013572e-002
  4.2141734e-002
  5.4720981e-002
  7.4221605e-002
  1.0057692e-001
  1.3056420e-001
  1.5828408e-001
  1.7673382e-001
  1.8006861e-001
  1.6584152e-001
  1.3642942e-001
  9.9044087e-002
  6.4154272e-002
  4.2676479e-002
  4.2746997e-002
  6.7098449e-002
  1.1193576e-001
  1.6776212e-001
  2.2198218e-001
  2.6251586e-001
  2.8129964e-001
  2.7656232e-001
  2.5314505e-001
  2.2076487e-001
  1.9078597e-001
  1.7253935e-001
  1.7036240e-001
  1.8227790e-001
  2.0068893e-001
  2.1482042e-001
  2.1410358e-001
  1.9144335e-001
  1.4539861e-001
  8.0687291e-002
  6.9602750e-003
 -6.3710558e-002
 -1.1986586e-001
 -1.5338616e-001
 -1.6125996e-001
 -1.4606123e-001
 -1.1515420e-001
 -7.8920407e-002
 -4.8455532e-002
 -3.3215131e-002
 -3.9035034e-002
 -6.6857980e-002
 -1.1238782e-001
 -1.6676877e-001
 -2.1823767e-001
 -2.5451952e-001
 -2.6554976e-001
 -2.4596080e-001
 -1.9672482e-001
 -1.2545200e-001
 -4.5110729e-002
  2.8678814e-002
  8.1220846e-002
  1.0233036e-001
  8.8979375e-002
  4.6232000e-002
 -1.3877570e-002
 -7.5306370e-002
 -1.2204763e-001
 -1.4216263e-001
 -1.3067887e-001
 -9.0550017e-002
 -3.1443209e-002
  3.3233534e-002
  9.0131884e-002
  1.2943753e-001
  1.4700930e-001
  1.4463587e-001
  1.2848281e-001
  1.0637376e-001
  8.4883407e-002
  6.7216046e-002
  5.2517645e-002
  3.6747444e-002
  1.4701989e-002
 -1.7579386e-002
 -6.0882704e-002
 -1.1201032e-001
 -1.6433746e-001
 -2.0951919e-001
 -2.3977654e-001
 -2.5004327e-001
 -2.3934217e-001
 -2.1103060e-001
 -1.7190586e-001
 -1.3047622e-001
 -9.4896843e-002
 -7.1106012e-002
 -6.1592152e-002
 -6.5029187e-002
 -7.6798476e-002
 -9.0223624e-002
 -9.8210469e-002
 -9.4920907e-002
 -7.7116502e-002
 -4.4881241e-002
 -1.5643515e-003
  4.7043002e-002
  9.4100165e-002
  1.3333207e-001
  1.6045152e-001
  1.7401717e-001
  1.7551164e-001
  1.6865171e-001
  1.5817101e-001
  1.4846719e-001
  1.4252637e-001
  1.4142075e-001
  1.4446400e-001
  1.4988192e-001
  1.5569678e-001
  1.6048530e-001
  1.6375913e-001
  1.6588989e-001
  1.6768432e-001
  1.6983938e-001
  1.7252877e-001
  1.7529228e-001
  1.7725800e-001
  1.7758411e-001
  1.7591764e-001
  1.7266172e-001
  1.6891839e-001
  1.6610055e-001
  1.6533666e-001
  1.6688256e-001
  1.6977381e-001
  1.7189105e-001
  1.7048497e-001
  1.6305067e-001
  1.4830308e-001
  1.2693185e-001
  1.0184111e-001
  7.7710201e-002
  5.9917325e-002
  5.3086217e-002
  5.9672582e-002
  7.9039253e-002
  1.0735214e-001
  1.3839071e-001
  1.6508035e-001
  1.8131690e-001
  1.8354897e-001
  1.7165244e-001
  1.4885148e-001
  1.2073918e-001
  9.3724944e-002
  7.3396481e-002
  6.3280057e-002
  6.4322775e-002
  7.5165157e-002
  9.3011175e-002
  1.1472435e-001
  1.3773984e-001
  1.6049053e-001
  1.8225786e-001
  2.0259474e-001
  2.2064219e-001
  2.3470509e-001
  2.4234796e-001
  2.4105327e-001
  2.2923454e-001
  2.0721077e-001
  1.7770705e-001
  1.4557487e-001
  1.1669027e-001
  9.6298466e-002
  8.7317331e-002
  8.9194656e-002
  9.7790384e-002
  1.0645331e-001
  1.0807059e-001
  9.7515282e-002
  7.3722634e-002
  4.0667916e-002
  6.8014240e-003
 -1.7050882e-002
 -2.0820231e-002
  1.5185615e-003
  4.9524088e-002
  1.1557526e-001
  1.8626194e-001
  2.4565434e-001
  2.7962115e-001
  2.7997042e-001
  2.4714539e-001
  1.9056659e-001
  1.2638663e-001
  7.3216290e-002
  4.7036668e-002
  5.6802112e-002
  1.0205021e-001
  1.7321354e-001
  2.5447679e-001
  3.2823125e-001
  3.7971918e-001
  4.0048580e-001
  3.8974054e-001
  3.5347976e-001
  3.0195655e-001
  2.4653812e-001
  1.9702530e-001
  1.6015354e-001
  1.3942464e-001
  1.3588256e-001
  1.4915351e-001
  1.7811541e-001
  2.2088808e-001
  2.7427504e-001
  3.3313221e-001
  3.9023446e-001
  4.3701796e-001
  4.6518369e-001
  4.6872881e-001
  4.4571240e-001
  3.9907719e-001
  3.3614182e-001
  2.6683660e-001
  2.0120229e-001
  1.4693351e-001
  1.0772929e-001
  8.2924466e-002
  6.8432341e-002
  5.8596779e-002
  4.8286142e-002
  3.4543398e-002
  1.7322983e-002
 -8.0368700e-004
 -1.5743985e-002
 -2.3327614e-002
 -2.0606541e-002
 -6.6518000e-003
  1.7287151e-002
  4.8174363e-002
  8.1907097e-002
  1.1411544e-001
  1.4086109e-001
  1.5915787e-001
  1.6731838e-001
  1.6515747e-001
  1.5405670e-001
  1.3684766e-001
  1.1745005e-001
  1.0023218e-001
  8.9148433e-002
  8.6818495e-002
  9.3795268e-002
  1.0827523e-001
  1.2641296e-001
  1.4322855e-001
  1.5389526e-001
  1.5503987e-001
  1.4564462e-001
  1.2723785e-001
  1.0328017e-001
  7.7923276e-002
  5.4545879e-002
  3.4567059e-002
  1.6960279e-002
 -1.3411690e-003
 -2.4265561e-002
 -5.5045702e-002
 -9.4821087e-002
 -1.4189180e-001
 -1.9189702e-001
 -2.3887335e-001
 -2.7684547e-001
 -3.0141999e-001
 -3.1085765e-001
 -3.0628540e-001
 -2.9101195e-001
 -2.6922043e-001
 -2.4452032e-001
 -2.1887698e-001
 -1.9228810e-001
 -1.6329948e-001
 -1.3014556e-001
 -9.2073298e-002
 -5.0340022e-002
 -8.4887865e-003
  2.8243918e-002
  5.4233028e-002
  6.5082372e-002
  5.9046003e-002
  3.7803614e-002
  6.3405835e-003
 -2.8045996e-002
 -5.7340954e-002
 -7.4570615e-002
 -7.5268851e-002
 -5.8294183e-002
 -2.5834915e-002
  1.7341708e-002
  6.5156529e-002
  1.1165724e-001
  1.5227610e-001
  1.8463149e-001
  2.0873145e-001
  2.2658756e-001
  2.4137938e-001
  2.5639810e-001
  2.7403299e-001
  2.9504300e-001
  3.1828823e-001
  3.4098953e-001
  3.5945863e-001
  3.7011744e-001
  3.7053444e-001
  3.6017916e-001
  3.4065341e-001
  3.1529682e-001
  2.8825420e-001
  2.6327354e-001
  2.4261353e-001
  2.2642810e-001
  2.1285323e-001
  1.9878784e-001
  1.8111406e-001
  1.5793303e-001
  1.2937248e-001
  9.7666481e-002
  6.6471333e-002
  3.9668850e-002
  2.0105699e-002
  8.7447310e-003
  4.5428125e-003
  5.0789715e-003
  7.6521705e-003
  1.0376322e-002
  1.2805389e-002
  1.5827373e-002
  2.0889790e-002
  2.8923424e-002
  3.9480836e-002
  5.0528807e-002
  5.9054099e-002
  6.2274924e-002
  5.8955406e-002
  5.0230965e-002
  3.9518972e-002
  3.1450525e-002
  3.0169505e-002
  3.7632179e-002
  5.2579909e-002
  7.0626607e-002
  8.5489445e-002
  9.0959610e-002
  8.2929051e-002
  6.0768093e-002
  2.7589832e-002
 -1.0657233e-002
 -4.6916420e-002
 -7.4956094e-002
 -9.0870331e-002
 -9.3714800e-002
 -8.5188604e-002
 -6.8613759e-002
 -4.7675590e-002
 -2.5403280e-002
 -3.7050550e-003
  1.6489990e-002
  3.4679120e-002
  5.0156860e-002
  6.1634011e-002
  6.7291624e-002
  6.5261155e-002
  5.4348616e-002
  3.4729925e-002
  8.3568850e-003
 -2.1091510e-002
 -4.8741202e-002
 -6.9435321e-002
 -7.8825618e-002
 -7.4393545e-002
 -5.6152971e-002
 -2.6835688e-002
  8.5450300e-003
  4.3724501e-002
  7.2627755e-002
  9.0897221e-002
  9.7099801e-002
  9.3227510e-002
  8.4253428e-002
  7.6759270e-002
  7.6947860e-002
  8.8596055e-002
  1.1159671e-001
  1.4162304e-001
  1.7113722e-001
  1.9154075e-001
  1.9586396e-001
  1.8115900e-001
  1.4979191e-001
  1.0913599e-001
  6.9664588e-002
  4.1968049e-002
  3.3596360e-002
  4.6722260e-002
  7.7383796e-002
  1.1657317e-001
  1.5285034e-001
  1.7567336e-001
  1.7841665e-001
  1.6016544e-001
  1.2578329e-001
  8.4306515e-002
  4.6232615e-002
  2.0573145e-002
  1.2548095e-002
  2.2528790e-002
  4.6402125e-002
  7.7088515e-002
  1.0664230e-001
  1.2827748e-001
  1.3778947e-001
  1.3410823e-001
  1.1900950e-001
  9.6229240e-002
  7.0318935e-002
  4.5550160e-002
  2.5074300e-002
  1.0428630e-002
  1.3978750e-003
 -3.7972450e-003
 -8.0261300e-003
 -1.4549385e-002
 -2.6198205e-002
 -4.4595190e-002
 -6.9622625e-002
 -9.9330429e-002
 -1.3038312e-001
 -1.5898433e-001
 -1.8203985e-001
 -1.9819514e-001
 -2.0837307e-001
 -2.1556664e-001
 -2.2388153e-001
 -2.3709595e-001
 -2.5721045e-001
 -2.8351151e-001
 -3.1253297e-001
 -3.3900417e-001
 -3.5751854e-001
 -3.6437192e-001
 -3.5891821e-001
 -3.4392425e-001
 -3.2474013e-001
 -3.0752492e-001
 -2.9712450e-001
 -2.9535324e-001
 -3.0031453e-001
 -3.0704121e-001
 -3.0926659e-001
 -3.0172168e-001
 -2.8214939e-001
 -2.5231007e-001
 -2.1760087e-001
 -1.8539859e-001
 -1.6268674e-001
 -1.5378001e-001
 -1.5892282e-001
 -1.7422901e-001
 -1.9296067e-001
 -2.0768542e-001
 -2.1256591e-001
 -2.0501931e-001
 -1.8623597e-001
 -1.6046493e-001
 -1.3340437e-001
 -1.1032022e-001
 -9.4560805e-002
 -8.6936145e-002
 -8.6073425e-002
 -8.9490630e-002
 -9.4886950e-002
 -1.0111788e-001
 -1.0850256e-001
 -1.1841568e-001
 -1.3241637e-001
 -1.5133944e-001
 -1.7475666e-001
 -2.0102530e-001
 -2.2786685e-001
 -2.5318212e-001
 -2.7571147e-001
 -2.9522985e-001
 -3.1218828e-001
 -3.2697815e-001
 -3.3918590e-001
 -3.4723669e-001
 -3.4867808e-001
 -3.4108360e-001
 -3.2327271e-001
 -2.9636613e-001
 -2.6420288e-001
 -2.3284610e-001
 -2.0922467e-001
 -1.9927961e-001
 -2.0618239e-001
 -2.2919274e-001
 -2.6352610e-001
 -3.0128279e-001
 -3.3316935e-001
 -3.5053154e-001
 -3.4717930e-001
 -3.2060806e-001
 -2.7243904e-001
 -2.0811935e-001
 -1.3606260e-001
 -6.6445885e-002
 -9.8338600e-003
  2.4263455e-002
  2.8817090e-002
  5.6712000e-004
 -5.9032651e-002
 -1.4348351e-001
 -2.4177494e-001
 -3.3989322e-001
 -4.2317308e-001
 -4.7908354e-001
 -4.9983210e-001
 -4.8412416e-001
 -4.3756861e-001
 -3.7154633e-001
 -3.0076224e-001
 -2.4005687e-001
 -2.0124824e-001
 -1.9075170e-001
 -2.0849772e-001
 -2.4831659e-001
 -2.9959377e-001
 -3.4972360e-001
 -3.8676364e-001
 -4.0172358e-001
 -3.9007466e-001
 -3.5227633e-001
 -2.9332967e-001
 -2.2154311e-001
 -1.4681507e-001
 -7.8797408e-002
 -2.5297890e-002
  8.7883950e-003
  2.1857870e-002
  1.5294100e-002
 -7.3454150e-003
 -4.1358880e-002
 -8.1829375e-002
 -1.2421860e-001
 -1.6455343e-001
 -1.9931455e-001
 -2.2526092e-001
 -2.3943782e-001
 -2.3950948e-001
 -2.2437390e-001
 -1.9483727e-001
 -1.5403080e-001
 -1.0729206e-001
 -6.1400570e-002
 -2.3290170e-002
  1.4326100e-003
  9.7377900e-003
  1.8164050e-003
 -1.9065911e-002
 -4.7444038e-002
 -7.6976479e-002
 -1.0182489e-001
 -1.1772672e-001
 -1.2254269e-001
 -1.1625635e-001
 -1.0057208e-001
 -7.8339028e-002
 -5.3005734e-002
 -2.8209316e-002
 -7.4815550e-003
  6.0264495e-003
  9.9010105e-003
  2.9264360e-003
 -1.4445949e-002
 -3.9813224e-002
 -6.8933783e-002
 -9.6366458e-002
 -1.1659283e-001
 -1.2538039e-001
 -1.2099729e-001
 -1.0486568e-001
 -8.1368863e-002
 -5.6779260e-002
 -3.7566835e-002
 -2.8576560e-002
 -3.1635915e-002
 -4.5033685e-002
 -6.4032686e-002
 -8.2240883e-002
 -9.3390836e-002
 -9.2969150e-002
 -7.9232302e-002
 -5.3397531e-002
 -1.9099385e-002
  1.8570380e-002
  5.4056970e-002
  8.2094376e-002
  9.8147225e-002
  9.8670690e-002
  8.1395780e-002
  4.5769215e-002
 -6.5143300e-003
 -7.1146575e-002
 -1.4134660e-001
 -2.0874404e-001
 -2.6496868e-001
 -3.0358056e-001
 -3.2173603e-001
 -3.2096587e-001
 -3.0668265e-001
 -2.8646630e-001
 -2.6764050e-001
 -2.5495951e-001
 -2.4924058e-001
 -2.4747025e-001
 -2.4438517e-001
 -2.3497088e-001
 -2.1694927e-001
 -1.9228817e-001
 -1.6709349e-001
 -1.4982474e-001
 -1.4839969e-001
 -1.6719184e-001
 -2.0500713e-001
 -2.5481699e-001
 -3.0542709e-001
 -3.4458891e-001
 -3.6255348e-001
 -3.5490671e-001
 -3.2376734e-001
 -2.7698455e-001
 -2.2564232e-001
 -1.8072666e-001
 -1.5005290e-001
 -1.3641104e-001
 -1.3743141e-001
 -1.4707282e-001
 -1.5810341e-001
 -1.6466195e-001
 -1.6403373e-001
 -1.5711574e-001
 -1.4754017e-001
 -1.3989161e-001
 -1.3773134e-001
 -1.4214661e-001
 -1.5129656e-001
 -1.6103372e-001
 -1.6629575e-001
 -1.6272123e-001
 -1.4792090e-001
 -1.2201961e-001
 -8.7387300e-002
 -4.7774410e-002
 -7.2483050e-003
  3.0665455e-002
  6.3383085e-002
  8.9179855e-002
  1.0680903e-001
  1.1510806e-001
  1.1284080e-001
  9.8877792e-002
  7.2634143e-002
  3.4550022e-002
 -1.3630902e-002
 -6.8948108e-002
 -1.2768705e-001
 -1.8607610e-001
 -2.4098532e-001
 -2.9040042e-001
 -3.3353664e-001
 -3.7059266e-001
 -4.0226674e-001
 -4.2922458e-001
 -4.5170172e-001
 -4.6935634e-001
 -4.8139258e-001
 -4.8688445e-001
 -4.8517479e-001
 -4.7621145e-001
 -4.6071144e-001
 -4.4009918e-001
 -4.1623078e-001
 -3.9097620e-001
 -3.6577236e-001
 -3.4127311e-001
 -3.1720219e-001
 -2.9246576e-001
 -2.6551172e-001
 -2.3485222e-001
 -1.9961238e-001
 -1.5995093e-001
 -1.1722358e-001
 -7.3825138e-002
 -3.2734076e-002
  3.1307045e-003
  3.1573768e-002
  5.1629933e-002
  6.3779314e-002
  6.9820154e-002
  7.2448214e-002
  7.4672020e-002
  7.9227490e-002
  8.8132020e-002
  1.0244920e-001
  1.2225162e-001
  1.4670881e-001
  1.7421592e-001
  2.0251927e-001
  2.2886051e-001
  2.5021140e-001
  2.6366717e-001
  2.6699822e-001
  2.5925028e-001
  2.4118801e-001
  2.1535292e-001
  1.8559019e-001
  1.5607707e-001
  1.3009788e-001
  1.0896846e-001
  9.1535025e-002
  7.4525915e-002
  5.3750510e-002
  2.5815345e-002
 -1.0215435e-002
 -5.1841160e-002
 -9.3275240e-002
 -1.2680788e-001
 -1.4503125e-001
 -1.4323512e-001
 -1.2116213e-001
 -8.3475583e-002
 -3.8695455e-002
  3.1321550e-003
  3.3328225e-002
  4.7119965e-002
  4.5002335e-002
  3.2469615e-002
  1.8190255e-002
  1.1202235e-002
  1.8021090e-002
  4.0575755e-002
  7.5615025e-002
  1.1575130e-001
  1.5178547e-001
  1.7555630e-001
  1.8240512e-001
  1.7248764e-001
  1.5054856e-001
  1.2427453e-001
  1.0179362e-001
  8.9148480e-002
  8.8553645e-002
  9.7965155e-002
  1.1204029e-001
  1.2410137e-001
  1.2839715e-001
  1.2188639e-001
  1.0496740e-001
  8.0970290e-002
  5.4671490e-002
  3.0423270e-002
  1.0599839e-002
 -5.0878895e-003
 -1.9201031e-002
 -3.5304334e-002
 -5.6338358e-002
 -8.3265000e-002
 -1.1449590e-001
 -1.4630636e-001
 -1.7406707e-001
 -1.9383214e-001
 -2.0370769e-001
 -2.0452519e-001
 -1.9960898e-001
 -1.9375432e-001
 -1.9179922e-001
 -1.9728906e-001
 -2.1166567e-001
 -2.3419756e-001
 -2.6259128e-001
 -2.9398612e-001
 -3.2591985e-001
 -3.5689540e-001
 -3.8635863e-001
 -4.1414515e-001
 -4.3967887e-001
 -4.6132151e-001
 -4.7623377e-001
 -4.8092159e-001
 -4.7236765e-001
 -4.4938644e-001
 -4.1369277e-001
 -3.7020652e-001
 -3.2633566e-001
 -2.9032215e-001
 -2.6908427e-001
 -2.6621582e-001
 -2.8081362e-001
 -3.0757766e-001
 -3.3822875e-001
 -3.6384821e-001
 -3.7741881e-001
 -3.7575800e-001
 -3.6022207e-001
 -3.3596831e-001
 -3.1004731e-001
 -2.8899281e-001
 -2.7673397e-001
 -2.7352540e-001
 -2.7621515e-001
 -2.7969215e-001
 -2.7894282e-001
 -2.7095055e-001
 -2.5575577e-001
 -2.3632215e-001
 -2.1730022e-001
 -2.0317970e-001
 -1.9653268e-001
 -1.9700024e-001
 -2.0139127e-001
 -2.0485196e-001
 -2.0267848e-001
 -1.9212154e-001
 -1.7354287e-001
 -1.5052071e-001
 -1.2887021e-001
 -1.1491443e-001
 -1.1358199e-001
 -1.2694529e-001
 -1.5364499e-001
 -1.8934203e-001
 -2.2800804e-001
 -2.6361672e-001
 -2.9170805e-001
 -3.1037763e-001
 -3.2045437e-001
 -3.2489324e-001
 -3.2763762e-001
 -3.3233334e-001
 -3.4127628e-001
 -3.5486284e-001
 -3.7163675e-001
 -3.8884575e-001
 -4.0329224e-001
 -4.1221157e-001
 -4.1394151e-001
 -4.0823561e-001
 -3.9618587e-001
 -3.7982425e-001
 -3.6154204e-001
 -3.4349361e-001
 -3.2713523e-001
 -3.1300249e-001
 -3.0076366e-001
 -2.8951384e-001
 -2.7821288e-001
 -2.6613077e-001
 -2.5316109e-001
 -2.3990110e-001
 -2.2747044e-001
 -2.1712900e-001
 -2.0983079e-001
 -2.0588262e-001
 -2.0484736e-001
 -2.0574543e-001
 -2.0749196e-001
 -2.0940609e-001
 -2.1158472e-001
 -2.1496990e-001
 -2.2104911e-001
 -2.3126992e-001
 -2.4637192e-001
 -2.6588566e-001
 -2.8800181e-001
 -3.0988517e-001
 -3.2834837e-001
 -3.4066933e-001
 -3.4528414e-001
 -3.4213388e-001
 -3.3256885e-001
 -3.1886799e-001
 -3.0355871e-001
 -2.8877511e-001
 -2.7585913e-001
 -2.6530501e-001
 -2.5701673e-001
 -2.5073927e-001
 -2.4647499e-001
 -2.4471920e-001
 -2.4642989e-001
 -2.5275191e-001
 -2.6460652e-001
 -2.8230126e-001
 -3.0530159e-001
 -3.3224252e-001
 -3.6117232e-001
 -3.8994191e-001
 -4.1661048e-001
 -4.3974132e-001
 -4.5850848e-001
 -4.7260457e-001
 -4.8200851e-001
 -4.8671550e-001
 -4.8653835e-001
 -4.8105948e-001
 -4.6975925e-001
 -4.5228615e-001
 -4.2878721e-001
 -4.0019350e-001
 -3.6836200e-001
 -3.3600806e-001
 -3.0641388e-001
 -2.8295589e-001
 -2.6854439e-001
 -2.6509952e-001
 -2.7318877e-001
 -2.9192043e-001
 -3.1912842e-001
 -3.5181162e-001
 -3.8672441e-001
 -4.2097353e-001
 -4.5247326e-001
 -4.8014877e-001
 -5.0384573e-001
 -5.2398484e-001
 -5.4107069e-001
 -5.5520630e-001
 -5.6576640e-001
 -5.7134222e-001
 -5.6999700e-001
 -5.5978217e-001
 -5.3938178e-001
 -5.0870174e-001
 -4.6921969e-001
 -4.2396490e-001
 -3.7709668e-001
 -3.3316506e-001
 -2.9623601e-001
 -2.6911082e-001
 -2.5284953e-001
 -2.4672395e-001
 -2.4860318e-001
 -2.5564996e-001
 -2.6511944e-001
 -2.7502737e-001
 -2.8450157e-001
 -2.9373216e-001
 -3.0356214e-001
 -3.1487245e-001
 -3.2797865e-001
 -3.4225128e-001
 -3.5609874e-001
 -3.6733212e-001
 -3.7380421e-001
 -3.7412024e-001
 -3.6818764e-001
 -3.5741640e-001
 -3.4448879e-001
 -3.3275011e-001
 -3.2539198e-001
 -3.2466452e-001
 -3.3134577e-001
 -3.4461712e-001
 -3.6236843e-001
 -3.8182574e-001
 -4.0029982e-001
 -4.1582537e-001
 -4.2750637e-001
 -4.3548787e-001
 -4.4060116e-001
 -4.4383608e-001
 -4.4584294e-001
 -4.4664513e-001
 -4.4565785e-001
 -4.4199437e-001
 -4.3493666e-001
 -4.2439059e-001
 -4.1115308e-001
 -3.9688504e-001
 -3.8378419e-001
 -3.7405182e-001
 -3.6931438e-001
 -3.7017611e-001
 -3.7603965e-001
 -3.8525167e-001
 -3.9553461e-001
 -4.0458154e-001
 -4.1064294e-001
 -4.1293601e-001
 -4.1175973e-001
 -4.0828743e-001
 -4.0410907e-001
 -4.0067451e-001
 -3.9882238e-001
 -3.9855046e-001
 -3.9910122e-001
 -3.9932471e-001
 -3.9818102e-001
 -3.9519176e-001
 -3.9066833e-001
 -3.8562783e-001
 -3.8142822e-001
 -3.7926358e-001
 -3.7971820e-001
 -3.8255758e-001
 -3.8684395e-001
 -3.9133728e-001
 -3.9502928e-001
 -3.9760398e-001
 -3.9964462e-001
 -4.0250320e-001
 -4.0787734e-001
 -4.1724976e-001
 -4.3139421e-001
 -4.5012250e-001
 -4.7235335e-001
 -4.9646218e-001
 -5.2077074e-001
 -5.4399131e-001
 -5.6546652e-001
 -5.8512940e-001
 -6.0321474e-001
 -6.1984339e-001
 -6.3464385e-001
 -6.4655863e-001
 -6.5391424e-001
 -6.5474190e-001
 -6.4725185e-001
 -6.3031689e-001
 -6.0382455e-001
 -5.6880599e-001
 -5.2732504e-001
 -4.8218255e-001
 -4.3653648e-001
 -3.9354086e-001
 -3.5607322e-001
 -3.2656522e-001
 -3.0690237e-001
 -2.9833612e-001
 -3.0136497e-001
 -3.1558365e-001
 -3.3954929e-001
 -3.7074660e-001
 -4.0572996e-001
 -4.4047663e-001
 -4.7091575e-001
 -4.9352941e-001
 -5.0588362e-001
 -5.0695594e-001
 -4.9718207e-001
 -4.7822551e-001
 -4.5255261e-001
 -4.2294129e-001
 -3.9205134e-001
 -3.6214238e-001
 -3.3496344e-001
 -3.1178070e-001
 -2.9347841e-001
 -2.8066810e-001
 -2.7376323e-001
 -2.7300613e-001
 -2.7845418e-001
 -2.8993884e-001
 -3.0700770e-001
 -3.2885659e-001
 -3.5426474e-001
 -3.8155966e-001
 -4.0865031e-001
 -4.3316448e-001
 -4.5270127e-001
 -4.6516667e-001
 -4.6911645e-001
 -4.6400801e-001
 -4.5027763e-001
 -4.2921228e-001
 -4.0265662e-001
 -3.7265782e-001
 -3.4117206e-001
 -3.0992670e-001
 -2.8045796e-001
 -2.5425833e-001
 -2.3290772e-001
 -2.1805903e-001
 -2.1120783e-001
 -2.1327753e-001
 -2.2415404e-001
 -2.4236148e-001
 -2.6505308e-001
 -2.8839790e-001
 -3.0830479e-001
 -3.2129199e-001
 -3.2523804e-001
 -3.1977020e-001
 -3.0615970e-001
 -2.8676009e-001
 -2.6418630e-001
 -2.4052343e-001
 -2.1684142e-001
 -1.9317373e-001
 -1.6894122e-001
 -1.4363285e-001
 -1.1745956e-001
 -9.1713835e-002
 -6.8687084e-002
 -5.1172346e-002
 -4.1737677e-002
 -4.2035740e-002
 -5.2386791e-002
 -7.1753435e-002
 -9.8069333e-002
 -1.2875698e-001
 -1.6122183e-001
 -1.9315500e-001
 -2.2258692e-001
 -2.4775751e-001
 -2.6694862e-001
 -2.7843037e-001
 -2.8060783e-001
 -2.7234941e-001
 -2.5338425e-001
 -2.2461011e-001
 -1.8817550e-001
 -1.4727474e-001
 -1.0569238e-001
 -6.7213415e-002
 -3.5051592e-002
 -1.1430164e-002
  2.6071315e-003
  7.1496876e-003
  3.1932587e-003
 -7.6806096e-003
 -2.3633378e-002
 -4.2845360e-002
 -6.3710030e-002
 -8.4944818e-002
 -1.0563011e-001
 -1.2518976e-001
 -1.4332288e-001
 -1.5989563e-001
 -1.7480637e-001
 -1.8784674e-001
 -1.9858802e-001
 -2.0632291e-001
 -2.1008345e-001
 -2.0874203e-001
 -2.0118696e-001
 -1.8655317e-001
 -1.6448178e-001
 -1.3537472e-001
 -1.0060115e-001
 -6.2598516e-002
 -2.4804145e-002
  8.6375340e-003
  3.3407462e-002
  4.5732303e-002
  4.3160148e-002
  2.5196216e-002
 -6.4084700e-003
 -4.7861426e-002
 -9.4043079e-002
 -1.3958647e-001
 -1.8003980e-001
 -2.1277259e-001
 -2.3734332e-001
 -2.5520991e-001
 -2.6888194e-001
 -2.8080826e-001
 -2.9239095e-001
 -3.0347461e-001
 -3.1248921e-001
 -3.1718474e-001
 -3.1567539e-001
 -3.0739183e-001
 -2.9356879e-001
 -2.7706219e-001
 -2.6153532e-001
 -2.5028775e-001
 -2.4513900e-001
 -2.4577125e-001
 -2.4978395e-001
 -2.5347291e-001
 -2.5309920e-001
 -2.4624523e-001
 -2.3282021e-001
 -2.1538352e-001
 -1.9866263e-001
 -1.8838295e-001
 -1.8972577e-001
 -2.0583426e-001
 -2.3677336e-001
 -2.7923281e-001
 -3.2707715e-001
 -3.7263956e-001
 -4.0846971e-001
 -4.2911861e-001
 -4.3250392e-001
 -4.2046680e-001
 -3.9830752e-001
 -3.7334617e-001
 -3.5284019e-001
 -3.4182170e-001
 -3.4150830e-001
 -3.4883724e-001
 -3.5737144e-001
 -3.5940102e-001
 -3.4864438e-001
 -3.2268867e-001
 -2.8431738e-001
 -2.4118097e-001
 -2.0379781e-001
 -1.8245447e-001
 -1.8399727e-001
 -2.0960397e-001
 -2.5433497e-001
 -3.0867118e-001
 -3.6155152e-001
 -4.0387848e-001
 -4.3127132e-001
 -4.4509599e-001
 -4.5140764e-001
 -4.5819189e-001
 -4.7191095e-001
 -4.9462144e-001
 -5.2273513e-001
 -5.4791115e-001
 -5.5981044e-001
 -5.4978264e-001
 -5.1422388e-001
 -4.5645150e-001
 -3.8643679e-001
 -3.1844010e-001
 -2.6726076e-001
 -2.4423113e-001
 -2.5413281e-001
 -2.9390229e-001
 -3.5344513e-001
 -4.1827221e-001
 -4.7318806e-001
 -5.0602132e-001
 -5.1043298e-001
 -4.8713042e-001
 -4.4325846e-001
 -3.9021355e-001
 -3.4051639e-001
 -3.0459130e-001
 -2.8829220e-001
 -2.9178653e-001
 -3.1002114e-001
 -3.3455060e-001
 -3.5613548e-001
 -3.6732646e-001
 -3.6429938e-001
 -3.4747796e-001
 -3.2088155e-001
 -2.9052893e-001
 -2.6248373e-001
 -2.4116878e-001
 -2.2840962e-001
 -2.2337151e-001
 -2.2324764e-001
 -2.2434676e-001
 -2.2317498e-001
 -2.1720221e-001
 -2.0518587e-001
 -1.8710812e-001
 -1.6389603e-001
 -1.3710638e-001
 -1.0868430e-001
 -8.0801863e-002
 -5.5705569e-002
 -3.5490931e-002
 -2.1779725e-002
 -1.5366088e-002
 -1.5970666e-002
 -2.2251058e-002
 -3.2144707e-002
 -4.3488920e-002
 -5.4724393e-002
 -6.5408150e-002
 -7.6287738e-002
 -8.8829897e-002
 -1.0431390e-001
 -1.2281115e-001
 -1.4248596e-001
 -1.5959994e-001
 -1.6937620e-001
 -1.6754599e-001
 -1.5208251e-001
 -1.2446258e-001
 -8.9879431e-002
 -5.6159997e-002
 -3.1614266e-002
 -2.2484164e-002
 -3.0881871e-002
 -5.4000699e-002
 -8.4960116e-002
 -1.1505485e-001
 -1.3664007e-001
 -1.4561613e-001
 -1.4259678e-001
 -1.3232130e-001
 -1.2153142e-001
 -1.1612265e-001
 -1.1866569e-001
 -1.2725878e-001
 -1.3616090e-001
 -1.3796504e-001
 -1.2646985e-001
 -9.9134232e-002
 -5.8163543e-002
 -9.8142905e-003
  3.7797755e-002
  7.7521216e-002
  1.0553010e-001
  1.2233643e-001
  1.3212616e-001
  1.4076409e-001
  1.5332833e-001
  1.7218386e-001
  1.9633826e-001
  2.2226302e-001
  2.4575252e-001
  2.6398543e-001
  2.7690926e-001
  2.8739145e-001
  3.0011742e-001
  3.1973436e-001
  3.4902462e-001
  3.8784096e-001
  4.3318694e-001
  4.8034334e-001
  5.2453036e-001
  5.6241881e-001
  5.9291553e-001
  6.1698388e-001
  6.3666527e-001
  6.5377767e-001
  6.6886342e-001
  6.8082064e-001
