 -7.2461313e-002
 -8.6255528e-002
 -1.0144099e-001
 -1.1700911e-001
 -1.3210544e-001
 -1.4607671e-001
 -1.5837645e-001
 -1.6839752e-001
 -1.7533880e-001
 -1.7820810e-001
 -1.7601168e-001
 -1.6810057e-001
 -1.5456687e-001
 -1.3653965e-001
 -1.1624148e-001
 -9.6732167e-002
 -8.1366155e-002
 -7.3089333e-002
 -7.3764413e-002
 -8.3718539e-002
 -1.0164861e-001
 -1.2491775e-001
 -1.5016354e-001
 -1.7405025e-001
 -1.9396137e-001
 -2.0845340e-001
 -2.1736809e-001
 -2.2160150e-001
 -2.2262462e-001
 -2.2191350e-001
 -2.2046088e-001
 -2.1850697e-001
 -2.1555524e-001
 -2.1065317e-001
 -2.0284183e-001
 -1.9163048e-001
 -1.7734694e-001
 -1.6124994e-001
 -1.4535874e-001
 -1.3203727e-001
 -1.2344484e-001
 -1.2100905e-001
 -1.2507531e-001
 -1.3483861e-001
 -1.4857971e-001
 -1.6413382e-001
 -1.7944672e-001
 -1.9304608e-001
 -2.0428550e-001
 -2.1329750e-001
 -2.2069222e-001
 -2.2712518e-001
 -2.3289924e-001
 -2.3774795e-001
 -2.4087606e-001
 -2.4123697e-001
 -2.3794030e-001
 -2.3063822e-001
 -2.1975097e-001
 -2.0645310e-001
 -1.9242794e-001
 -1.7947600e-001
 -1.6910683e-001
 -1.6223913e-001
 -1.5908823e-001
 -1.5925115e-001
 -1.6193521e-001
 -1.6623680e-001
 -1.7137385e-001
 -1.7680433e-001
 -1.8221156e-001
 -1.8738508e-001
 -1.9205983e-001
 -1.9578668e-001
 -1.9789387e-001
 -1.9756828e-001
 -1.9404632e-001
 -1.8686639e-001
 -1.7610836e-001
 -1.6253564e-001
 -1.4756897e-001
 -1.3305740e-001
 -1.2086632e-001
 -1.1236299e-001
 -1.0792918e-001
 -1.0664967e-001
 -1.0630325e-001
 -1.0371716e-001
 -9.5451227e-002
 -7.8678280e-002
 -5.2052338e-002
 -1.6330316e-002
  2.5450055e-002
  6.8338224e-002
  1.0635262e-001
  1.3370379e-001
  1.4607734e-001
  1.4165097e-001
  1.2156152e-001
  8.9663624e-002
  5.1605998e-002
  1.3444803e-002
 -1.9840744e-002
 -4.5518775e-002
 -6.3625120e-002
 -7.6681191e-002
 -8.8696756e-002
 -1.0376590e-001
 -1.2469371e-001
 -1.5208240e-001
 -1.8415756e-001
 -2.1737382e-001
 -2.4758265e-001
 -2.7136084e-001
 -2.8704785e-001
 -2.9514407e-001
 -2.9794493e-001
 -2.9855402e-001
 -2.9963800e-001
 -3.0238127e-001
 -3.0603274e-001
 -3.0822983e-001
 -3.0600514e-001
 -2.9712626e-001
 -2.8128033e-001
 -2.6064679e-001
 -2.3959983e-001
 -2.2358284e-001
 -2.1749551e-001
 -2.2412436e-001
 -2.4315532e-001
 -2.7112437e-001
 -3.0235043e-001
 -3.3056027e-001
 -3.5067945e-001
 -3.6020780e-001
 -3.5974357e-001
 -3.5251189e-001
 -3.4308700e-001
 -3.3575604e-001
 -3.3306809e-001
 -3.3502159e-001
 -3.3910670e-001
 -3.4112888e-001
 -3.3649920e-001
 -3.2156334e-001
 -2.9458125e-001
 -2.5612990e-001
 -2.0891066e-001
 -1.5712060e-001
 -1.0563483e-001
 -5.9233185e-002
 -2.2015353e-002
  2.9613625e-003
  1.3867072e-002
  1.0175648e-002
 -7.3284535e-003
 -3.6623751e-002
 -7.4649720e-002
 -1.1766425e-001
 -1.6174450e-001
 -2.0334556e-001
 -2.3978091e-001
 -2.6948805e-001
 -2.9200211e-001
 -3.0766148e-001
 -3.1717131e-001
 -3.2120830e-001
 -3.2023121e-001
 -3.1456928e-001
 -3.0472778e-001
 -2.9173772e-001
 -2.7733527e-001
 -2.6381619e-001
 -2.5354965e-001
 -2.4830105e-001
 -2.4862735e-001
 -2.5361641e-001
 -2.6112780e-001
 -2.6849672e-001
 -2.7346530e-001
 -2.7499191e-001
 -2.7361466e-001
 -2.7120891e-001
 -2.7021646e-001
 -2.7264121e-001
 -2.7920797e-001
 -2.8902352e-001
 -2.9987968e-001
 -3.0907810e-001
 -3.1444268e-001
 -3.1510666e-001
 -3.1175270e-001
 -3.0620957e-001
 -3.0057696e-001
 -2.9625044e-001
 -2.9326769e-001
 -2.9027263e-001
 -2.8514300e-001
 -2.7604844e-001
 -2.6251326e-001
 -2.4602972e-001
 -2.2992060e-001
 -2.1842974e-001
 -2.1532056e-001
 -2.2246986e-001
 -2.3897652e-001
 -2.6114405e-001
 -2.8339887e-001
 -2.9987802e-001
 -3.0617934e-001
 -3.0070058e-001
 -2.8512300e-001
 -2.6387709e-001
 -2.4275999e-001
 -2.2714898e-001
 -2.2037858e-001
 -2.2278830e-001
 -2.3172779e-001
 -2.4250140e-001
 -2.4994324e-001
 -2.5012504e-001
 -2.4166567e-001
 -2.2623921e-001
 -2.0812477e-001
 -1.9293162e-001
 -1.8588122e-001
 -1.9016144e-001
 -2.0584832e-001
 -2.2972386e-001
 -2.5605260e-001
 -2.7809538e-001
 -2.8991934e-001
 -2.8797825e-001
 -2.7200971e-001
 -2.4500710e-001
 -2.1230540e-001
 -1.8008540e-001
 -1.5376570e-001
 -1.3676594e-001
 -1.2998580e-001
 -1.3210008e-001
 -1.4050186e-001
 -1.5252271e-001
 -1.6648644e-001
 -1.8223306e-001
 -2.0095053e-001
 -2.2440327e-001
 -2.5385896e-001
 -2.8911789e-001
 -3.2800873e-001
 -3.6655063e-001
 -3.9975401e-001
 -4.2282125e-001
 -4.3238405e-001
 -4.2741052e-001
 -4.0952553e-001
 -3.8266692e-001
 -3.5218724e-001
 -3.2364943e-001
 -3.0162547e-001
 -2.8878319e-001
 -2.8545980e-001
 -2.8979822e-001
 -2.9839265e-001
 -3.0727647e-001
 -3.1300615e-001
 -3.1356570e-001
 -3.0885019e-001
 -3.0058563e-001
 -2.9169322e-001
 -2.8527128e-001
 -2.8349983e-001
 -2.8681949e-001
 -2.9367237e-001
 -3.0092293e-001
 -3.0485333e-001
 -3.0242237e-001
 -2.9236736e-001
 -2.7575978e-001
 -2.5579797e-001
 -2.3687559e-001
 -2.2321854e-001
 -2.1753827e-001
 -2.2015262e-001
 -2.2886705e-001
 -2.3965003e-001
 -2.4786673e-001
 -2.4965442e-001
 -2.4299358e-001
 -2.2815734e-001
 -2.0745569e-001
 -1.8443752e-001
 -1.6288224e-001
 -1.4594246e-001
 -1.3568955e-001
 -1.3311634e-001
 -1.3845366e-001
 -1.5154143e-001
 -1.7200723e-001
 -1.9913507e-001
 -2.3149294e-001
 -2.6654332e-001
 -3.0051463e-001
 -3.2873227e-001
 -3.4642773e-001
 -3.4983592e-001
 -3.3724408e-001
 -3.0963449e-001
 -2.7067993e-001
 -2.2606161e-001
 -1.8229994e-001
 -1.4543826e-001
 -1.1994234e-001
 -1.0807820e-001
 -1.0985227e-001
 -1.2341786e-001
 -1.4573231e-001
 -1.7322863e-001
 -2.0233130e-001
 -2.2976002e-001
 -2.5267225e-001
 -2.6875268e-001
 -2.7634910e-001
 -2.7469000e-001
 -2.6413642e-001
 -2.4635502e-001
 -2.2428445e-001
 -2.0180993e-001
 -1.8314999e-001
 -1.7206185e-001
 -1.7105098e-001
 -1.8079514e-001
 -1.9995201e-001
 -2.2542314e-001
 -2.5302516e-001
 -2.7840952e-001
 -2.9800777e-001
 -3.0977502e-001
 -3.1355957e-001
 -3.1102124e-001
 -3.0512878e-001
 -2.9936326e-001
 -2.9681926e-001
 -2.9941818e-001
 -3.0742448e-001
 -3.1938809e-001
 -3.3253644e-001
 -3.4352428e-001
 -3.4934838e-001
 -3.4817490e-001
 -3.3983650e-001
 -3.2584053e-001
 -3.0887272e-001
 -2.9194226e-001
 -2.7744017e-001
 -2.6642398e-001
 -2.5837661e-001
 -2.5152871e-001
 -2.4363563e-001
 -2.3293319e-001
 -2.1892631e-001
 -2.0272178e-001
 -1.8678315e-001
 -1.7419789e-001
 -1.6772423e-001
 -1.6895537e-001
 -1.7787838e-001
 -1.9294218e-001
 -2.1155390e-001
 -2.3077861e-001
 -2.4797899e-001
 -2.6120521e-001
 -2.6928569e-001
 -2.7170653e-001
 -2.6843529e-001
 -2.5982227e-001
 -2.4661953e-001
 -2.3005361e-001
 -2.1182809e-001
 -1.9395070e-001
 -1.7836389e-001
 -1.6646538e-001
 -1.5868080e-001
 -1.5425905e-001
 -1.5139596e-001
 -1.4768329e-001
 -1.4077103e-001
 -1.2906093e-001
 -1.1223850e-001
 -9.1495822e-002
 -6.9378651e-002
 -4.9282503e-002
 -3.4704151e-002
 -2.8411988e-002
 -3.1724039e-002
 -4.4070367e-002
 -6.2965383e-002
 -8.4428769e-002
 -1.0378575e-001
 -1.1667334e-001
 -1.2001050e-001
 -1.1268381e-001
 -9.5766561e-002
 -7.2215044e-002
 -4.6134502e-002
 -2.1830370e-002
 -2.9159005e-003
  8.2858827e-003
  1.0918179e-002
  5.3641745e-003
 -7.2307366e-003
 -2.5470820e-002
 -4.8058300e-002
 -7.3874992e-002
 -1.0182282e-001
 -1.3055780e-001
 -1.5829721e-001
 -1.8284341e-001
 -2.0186706e-001
 -2.1337117e-001
 -2.1616706e-001
 -2.1017498e-001
 -1.9642345e-001
 -1.7673975e-001
 -1.5324919e-001
 -1.2788032e-001
 -1.0207045e-001
 -7.6779778e-002
 -5.2785013e-002
 -3.1092533e-002
 -1.3243910e-002
 -1.3161048e-003
  2.4602488e-003
 -3.6260677e-003
 -2.0038617e-002
 -4.5506711e-002
 -7.7020562e-002
 -1.1038791e-001
 -1.4122481e-001
 -1.6607810e-001
 -1.8330493e-001
 -1.9339835e-001
 -1.9863074e-001
 -2.0212418e-001
 -2.0666218e-001
 -2.1365375e-001
 -2.2261159e-001
 -2.3132826e-001
 -2.3669122e-001
 -2.3585733e-001
 -2.2738502e-001
 -2.1193822e-001
 -1.9231980e-001
 -1.7281145e-001
 -1.5801892e-001
 -1.5157535e-001
 -1.5509916e-001
 -1.6772500e-001
 -1.8635439e-001
 -2.0655691e-001
 -2.2385570e-001
 -2.3501114e-001
 -2.3891016e-001
 -2.3678370e-001
 -2.3167933e-001
 -2.2735075e-001
 -2.2691597e-001
 -2.3171727e-001
 -2.4075666e-001
 -2.5089763e-001
 -2.5777517e-001
 -2.5712663e-001
 -2.4612370e-001
 -2.2429447e-001
 -1.9376793e-001
 -1.5879614e-001
 -1.2473187e-001
 -9.6786561e-002
 -7.8922122e-002
 -7.3146347e-002
 -7.9327775e-002
 -9.5487005e-002
 -1.1840939e-001
 -1.4438527e-001
 -1.6990929e-001
 -1.9222892e-001
 -2.0968984e-001
 -2.2186258e-001
 -2.2945184e-001
 -2.3400417e-001
 -2.3745605e-001
 -2.4160621e-001
 -2.4763600e-001
 -2.5581322e-001
 -2.6547735e-001
 -2.7531789e-001
 -2.8385129e-001
 -2.8991877e-001
 -2.9301167e-001
 -2.9329668e-001
 -2.9134060e-001
 -2.8767014e-001
 -2.8238418e-001
 -2.7502171e-001
 -2.6477845e-001
 -2.5100181e-001
 -2.3375201e-001
 -2.1416094e-001
 -1.9438216e-001
 -1.7708514e-001
 -1.6463874e-001
 -1.5827348e-001
 -1.5754656e-001
 -1.6033938e-001
 -1.6342849e-001
 -1.6346048e-001
 -1.5800882e-001
 -1.4635472e-001
 -1.2972934e-001
 -1.1094332e-001
 -9.3541945e-002
 -8.0782637e-002
 -7.4776846e-002
 -7.6059375e-002
 -8.3677852e-002
 -9.5701802e-002
 -1.0991066e-001
 -1.2438566e-001
 -1.3781094e-001
 -1.4944463e-001
 -1.5888006e-001
 -1.6580792e-001
 -1.6996859e-001
 -1.7136111e-001
 -1.7060784e-001
 -1.6924620e-001
 -1.6970133e-001
 -1.7480679e-001
 -1.8694455e-001
 -2.0708048e-001
 -2.3407971e-001
 -2.6463414e-001
 -2.9392961e-001
 -3.1689739e-001
 -3.2965062e-001
 -3.3060625e-001
 -3.2088564e-001
 -3.0384151e-001
 -2.8387678e-001
 -2.6497658e-001
 -2.4946860e-001
 -2.3742768e-001
 -2.2689243e-001
 -2.1476791e-001
 -1.9806184e-001
 -1.7502048e-001
 -1.4580740e-001
 -1.1255492e-001
 -7.8831021e-002
 -4.8725178e-002
 -2.5824860e-002
 -1.2334939e-002
 -8.5217435e-003
 -1.2582778e-002
 -2.0973351e-002
 -2.9157975e-002
 -3.2680619e-002
 -2.8357199e-002
 -1.5307088e-002
  4.4968600e-003
  2.6420518e-002
  4.4189086e-002
  5.1566150e-002
  4.4266539e-002
  2.1527710e-002
 -1.3203635e-002
 -5.2783300e-002
 -8.8028428e-002
 -1.1009353e-001
 -1.1287708e-001
 -9.4733643e-002
 -5.8966750e-002
 -1.2950340e-002
  3.3852993e-002
  7.2381704e-002
  9.6246393e-002
  1.0315404e-001
  9.5140484e-002
  7.7634077e-002
  5.7705166e-002
  4.2055756e-002
  3.5322931e-002
  3.9123150e-002
  5.2012563e-002
  7.0265734e-002
  8.9160684e-002
  1.0435454e-001
  1.1295694e-001
  1.1403729e-001
  1.0849182e-001
  9.8388833e-002
  8.6052810e-002
  7.3202002e-002
  6.0410388e-002
  4.7040765e-002
  3.1634501e-002
  1.2597211e-002
 -1.1065726e-002
 -3.9211018e-002
 -7.0387043e-002
 -1.0207826e-001
 -1.3128477e-001
 -1.5526542e-001
 -1.7223705e-001
 -1.8184332e-001
 -1.8527008e-001
 -1.8497132e-001
 -1.8406041e-001
 -1.8550287e-001
 -1.9130363e-001
 -2.0190106e-001
 -2.1594847e-001
 -2.3057777e-001
 -2.4211223e-001
 -2.4705789e-001
 -2.4310138e-001
 -2.2981669e-001
 -2.0885537e-001
 -1.8354836e-001
 -1.5803519e-001
 -1.3619254e-001
 -1.2070049e-001
 -1.1253533e-001
 -1.1102741e-001
 -1.1442522e-001
 -1.2073418e-001
 -1.2851228e-001
 -1.3733444e-001
 -1.4777040e-001
 -1.6090553e-001
 -1.7760232e-001
 -1.9779086e-001
 -2.2006108e-001
 -2.4171652e-001
 -2.5928633e-001
 -2.6933846e-001
 -2.6934525e-001
 -2.5834870e-001
 -2.3724640e-001
 -2.0863850e-001
 -1.7629757e-001
 -1.4441265e-001
 -1.1679743e-001
 -9.6241503e-002
 -8.4131999e-002
 -8.0397825e-002
 -8.3747551e-002
 -9.2102362e-002
 -1.0308534e-001
 -1.1443124e-001
 -1.2422806e-001
 -1.3097950e-001
 -1.3355588e-001
 -1.3114571e-001
 -1.2330679e-001
 -1.1014583e-001
 -9.2557549e-002
 -7.2377004e-002
 -5.2286975e-002
 -3.5395087e-002
 -2.4531440e-002
 -2.1462471e-002
 -2.6300935e-002
 -3.7366511e-002
 -5.1611201e-002
 -6.5514837e-002
 -7.6161882e-002
 -8.2115769e-002
 -8.3759925e-002
 -8.2964991e-002
 -8.2199540e-002
 -8.3425472e-002
 -8.7216619e-002
 -9.2465884e-002
 -9.6825656e-002
 -9.7740252e-002
 -9.3688109e-002
 -8.5148441e-002
 -7.4885326e-002
 -6.7375969e-002
 -6.7516536e-002
 -7.9009115e-002
 -1.0297005e-001
 -1.3725226e-001
 -1.7675567e-001
 -2.1468083e-001
 -2.4436835e-001
 -2.6116376e-001
 -2.6372553e-001
 -2.5436154e-001
 -2.3828422e-001
 -2.2201722e-001
 -2.1145310e-001
 -2.1016521e-001
 -2.1848365e-001
 -2.3358994e-001
 -2.5055501e-001
 -2.6395273e-001
 -2.6951993e-001
 -2.6535140e-001
 -2.5229897e-001
 -2.3351659e-001
 -2.1336433e-001
 -1.9606342e-001
 -1.8453319e-001
 -1.7973815e-001
 -1.8067881e-001
 -1.8494484e-001
 -1.8958699e-001
 -1.9199949e-001
 -1.9054637e-001
 -1.8478405e-001
 -1.7528095e-001
 -1.6316131e-001
 -1.4956932e-001
 -1.3525012e-001
 -1.2038449e-001
 -1.0472065e-001
 -8.7946386e-002
 -7.0165820e-002
 -5.2304918e-002
 -3.6279979e-002
 -2.4823709e-002
 -2.0962867e-002
 -2.7255983e-002
 -4.4995425e-002
 -7.3620673e-002
 -1.1055552e-001
 -1.5157167e-001
 -1.9162279e-001
 -2.2593728e-001
 -2.5106139e-001
 -2.6554551e-001
 -2.7007309e-001
 -2.6701000e-001
 -2.5953984e-001
 -2.5068114e-001
 -2.4250480e-001
 -2.3577928e-001
 -2.3010153e-001
 -2.2439134e-001
 -2.1750661e-001
 -2.0872039e-001
 -1.9789064e-001
 -1.8530640e-001
 -1.7134118e-001
 -1.5612390e-001
 -1.3941576e-001
 -1.2077316e-001
 -9.9931230e-002
 -7.7228285e-002
 -5.3858437e-002
 -3.1803978e-002
 -1.3432050e-002
 -8.8351500e-004
  4.5261550e-003
  2.6729850e-003
 -5.3738200e-003
 -1.7704663e-002
 -3.2132060e-002
 -4.6744704e-002
 -6.0250848e-002
 -7.2004637e-002
 -8.1744840e-002
 -8.9195638e-002
 -9.3735914e-002
 -9.4314598e-002
 -8.9685868e-002
 -7.8899788e-002
 -6.1866024e-002
 -3.9757916e-002
 -1.5064623e-002
  8.7819805e-003
  2.8124882e-002
  3.9932567e-002
  4.2515312e-002
  3.5881521e-002
  2.1632584e-002
  2.4531055e-003
 -1.8614912e-002
 -3.8870531e-002
 -5.6420480e-002
 -7.0320833e-002
 -8.0434014e-002
 -8.7139312e-002
 -9.1059075e-002
 -9.2908669e-002
 -9.3479436e-002
 -9.3672573e-002
 -9.4467084e-002
 -9.6746159e-002
 -1.0100373e-001
 -1.0705545e-001
 -1.1392631e-001
 -1.2004473e-001
 -1.2374586e-001
 -1.2392848e-001
 -1.2059542e-001
 -1.1500365e-001
 -1.0927735e-001
 -1.0555670e-001
 -1.0497785e-001
 -1.0690394e-001
 -1.0878454e-001
 -1.0680914e-001
 -9.7213012e-002
 -7.7810216e-002
 -4.9190268e-002
 -1.5087970e-002
  1.8295090e-002
  4.3869570e-002
  5.5658975e-002
  5.0575445e-002
  2.9385155e-002
 -3.4552850e-003
 -4.1035197e-002
 -7.5893816e-002
 -1.0198546e-001
 -1.1610769e-001
 -1.1839911e-001
 -1.1183410e-001
 -1.0096250e-001
 -9.0356888e-002
 -8.3275140e-002
 -8.0921984e-002
 -8.2457256e-002
 -8.5640891e-002
 -8.7814828e-002
 -8.6855930e-002
 -8.1800243e-002
 -7.2995724e-002
 -6.1821196e-002
 -5.0144959e-002
 -3.9746106e-002
 -3.1882839e-002
 -2.7096869e-002
 -2.5240862e-002
 -2.5648245e-002
 -2.7350133e-002
 -2.9272743e-002
 -3.0393131e-002
 -2.9863817e-002
 -2.7123092e-002
 -2.1992574e-002
 -1.4743321e-002
 -6.1030895e-003
  2.8134730e-003
  1.0649232e-002
  1.6002262e-002
  1.7648302e-002
  1.4764059e-002
  7.1342350e-003
 -4.6767850e-003
 -1.9222727e-002
 -3.4196024e-002
 -4.6630715e-002
 -5.3323029e-002
 -5.1445931e-002
 -3.9253986e-002
 -1.6704432e-002
  1.4206442e-002
  4.9551685e-002
  8.4079205e-002
  1.1221977e-001
  1.2926455e-001
  1.3240020e-001
  1.2130504e-001
  9.8123764e-002
  6.6819893e-002
  3.2097408e-002
 -1.7794930e-003
 -3.1906751e-002
 -5.7127959e-002
 -7.7799948e-002
 -9.5065318e-002
 -1.0993529e-001
 -1.2255202e-001
 -1.3192869e-001
 -1.3628006e-001
 -1.3382300e-001
 -1.2373331e-001
 -1.0686856e-001
 -8.5940057e-002
 -6.5017026e-002
 -4.8498925e-002
 -3.9900164e-002
 -4.0874241e-002
 -5.0826266e-002
 -6.7251307e-002
 -8.6670673e-002
 -1.0581913e-001
 -1.2264722e-001
 -1.3677711e-001
 -1.4925987e-001
 -1.6174787e-001
 -1.7541848e-001
 -1.9008361e-001
 -2.0385694e-001
 -2.1354972e-001
 -2.1569925e-001
 -2.0789292e-001
 -1.8992324e-001
 -1.6433846e-001
 -1.3613604e-001
 -1.1162290e-001
 -9.6748017e-002
 -9.5405851e-002
 -1.0824532e-001
 -1.3238196e-001
 -1.6213950e-001
 -1.9062604e-001
 -2.1168477e-001
 -2.2163447e-001
 -2.2027611e-001
 -2.1086637e-001
 -1.9907607e-001
 -1.9125749e-001
 -1.9254421e-001
 -2.0534084e-001
 -2.2862632e-001
 -2.5824117e-001
 -2.8803957e-001
 -3.1154878e-001
 -3.2365570e-001
 -3.2185908e-001
 -3.0677191e-001
 -2.8178124e-001
 -2.5200798e-001
 -2.2289226e-001
 -1.9881398e-001
 -1.8212565e-001
 -1.7283741e-001
 -1.6899523e-001
 -1.6759043e-001
 -1.6569000e-001
 -1.6142694e-001
 -1.5454953e-001
 -1.4637791e-001
 -1.3920803e-001
 -1.3537481e-001
 -1.3628639e-001
 -1.4174084e-001
 -1.4974013e-001
 -1.5685868e-001
 -1.5905733e-001
 -1.5270938e-001
 -1.3555582e-001
 -1.0733912e-001
 -6.9960548e-002
 -2.7131885e-002
  1.6387608e-002
  5.5788550e-002
  8.7218425e-002
  1.0857489e-001
  1.1990474e-001
  1.2330527e-001
  1.2232741e-001
  1.2099523e-001
  1.2266239e-001
  1.2899520e-001
  1.3937542e-001
  1.5093733e-001
  1.5929795e-001
  1.5984031e-001
  1.4922353e-001
  1.2668258e-001
  9.4693741e-002
  5.8730928e-002
  2.6091596e-002
  4.0572580e-003
 -2.1181875e-003
  9.1924460e-003
  3.5302335e-002
  6.9688140e-002
  1.0354799e-001
  1.2803038e-001
  1.3651365e-001
  1.2628897e-001
  9.9169489e-002
  6.0863724e-002
  1.9316684e-002
 -1.7476001e-002
 -4.3531486e-002
 -5.6228277e-002
 -5.6586911e-002
 -4.8473060e-002
 -3.7049792e-002
 -2.7026168e-002
 -2.1283838e-002
 -2.0303159e-002
 -2.2513910e-002
 -2.5366232e-002
 -2.6670995e-002
 -2.5680539e-002
 -2.3496316e-002
 -2.2655709e-002
 -2.6066609e-002
 -3.5709313e-002
 -5.1616630e-002
 -7.1542368e-002
 -9.1473038e-002
 -1.0682353e-001
 -1.1390209e-001
 -1.1112710e-001
 -9.9564504e-002
 -8.2595901e-002
 -6.4833269e-002
 -5.0655447e-002
 -4.2864013e-002
 -4.1903029e-002
 -4.5884255e-002
 -5.1382274e-002
 -5.4709634e-002
 -5.3234443e-002
 -4.6304376e-002
 -3.5484101e-002
 -2.4044303e-002
 -1.5882914e-002
 -1.4235999e-002
 -2.0595254e-002
 -3.4176493e-002
 -5.2105252e-002
 -7.0258392e-002
 -8.4495192e-002
 -9.1890264e-002
 -9.1580690e-002
 -8.4960574e-002
 -7.5160562e-002
 -6.5974661e-002
 -6.0572497e-002
 -6.0406203e-002
 -6.4664878e-002
 -7.0461413e-002
 -7.3708125e-002
 -7.0419731e-002
 -5.8043073e-002
 -3.6397597e-002
 -7.9250450e-003
  2.2843200e-002
  5.0452074e-002
  6.9977716e-002
  7.8337852e-002
  7.5070739e-002
  6.2361458e-002
  4.4326679e-002
  2.5792607e-002
  1.0945224e-002
  2.2537495e-003
 -3.4655500e-005
  2.2794460e-003
  6.0988820e-003
  8.0897120e-003
  5.7115840e-003
 -2.0800225e-003
 -1.4630934e-002
 -2.9889484e-002
 -4.5067344e-002
 -5.7429448e-002
 -6.4977934e-002
 -6.6862075e-002
 -6.3450710e-002
 -5.6105439e-002
 -4.6760513e-002
 -3.7436932e-002
 -2.9802604e-002
 -2.4856733e-002
 -2.2782900e-002
 -2.2988675e-002
 -2.4325695e-002
 -2.5454010e-002
 -2.5276354e-002
 -2.3331420e-002
 -2.0021348e-002
 -1.6575961e-002
 -1.4730500e-002
 -1.6195395e-002
 -2.2088270e-002
 -3.2536379e-002
 -4.6615866e-002
 -6.2677424e-002
 -7.8957359e-002
 -9.4249103e-002
 -1.0836854e-001
 -1.2221206e-001
 -1.3735932e-001
 -1.5535489e-001
 -1.7694165e-001
 -2.0155388e-001
 -2.2729247e-001
 -2.5142645e-001
 -2.7126252e-001
 -2.8507434e-001
 -2.9274685e-001
 -2.9588183e-001
 -2.9730011e-001
 -3.0009366e-001
 -3.0654762e-001
 -3.1730803e-001
 -3.3109389e-001
 -3.4506913e-001
 -3.5576430e-001
 -3.6024782e-001
 -3.5715690e-001
 -3.4723919e-001
 -3.3321394e-001
 -3.1898316e-001
 -3.0843587e-001
 -3.0422283e-001
 -3.0689336e-001
 -3.1467408e-001
 -3.2396996e-001
 -3.3044213e-001
 -3.3033595e-001
 -3.2165339e-001
 -3.0481038e-001
 -2.8257769e-001
 -2.5932474e-001
 -2.3979834e-001
 -2.2780678e-001
 -2.2519956e-001
 -2.3143188e-001
 -2.4381569e-001
 -2.5835195e-001
 -2.7087607e-001
 -2.7818062e-001
 -2.7881533e-001
 -2.7338134e-001
 -2.6428778e-001
 -2.5507572e-001
 -2.4950444e-001
 -2.5062546e-001
 -2.6005091e-001
 -2.7756665e-001
 -3.0116544e-001
 -3.2749005e-001
 -3.5258866e-001
 -3.7281091e-001
 -3.8562765e-001
 -3.9016285e-001
 -3.8729101e-001
 -3.7926996e-001
 -3.6901549e-001
 -3.5923775e-001
 -3.5170514e-001
 -3.4685963e-001
 -3.4388725e-001
 -3.4119040e-001
 -3.3707238e-001
 -3.3037936e-001
 -3.2087495e-001
 -3.0923530e-001
 -2.9670274e-001
 -2.8456414e-001
 -2.7367757e-001
 -2.6423507e-001
 -2.5583858e-001
 -2.4782724e-001
 -2.3968691e-001
 -2.3134229e-001
 -2.2319217e-001
 -2.1587243e-001
 -2.0986484e-001
 -2.0515214e-001
 -2.0111183e-001
 -1.9674236e-001
 -1.9116576e-001
 -1.8421355e-001
 -1.7684038e-001
 -1.7115087e-001
 -1.6996174e-001
 -1.7599850e-001
 -1.9097766e-001
 -2.1488785e-001
 -2.4573166e-001
 -2.7983906e-001
 -3.1266931e-001
 -3.3985140e-001
 -3.5813591e-001
 -3.6597093e-001
 -3.6355521e-001
 -3.5241111e-001
 -3.3468468e-001
 -3.1246170e-001
 -2.8735453e-001
 -2.6048236e-001
 -2.3278909e-001
 -2.0549065e-001
 -1.8038166e-001
 -1.5978783e-001
 -1.4610682e-001
 -1.4107474e-001
 -1.4504592e-001
 -1.5661098e-001
 -1.7277639e-001
 -1.8971916e-001
 -2.0389385e-001
 -2.1310288e-001
 -2.1712259e-001
 -2.1762377e-001
 -2.1738847e-001
 -2.1910182e-001
 -2.2417736e-001
 -2.3207633e-001
 -2.4040065e-001
 -2.4574001e-001
 -2.4495598e-001
 -2.3640905e-001
 -2.2065245e-001
 -2.0032463e-001
 -1.7928666e-001
 -1.6134539e-001
 -1.4905818e-001
 -1.4306716e-001
 -1.4218449e-001
 -1.4413837e-001
 -1.4662568e-001
 -1.4820946e-001
 -1.4869052e-001
 -1.4883142e-001
 -1.4960674e-001
 -1.5136865e-001
 -1.5335613e-001
 -1.5382174e-001
 -1.5076652e-001
 -1.4298387e-001
 -1.3094482e-001
 -1.1708773e-001
 -1.0530171e-001
 -9.9725566e-002
 -1.0328674e-001
 -1.1654850e-001
 -1.3734930e-001
 -1.6142996e-001
 -1.8386057e-001
 -2.0075049e-001
 -2.1058848e-001
 -2.1467704e-001
 -2.1645999e-001
 -2.1996979e-001
 -2.2797565e-001
 -2.4055430e-001
 -2.5467080e-001
 -2.6499105e-001
 -2.6568649e-001
 -2.5260697e-001
 -2.2503758e-001
 -1.8638284e-001
 -1.4349264e-001
 -1.0482515e-001
 -7.8054738e-002
 -6.7929279e-002
 -7.5088675e-002
 -9.6212369e-002
 -1.2539446e-001
 -1.5622216e-001
 -1.8380811e-001
 -2.0607490e-001
 -2.2388733e-001
 -2.4006075e-001
 -2.5768194e-001
 -2.7841742e-001
 -3.0147089e-001
 -3.2359600e-001
 -3.4017151e-001
 -3.4694636e-001
 -3.4180704e-001
 -3.2589903e-001
 -3.0365493e-001
 -2.8166554e-001
 -2.6674215e-001
 -2.6381191e-001
 -2.7436018e-001
 -2.9595648e-001
 -3.2303462e-001
 -3.4866968e-001
 -3.6675353e-001
 -3.7383721e-001
 -3.7002837e-001
 -3.5866450e-001
 -3.4491032e-001
 -3.3379904e-001
 -3.2842227e-001
 -3.2890728e-001
 -3.3252774e-001
 -3.3488217e-001
 -3.3168916e-001
 -3.2053047e-001
 -3.0189721e-001
 -2.7915388e-001
 -2.5743325e-001
 -2.4186970e-001
 -2.3582307e-001
 -2.3975064e-001
 -2.5114488e-001
 -2.6555688e-001
 -2.7831456e-001
 -2.8627624e-001
 -2.8893871e-001
 -2.8845837e-001
 -2.8855977e-001
 -2.9274220e-001
 -3.0248486e-001
 -3.1617674e-001
 -3.2924321e-001
 -3.3549523e-001
 -3.2925837e-001
 -3.0752371e-001
 -2.7132576e-001
 -2.2581182e-001
 -1.7892780e-001
 -1.3913991e-001
 -1.1295699e-001
 -1.0309029e-001
 -1.0786357e-001
 -1.2205142e-001
 -1.3883442e-001
 -1.5219117e-001
 -1.5892081e-001
 -1.5964103e-001
 -1.5847200e-001
 -1.6156062e-001
 -1.7497066e-001
 -2.0264092e-001
 -2.4505237e-001
 -2.9898238e-001
 -3.5836163e-001
 -4.1591191e-001
 -4.6503423e-001
 -5.0138726e-001
 -5.2373622e-001
 -5.3389788e-001
 -5.3587525e-001
 -5.3448736e-001
 -5.3390478e-001
 -5.3648844e-001
 -5.4221706e-001
 -5.4881647e-001
 -5.5251998e-001
 -5.4923430e-001
 -5.3579268e-001
 -5.1096345e-001
 -4.7594925e-001
 -4.3424469e-001
 -3.9088723e-001
 -3.5129546e-001
 -3.1999906e-001
 -2.9959190e-001
 -2.9017614e-001
 -2.8942567e-001
 -2.9322587e-001
 -2.9669406e-001
 -2.9530050e-001
 -2.8581280e-001
 -2.6687067e-001
 -2.3912270e-001
 -2.0497602e-001
 -1.6808081e-001
 -1.3268353e-001
 -1.0294903e-001
 -8.2309084e-002
 -7.2875967e-002
 -7.4978137e-002
 -8.6914881e-002
 -1.0505194e-001
 -1.2435122e-001
 -1.3933037e-001
 -1.4530141e-001
 -1.3959579e-001
 -1.2241175e-001
 -9.6968486e-002
 -6.8827040e-002
 -4.4495330e-002
 -2.9687938e-002
 -2.7764352e-002
 -3.8852189e-002
 -5.9963435e-002
 -8.6088074e-002
 -1.1191076e-001
 -1.3356643e-001
 -1.4982160e-001
 -1.6226098e-001
 -1.7441037e-001
 -1.9011175e-001
 -2.1174201e-001
 -2.3892832e-001
 -2.6823863e-001
 -2.9397741e-001
 -3.0982719e-001
 -3.1078511e-001
 -2.9475282e-001
 -2.6327049e-001
 -2.2118381e-001
 -1.7538335e-001
 -1.3303826e-001
 -9.9871189e-002
 -7.8964342e-002
 -7.0383890e-002
 -7.1640629e-002
 -7.8760420e-002
 -8.7588716e-002
 -9.4932270e-002
 -9.9237755e-002
 -1.0067836e-001
 -1.0070729e-001
 -1.0128577e-001
 -1.0406542e-001
 -1.0978764e-001
 -1.1807041e-001
 -1.2761691e-001
 -1.3674536e-001
 -1.4404276e-001
 -1.4891457e-001
 -1.5184373e-001
 -1.5427013e-001
 -1.5812558e-001
 -1.6517132e-001
 -1.7635121e-001
 -1.9137411e-001
 -2.0867230e-001
 -2.2576904e-001
 -2.3996068e-001
 -2.4911706e-001
 -2.5236010e-001
 -2.5040986e-001
 -2.4548323e-001
 -2.4076298e-001
 -2.3958500e-001
 -2.4457792e-001
 -2.5700508e-001
 -2.7649801e-001
 -3.0125233e-001
 -3.2861589e-001
 -3.5588004e-001
 -3.8102428e-001
 -4.0318345e-001
 -4.2269970e-001
 -4.4075986e-001
 -4.5875893e-001
 -4.7762465e-001
 -4.9735206e-001
 -5.1692492e-001
 -5.3466162e-001
 -5.4886492e-001
 -5.5853284e-001
 -5.6384885e-001
 -5.6623413e-001
 -5.6789645e-001
 -5.7099976e-001
 -5.7673712e-001
 -5.8465604e-001
 -5.9252447e-001
 -5.9685365e-001
 -5.9396326e-001
 -5.8126946e-001
 -5.5837373e-001
 -5.2757146e-001
 -4.9357622e-001
 -4.6250571e-001
 -4.4041318e-001
 -4.3178892e-001
 -4.3845656e-001
 -4.5915365e-001
 -4.8987141e-001
 -5.2480961e-001
 -5.5765319e-001
 -5.8283158e-001
 -5.9647911e-001
 -5.9693701e-001
 -5.8477363e-001
 -5.6240768e-001
 -5.3347806e-001
 -5.0211525e-001
 -4.7224776e-001
 -4.4704264e-001
 -4.2854119e-001
 -4.1751505e-001
 -4.1353307e-001
 -4.1519841e-001
 -4.2049158e-001
 -4.2714699e-001
 -4.3299907e-001
 -4.3625666e-001
 -4.3569050e-001
 -4.3073722e-001
 -4.2152840e-001
 -4.0884769e-001
 -3.9401106e-001
 -3.7866875e-001
 -3.6454345e-001
 -3.5314660e-001
 -3.4553595e-001
 -3.4217935e-001
 -3.4296490e-001
 -3.4735064e-001
 -3.5459809e-001
 -3.6400521e-001
 -3.7505984e-001
 -3.8747451e-001
 -4.0111840e-001
 -4.1590613e-001
 -4.3171320e-001
 -4.4836122e-001
 -4.6566552e-001
 -4.8349315e-001
 -5.0176638e-001
 -5.2037524e-001
 -5.3902145e-001
 -5.5707214e-001
 -5.7352419e-001
 -5.8714807e-001
 -5.9680278e-001
 -6.0182329e-001
 -6.0232321e-001
 -5.9926237e-001
 -5.9420796e-001
 -5.8884037e-001
 -5.8437037e-001
 -5.8108874e-001
 -5.7823536e-001
 -5.7425963e-001
 -5.6739346e-001
 -5.5633407e-001
 -5.4078868e-001
 -5.2168486e-001
 -5.0097888e-001
 -4.8114419e-001
 -4.6453243e-001
 -4.5282851e-001
 -4.4676063e-001
 -4.4610998e-001
 -4.4994447e-001
 -4.5692904e-001
 -4.6556950e-001
 -4.7431676e-001
 -4.8155882e-001
 -4.8560476e-001
 -4.8478249e-001
 -4.7771728e-001
 -4.6375605e-001
 -4.4339902e-001
 -4.1854594e-001
 -3.9239040e-001
 -3.6889993e-001
 -3.5196684e-001
 -3.4444823e-001
 -3.4738003e-001
 -3.5961935e-001
 -3.7804901e-001
 -3.9830897e-001
 -4.1586047e-001
 -4.2709273e-001
 -4.3017860e-001
 -4.2546841e-001
 -4.1534771e-001
 -4.0362719e-001
 -3.9464246e-001
 -3.9229035e-001
 -3.9921847e-001
 -4.1632635e-001
 -4.4265386e-001
 -4.7564661e-001
 -5.1171450e-001
 -5.4694933e-001
 -5.7784615e-001
 -6.0188091e-001
 -6.1783445e-001
 -6.2581110e-001
 -6.2697073e-001
 -6.2305893e-001
 -6.1586691e-001
 -6.0676551e-001
 -5.9643343e-001
 -5.8484092e-001
 -5.7147622e-001
 -5.5573138e-001
 -5.3732207e-001
 -5.1661081e-001
 -4.9473696e-001
 -4.7351353e-001
 -4.5511358e-001
 -4.4161898e-001
 -4.3453406e-001
 -4.3437311e-001
 -4.4041928e-001
 -4.5072499e-001
 -4.6238224e-001
 -4.7203713e-001
 -4.7656289e-001
 -4.7375323e-001
 -4.6287082e-001
 -4.4490148e-001
 -4.2242518e-001
 -3.9911054e-001
 -3.7894155e-001
 -3.6536175e-001
 -3.6054622e-001
 -3.6497709e-001
 -3.7741487e-001
 -3.9525336e-001
 -4.1515169e-001
 -4.3377837e-001
 -4.4849106e-001
 -4.5780832e-001
 -4.6159067e-001
 -4.6091927e-001
 -4.5772328e-001
 -4.5425080e-001
 -4.5249923e-001
 -4.5371910e-001
 -4.5808646e-001
 -4.6460647e-001
 -4.7126953e-001
 -4.7543673e-001
 -4.7438802e-001
 -4.6593186e-001
 -4.4895562e-001
 -4.2379861e-001
 -3.9235497e-001
 -3.5786346e-001
 -3.2440512e-001
 -2.9619843e-001
 -2.7683709e-001
 -2.6864015e-001
 -2.7226649e-001
 -2.8668227e-001
 -3.0947567e-001
 -3.3741700e-001
 -3.6709693e-001
 -3.9546733e-001
 -4.2016387e-001
 -4.3958328e-001
 -4.5278425e-001
 -4.5933610e-001
 -4.5923008e-001
 -4.5290306e-001
 -4.4133254e-001
 -4.2609450e-001
 -4.0926498e-001
 -3.9310360e-001
 -3.7955719e-001
 -3.6972253e-001
 -3.6345955e-001
 -3.5932481e-001
 -3.5490112e-001
 -3.4746780e-001
 -3.3483425e-001
 -3.1609393e-001
 -2.9206984e-001
 -2.6531169e-001
 -2.3963817e-001
 -2.1935027e-001
 -2.0833033e-001
 -2.0926203e-001
 -2.2315550e-001
 -2.4926066e-001
 -2.8533747e-001
 -3.2816024e-001
 -3.7409299e-001
 -4.1959045e-001
 -4.6154215e-001
 -4.9745574e-001
 -5.2553581e-001
 -5.4473271e-001
 -5.5480663e-001
 -5.5639404e-001
 -5.5100953e-001
 -5.4089944e-001
 -5.2870138e-001
 -5.1694580e-001
 -5.0752504e-001
 -5.0130780e-001
 -4.9805688e-001
 -4.9671196e-001
 -4.9596019e-001
 -4.9489097e-001
 -4.9347759e-001
 -4.9267707e-001
 -4.9408101e-001
 -4.9923176e-001
 -5.0886606e-001
 -5.2239963e-001
 -5.3789271e-001
 -5.5256070e-001
 -5.6368113e-001
 -5.6957862e-001
 -5.7031369e-001
 -5.6778529e-001
 -5.6515655e-001
 -5.6575923e-001
 -5.7183540e-001
 -5.8355866e-001
 -5.9870567e-001
 -6.1314220e-001
 -6.2201266e-001
 -6.2127457e-001
 -6.0908467e-001
 -5.8657320e-001
 -5.5772946e-001
 -5.2840695e-001
 -5.0474339e-001
 -4.9148353e-001
 -4.9072490e-001
 -5.0146682e-001
 -5.2007998e-001
 -5.4151702e-001
 -5.6085518e-001
 -5.7467521e-001
 -5.8185871e-001
 -5.8359610e-001
 -5.8266157e-001
 -5.8223957e-001
 -5.8471023e-001
 -5.9078654e-001
 -5.9926152e-001
 -6.0742000e-001
 -6.1196224e-001
 -6.1013715e-001
 -6.0072815e-001
 -5.8458633e-001
 -5.6454348e-001
 -5.4472146e-001
 -5.2943176e-001
 -5.2197881e-001
 -5.2370819e-001
 -5.3356942e-001
 -5.4831339e-001
 -5.6326471e-001
 -5.7345288e-001
 -5.7479860e-001
 -5.6505497e-001
 -5.4428729e-001
 -5.1480923e-001
 -4.8063222e-001
 -4.4659112e-001
 -4.1736085e-001
 -3.9657295e-001
 -3.8619340e-001
 -3.8625500e-001
 -3.9496678e-001
 -4.0916226e-001
 -4.2499861e-001
 -4.3877965e-001
 -4.4774750e-001
 -4.5067806e-001
 -4.4813472e-001
 -4.4229287e-001
 -4.3634278e-001
 -4.3359330e-001
 -4.3650078e-001
 -4.4589736e-001
 -4.6066330e-001
 -4.7797302e-001
 -4.9407406e-001
 -5.0538349e-001
 -5.0957067e-001
 -5.0628320e-001
 -4.9727665e-001
 -4.8589618e-001
 -4.7606735e-001
 -4.7111176e-001
 -4.7275696e-001
 -4.8064095e-001
 -4.9244763e-001
 -5.0460695e-001
 -5.1332309e-001
 -5.1560684e-001
 -5.1001002e-001
 -4.9687250e-001
 -4.7805458e-001
 -4.5628475e-001
 -4.3435546e-001
 -4.1442303e-001
 -3.9761029e-001
 -3.8399609e-001
 -3.7294484e-001
 -3.6362131e-001
 -3.5548673e-001
 -3.4859346e-001
 -3.4358016e-001
 -3.4138559e-001
 -3.4280605e-001
 -3.4807895e-001
 -3.5666169e-001
 -3.6729727e-001
 -3.7834596e-001
 -3.8826088e-001
 -3.9603541e-001
 -4.0146781e-001
 -4.0516445e-001
 -4.0830221e-001
 -4.1225206e-001
 -4.1819857e-001
 -4.2686695e-001
 -4.3840866e-001
 -4.5242953e-001
 -4.6810273e-001
 -4.8430617e-001
 -4.9975354e-001
 -5.1312551e-001
 -5.2322722e-001
 -5.2918365e-001
 -5.3064394e-001
 -5.2792195e-001
 -5.2198459e-001
 -5.1422997e-001
 -5.0607238e-001
 -4.9844133e-001
 -4.9136811e-001
 -4.8383961e-001
 -4.7403103e-001
 -4.5990466e-001
 -4.4002129e-001
 -4.1430910e-001
 -3.8451163e-001
 -3.5411236e-001
 -3.2768633e-001
 -3.0981714e-001
 -3.0387542e-001
 -3.1102984e-001
 -3.2982085e-001
 -3.5647539e-001
 -3.8591876e-001
 -4.1321349e-001
 -4.3499787e-001
 -4.5046573e-001
 -4.6154364e-001
 -4.7215774e-001
 -4.8677053e-001
 -5.0861708e-001
 -5.3819554e-001
 -5.7251836e-001
 -6.0541583e-001
 -6.2886628e-001
 -6.3500872e-001
 -6.1827750e-001
 -5.7705578e-001
 -5.1438633e-001
 -4.3755469e-001
 -3.5667854e-001
 -2.8269462e-001
 -2.2525762e-001
 -1.9102962e-001
 -1.8267644e-001
 -1.9867031e-001
 -2.3380430e-001
 -2.8021062e-001
 -3.2865464e-001
 -3.6992134e-001
 -3.9616906e-001
 -4.0214878e-001
 -3.8615967e-001
 -3.5055707e-001
 -3.0160215e-001
 -2.4849957e-001
 -2.0163769e-001
 -1.7029480e-001
 -1.6032383e-001
 -1.7246597e-001
 -2.0188230e-001
 -2.3920523e-001
 -2.7296316e-001
 -2.9276349e-001
 -2.9230365e-001
 -2.7125479e-001
 -2.3537011e-001
 -1.9472657e-001
 -1.6063244e-001
 -1.4219814e-001
 -1.4369727e-001
 -1.6357874e-001
 -1.9541512e-001
 -2.3039401e-001
 -2.6042620e-001
 -2.8075180e-001
 -2.9114376e-001
 -2.9534945e-001
 -2.9907027e-001
 -3.0730762e-001
 -3.2210978e-001
 -3.4156824e-001
 -3.6041748e-001
 -3.7198205e-001
 -3.7072263e-001
 -3.5443512e-001
 -3.2531561e-001
 -2.8954191e-001
 -2.5556208e-001
 -2.3171770e-001
 -2.2401100e-001
 -2.3470515e-001
 -2.6209710e-001
 -3.0137549e-001
 -3.4613497e-001
 -3.8998117e-001
 -4.2774597e-001
 -4.5607438e-001
 -4.7342143e-001
 -4.7969208e-001
 -4.7580697e-001
 -4.6338952e-001
 -4.4461442e-001
 -4.2212208e-001
 -3.9885372e-001
 -3.7771117e-001
 -3.6105966e-001
 -3.5020531e-001
 -3.4503541e-001
 -3.4398107e-001
 -3.4436375e-001
 -3.4305990e-001
 -3.3731338e-001
 -3.2547589e-001
 -3.0747531e-001
 -2.8488497e-001
 -2.6056877e-001
 -2.3797872e-001
 -2.2026230e-001
 -2.0938429e-001
 -2.0547595e-001
 -2.0659184e-001
 -2.0898091e-001
 -2.0786945e-001
 -1.9862434e-001
 -1.7804309e-001
 -1.4544056e-001
 -1.0320489e-001
 -5.6597373e-002
 -1.2759796e-002
  2.0876693e-002
  3.8384230e-002
  3.6834101e-002
  1.7044953e-002
 -1.6667664e-002
 -5.7691870e-002
 -9.8915079e-002
 -1.3455379e-001
 -1.6143301e-001
 -1.7931177e-001
 -1.9018626e-001
 -1.9687526e-001
 -2.0146546e-001
 -2.0425332e-001
 -2.0362992e-001
 -1.9697493e-001
 -1.8219986e-001
 -1.5928116e-001
 -1.3108189e-001
 -1.0301292e-001
 -8.1541307e-002
 -7.2039189e-002
 -7.6779582e-002
 -9.3887233e-002
 -1.1772555e-001
 -1.4066219e-001
 -1.5561438e-001
 -1.5844828e-001
 -1.4933176e-001
 -1.3251775e-001
 -1.1462491e-001
 -1.0205527e-001
 -9.8522490e-002
 -1.0362374e-001
 -1.1298986e-001
 -1.1994341e-001
 -1.1802067e-001
 -1.0339240e-001
 -7.6273159e-002
 -4.0813605e-002
 -3.5610950e-003
  2.8883902e-002
  5.2105321e-002
  6.5173560e-002
  7.0582937e-002
  7.2945053e-002
  7.7032946e-002
  8.5984720e-002
  1.0035538e-001
  1.1831843e-001
  1.3683499e-001
  1.5323040e-001
  1.6649259e-001
  1.7776854e-001
  1.8989905e-001
  2.0623541e-001
  2.2925753e-001
  2.5955750e-001
  2.9556739e-001
  3.3408607e-001
  3.7134204e-001
  4.0414218e-001
  4.3066612e-001
  4.5064808e-001
  4.6495670e-001
  4.7482153e-001
  4.8107232e-001
  4.8371613e-001
