 -3.7131115e-002
 -5.1007197e-002
 -6.6273914e-002
 -8.2087860e-002
 -9.7883018e-002
 -1.1332503e-001
 -1.2807147e-001
 -1.4145783e-001
 -1.5227937e-001
 -1.5882039e-001
 -1.5919476e-001
 -1.5193638e-001
 -1.3666181e-001
 -1.1456676e-001
 -8.8543130e-002
 -6.2809077e-002
 -4.2099364e-002
 -3.0613092e-002
 -3.1008356e-002
 -4.3734910e-002
 -6.6904288e-002
 -9.6741427e-002
 -1.2849284e-001
 -1.5753728e-001
 -1.8039429e-001
 -1.9536673e-001
 -2.0266818e-001
 -2.0403869e-001
 -2.0199434e-001
 -1.9894944e-001
 -1.9647060e-001
 -1.9486901e-001
 -1.9323012e-001
 -1.8985092e-001
 -1.8293886e-001
 -1.7135492e-001
 -1.5517262e-001
 -1.3587841e-001
 -1.1614205e-001
 -9.9211327e-002
 -8.8099295e-002
 -8.4799688e-002
 -8.9765625e-002
 -1.0181250e-001
 -1.1847853e-001
 -1.3673277e-001
 -1.5380794e-001
 -1.6789390e-001
 -1.7847420e-001
 -1.8621020e-001
 -1.9243363e-001
 -1.9844336e-001
 -2.0486787e-001
 -2.1132522e-001
 -2.1650032e-001
 -2.1860516e-001
 -2.1604870e-001
 -2.0807097e-001
 -1.9511379e-001
 -1.7879968e-001
 -1.6153241e-001
 -1.4586348e-001
 -1.3384257e-001
 -1.2656361e-001
 -1.2403730e-001
 -1.2540028e-001
 -1.2935427e-001
 -1.3465734e-001
 -1.4048602e-001
 -1.4654781e-001
 -1.5292423e-001
 -1.5972797e-001
 -1.6672669e-001
 -1.7310040e-001
 -1.7745231e-001
 -1.7810431e-001
 -1.7360309e-001
 -1.6327855e-001
 -1.4765812e-001
 -1.2856689e-001
 -1.0882734e-001
 -9.1596111e-002
 -7.9498905e-002
 -7.3809797e-002
 -7.3934023e-002
 -7.7382425e-002
 -8.0286285e-002
 -7.8335905e-002
 -6.7888924e-002
 -4.6934328e-002
 -1.5637775e-002
  2.3678661e-002
  6.7098605e-002
  1.1003641e-001
  1.4825655e-001
  1.7871803e-001
  2.0005174e-001
  2.1259845e-001
  2.1805281e-001
  2.1884292e-001
  2.1741084e-001
  2.1555575e-001
  2.1397254e-001
  2.1207802e-001
  2.0816853e-001
  1.9989335e-001
  1.8495724e-001
  1.6189338e-001
  1.3069686e-001
  9.3108466e-002
  5.2408070e-002
  1.2712576e-002
 -2.2060292e-002
 -4.9259972e-002
 -6.8245588e-002
 -8.0513647e-002
 -8.9106430e-002
 -9.7445341e-002
 -1.0796028e-001
 -1.2100186e-001
 -1.3447086e-001
 -1.4437910e-001
 -1.4623206e-001
 -1.3680692e-001
 -1.1570939e-001
 -8.6112307e-002
 -5.4320546e-002
 -2.8199570e-002
 -1.4914660e-002
 -1.8705109e-002
 -3.9450723e-002
 -7.2551930e-002
 -1.1021304e-001
 -1.4374039e-001
 -1.6611490e-001
 -1.7399956e-001
 -1.6853463e-001
 -1.5468615e-001
 -1.3939960e-001
 -1.2919663e-001
 -1.2800916e-001
 -1.3592683e-001
 -1.4919652e-001
 -1.6138906e-001
 -1.6528762e-001
 -1.5487560e-001
 -1.2684826e-001
 -8.1299061e-002
 -2.1534357e-002
  4.6768629e-002
  1.1671213e-001
  1.8130240e-001
  2.3433738e-001
  2.7100025e-001
  2.8821243e-001
  2.8482840e-001
  2.6171102e-001
  2.2165581e-001
  1.6909188e-001
  1.0951212e-001
  4.8671554e-002
 -8.2965370e-003
 -5.7622325e-002
 -9.7281007e-002
 -1.2689876e-001
 -1.4723380e-001
 -1.5944797e-001
 -1.6447258e-001
 -1.6273724e-001
 -1.5437262e-001
 -1.3977883e-001
 -1.2026204e-001
 -9.8374626e-002
 -7.7692250e-002
 -6.1996252e-002
 -5.4110375e-002
 -5.4842106e-002
 -6.2502568e-002
 -7.3294551e-002
 -8.2526421e-002
 -8.6260368e-002
 -8.2785439e-002
 -7.3322995e-002
 -6.1635193e-002
 -5.2623447e-002
 -5.0411766e-002
 -5.6641527e-002
 -6.9657609e-002
 -8.4946937e-002
 -9.6716265e-002
 -1.0004886e-001
 -9.2836371e-002
 -7.6742619e-002
 -5.6804847e-002
 -3.9784766e-002
 -3.1856173e-002
 -3.6474626e-002
 -5.3216626e-002
 -7.8019121e-002
 -1.0472760e-001
 -1.2736986e-001
 -1.4229974e-001
 -1.4940557e-001
 -1.5193428e-001
 -1.5500935e-001
 -1.6341778e-001
 -1.7951980e-001
 -2.0208866e-001
 -2.2653619e-001
 -2.4645775e-001
 -2.5593503e-001
 -2.5175188e-001
 -2.3470803e-001
 -2.0954159e-001
 -1.8346960e-001
 -1.6384408e-001
 -1.5572791e-001
 -1.6021894e-001
 -1.7409216e-001
 -1.9088497e-001
 -2.0307137e-001
 -2.0461570e-001
 -1.9307540e-001
 -1.7056822e-001
 -1.4328052e-001
 -1.1965311e-001
 -1.0779650e-001
 -1.1292945e-001
 -1.3563140e-001
 -1.7145226e-001
 -2.1200909e-001
 -2.4724621e-001
 -2.6818364e-001
 -2.6933725e-001
 -2.5010521e-001
 -2.1474292e-001
 -1.7098728e-001
 -1.2780057e-001
 -9.2955448e-002
 -7.1198177e-002
 -6.3507985e-002
 -6.7592506e-002
 -7.9351332e-002
 -9.4735317e-002
 -1.1132844e-001
 -1.2910864e-001
 -1.5015467e-001
 -1.7744597e-001
 -2.1322005e-001
 -2.5749941e-001
 -3.0733236e-001
 -3.5704032e-001
 -3.9942201e-001
 -4.2755022e-001
 -4.3661485e-001
 -4.2526488e-001
 -3.9607015e-001
 -3.5499165e-001
 -3.1002710e-001
 -2.6940454e-001
 -2.3978467e-001
 -2.2489904e-001
 -2.2492226e-001
 -2.3669506e-001
 -2.5472089e-001
 -2.7268608e-001
 -2.8512954e-001
 -2.8883959e-001
 -2.8360377e-001
 -2.7208850e-001
 -2.5885719e-001
 -2.4879369e-001
 -2.4540303e-001
 -2.4953554e-001
 -2.5897991e-001
 -2.6910765e-001
 -2.7440250e-001
 -2.7039064e-001
 -2.5531892e-001
 -2.3098175e-001
 -2.0236775e-001
 -1.7619783e-001
 -1.5881729e-001
 -1.5414243e-001
 -1.6235631e-001
 -1.7979524e-001
 -2.0005785e-001
 -2.1594998e-001
 -2.2160438e-001
 -2.1408196e-001
 -1.9397661e-001
 -1.6492149e-001
 -1.3228404e-001
 -1.0159206e-001
 -7.7264859e-002
 -6.2029718e-002
 -5.7076950e-002
 -6.2686505e-002
 -7.8880479e-002
 -1.0568998e-001
 -1.4285165e-001
 -1.8906436e-001
 -2.4119835e-001
 -2.9393715e-001
 -3.4020065e-001
 -3.7239573e-001
 -3.8419234e-001
 -3.7227414e-001
 -3.3747017e-001
 -2.8485848e-001
 -2.2277254e-001
 -1.6100267e-001
 -1.0873171e-001
 -7.2789077e-002
 -5.6651010e-002
 -6.0330874e-002
 -8.1012174e-002
 -1.1408320e-001
 -1.5419356e-001
 -1.9605722e-001
 -2.3490816e-001
 -2.6668875e-001
 -2.8814574e-001
 -2.9699735e-001
 -2.9223593e-001
 -2.7449719e-001
 -2.4632305e-001
 -2.1211811e-001
 -1.7766630e-001
 -1.4921177e-001
 -1.3226725e-001
 -1.3043398e-001
 -1.4455341e-001
 -1.7244387e-001
 -2.0932539e-001
 -2.4884960e-001
 -2.8448796e-001
 -3.1093954e-001
 -3.2522154e-001
 -3.2719424e-001
 -3.1941686e-001
 -3.0638999e-001
 -2.9337738e-001
 -2.8508859e-001
 -2.8453088e-001
 -2.9230196e-001
 -3.0649808e-001
 -3.2327080e-001
 -3.3790259e-001
 -3.4612615e-001
 -3.4532513e-001
 -3.3526277e-001
 -3.1810292e-001
 -2.9769373e-001
 -2.7832036e-001
 -2.6332099e-001
 -2.5402770e-001
 -2.4940235e-001
 -2.4650879e-001
 -2.4166887e-001
 -2.3189968e-001
 -2.1611889e-001
 -1.9568345e-001
 -1.7406909e-001
 -1.5581308e-001
 -1.4510762e-001
 -1.4454270e-001
 -1.5441378e-001
 -1.7277335e-001
 -1.9611862e-001
 -2.2039304e-001
 -2.4191848e-001
 -2.5797923e-001
 -2.6698134e-001
 -2.6830778e-001
 -2.6208812e-001
 -2.4906596e-001
 -2.3061401e-001
 -2.0879838e-001
 -1.8631585e-001
 -1.6616411e-001
 -1.5103656e-001
 -1.4259158e-001
 -1.4085092e-001
 -1.4397928e-001
 -1.4858575e-001
 -1.5051433e-001
 -1.4592438e-001
 -1.3236495e-001
 -1.0954527e-001
 -7.9590162e-002
 -4.6705454e-002
 -1.6323720e-002
  6.0806595e-003
  1.6245385e-002
  1.2162105e-002
 -5.3389811e-003
 -3.2619466e-002
 -6.3905843e-002
 -9.2482232e-002
 -1.1214147e-001
 -1.1854851e-001
 -1.1017289e-001
 -8.8548269e-002
 -5.7797285e-002
 -2.3566613e-002
  8.3146634e-003
  3.3070064e-002
  4.7774144e-002
  5.1544609e-002
  4.5168352e-002
  3.0385042e-002
  9.1423617e-003
 -1.6895982e-002
 -4.6447135e-002
 -7.8353682e-002
 -1.1117393e-001
 -1.4287780e-001
 -1.7085335e-001
 -1.9228241e-001
 -2.0476946e-001
 -2.0698099e-001
 -1.9902988e-001
 -1.8243183e-001
 -1.5963365e-001
 -1.3329254e-001
 -1.0559579e-001
 -7.7899019e-002
 -5.0829043e-002
 -2.4793389e-002
 -6.4825375e-004
  1.9817063e-002
  3.3870241e-002
  3.8406775e-002
  3.0957631e-002
  1.0775399e-002
 -2.0444740e-002
 -5.8562899e-002
 -9.7822255e-002
 -1.3230849e-001
 -1.5758499e-001
 -1.7194551e-001
 -1.7682801e-001
 -1.7621011e-001
 -1.7516263e-001
 -1.7804102e-001
 -1.8693343e-001
 -2.0090384e-001
 -2.1629722e-001
 -2.2800838e-001
 -2.3128718e-001
 -2.2347338e-001
 -2.0508240e-001
 -1.7988063e-001
 -1.5391887e-001
 -1.3382217e-001
 -1.2486417e-001
 -1.2941617e-001
 -1.4624540e-001
 -1.7088062e-001
 -1.9694229e-001
 -2.1804261e-001
 -2.2968110e-001
 -2.3055229e-001
 -2.2285120e-001
 -2.1146743e-001
 -2.0230798e-001
 -2.0027377e-001
 -2.0753741e-001
 -2.2268280e-001
 -2.4099472e-001
 -2.5581456e-001
 -2.6053485e-001
 -2.5060580e-001
 -2.2493863e-001
 -1.8630306e-001
 -1.4064838e-001
 -9.5609916e-002
 -5.8680955e-002
 -3.5575163e-002
 -2.9178906e-002
 -3.9266545e-002
 -6.2916323e-002
 -9.5400329e-002
 -1.3126577e-001
 -1.6536287e-001
 -1.9366030e-001
 -2.1377132e-001
 -2.2516405e-001
 -2.2905160e-001
 -2.2797570e-001
 -2.2513861e-001
 -2.2360247e-001
 -2.2553998e-001
 -2.3174319e-001
 -2.4154608e-001
 -2.5319055e-001
 -2.6450665e-001
 -2.7365100e-001
 -2.7961769e-001
 -2.8232689e-001
 -2.8228022e-001
 -2.7996972e-001
 -2.7534972e-001
 -2.6766285e-001
 -2.5575365e-001
 -2.3876906e-001
 -2.1693963e-001
 -1.9205665e-001
 -1.6735294e-001
 -1.4672850e-001
 -1.3354157e-001
 -1.2939376e-001
 -1.3338134e-001
 -1.4214191e-001
 -1.5074394e-001
 -1.5415765e-001
 -1.4882346e-001
 -1.3378904e-001
 -1.1103113e-001
 -8.4862700e-002
 -6.0642106e-002
 -4.3232098e-002
 -3.5720808e-002
 -3.8793904e-002
 -5.0890218e-002
 -6.8984481e-002
 -8.9633146e-002
 -1.0987071e-001
 -1.2766639e-001
 -1.4188481e-001
 -1.5193213e-001
 -1.5740304e-001
 -1.5801051e-001
 -1.5389516e-001
 -1.4616150e-001
 -1.3729925e-001
 -1.3112410e-001
 -1.3204342e-001
 -1.4375857e-001
 -1.6782049e-001
 -2.0261421e-001
 -2.4326677e-001
 -2.8266369e-001
 -3.1333561e-001
 -3.2961252e-001
 -3.2929599e-001
 -3.1424179e-001
 -2.8962905e-001
 -2.6216891e-001
 -2.3788770e-001
 -2.2025931e-001
 -2.0930980e-001
 -2.0194488e-001
 -1.9330980e-001
 -1.7865286e-001
 -1.5504156e-001
 -1.2239713e-001
 -8.3591826e-002
 -4.3670880e-002
 -8.5010740e-003
  1.6751500e-002
  2.8939861e-002
  2.7779227e-002
  1.6060047e-002
 -8.2322900e-004
 -1.5989092e-002
 -2.2681056e-002
 -1.6083052e-002
  5.0918150e-003
  3.7733218e-002
  7.4595624e-002
  1.0583636e-001
  1.2158286e-001
  1.1488602e-001
  8.4175855e-002
  3.4373556e-002
 -2.3841133e-002
 -7.6548503e-002
 -1.1024535e-001
 -1.1558133e-001
 -9.0042026e-002
 -3.8742492e-002
  2.6929559e-002
  9.2419864e-002
  1.4393278e-001
  1.7201818e-001
  1.7380077e-001
  1.5327727e-001
  1.1970365e-001
  8.4650960e-002
  5.8657706e-002
  4.8457465e-002
  5.5520748e-002
  7.6212556e-002
  1.0337582e-001
  1.2875331e-001
  1.4546479e-001
  1.4980471e-001
  1.4188763e-001
  1.2505329e-001
  1.0432957e-001
  8.4521683e-002
  6.8572136e-002
  5.6704047e-002
  4.6572203e-002
  3.4304601e-002
  1.6037004e-002
 -1.0587366e-002
 -4.5431229e-002
 -8.5672186e-002
 -1.2642791e-001
 -1.6198169e-001
 -1.8724833e-001
 -1.9909200e-001
 -1.9717713e-001
 -1.8416126e-001
 -1.6518453e-001
 -1.4675205e-001
 -1.3522937e-001
 -1.3527053e-001
 -1.4855063e-001
 -1.7315481e-001
 -2.0385633e-001
 -2.3330413e-001
 -2.5387769e-001
 -2.5973431e-001
 -2.4846348e-001
 -2.2183219e-001
 -1.8535742e-001
 -1.4680330e-001
 -1.1405060e-001
 -9.2998623e-002
 -8.6151251e-002
 -9.2307546e-002
 -1.0740240e-001
 -1.2615702e-001
 -1.4394020e-001
 -1.5819859e-001
 -1.6899633e-001
 -1.7853961e-001
 -1.8992297e-001
 -2.0559208e-001
 -2.2608769e-001
 -2.4950345e-001
 -2.7182085e-001
 -2.8798148e-001
 -2.9332822e-001
 -2.8495949e-001
 -2.6260450e-001
 -2.2879954e-001
 -1.8835800e-001
 -1.4731268e-001
 -1.1162449e-001
 -8.5981222e-002
 -7.2959235e-002
 -7.2710830e-002
 -8.3197956e-002
 -1.0085346e-001
 -1.2144986e-001
 -1.4092420e-001
 -1.5595794e-001
 -1.6422772e-001
 -1.6438143e-001
 -1.5589612e-001
 -1.3899244e-001
 -1.1470265e-001
 -8.5051999e-002
 -5.3183453e-002
 -2.3209228e-002
  3.5377500e-004
  1.3529051e-002
  1.3962142e-002
  1.7559635e-003
 -2.0312210e-002
 -4.7383173e-002
 -7.3814952e-002
 -9.4794433e-002
 -1.0770469e-001
 -1.1273968e-001
 -1.1251572e-001
 -1.1080490e-001
 -1.1086415e-001
 -1.1401169e-001
 -1.1903186e-001
 -1.2268511e-001
 -1.2117473e-001
 -1.1203405e-001
 -9.5699593e-002
 -7.6108140e-002
 -5.9980974e-002
 -5.4926294e-002
 -6.6934750e-002
 -9.8103851e-002
 -1.4540492e-001
 -2.0099890e-001
 -2.5411019e-001
 -2.9394517e-001
 -3.1277157e-001
 -3.0818761e-001
 -2.8384388e-001
 -2.4836549e-001
 -2.1279743e-001
 -1.8736972e-001
 -1.7859060e-001
 -1.8755439e-001
 -2.0994271e-001
 -2.3764385e-001
 -2.6140814e-001
 -2.7366139e-001
 -2.7060370e-001
 -2.5300744e-001
 -2.2558146e-001
 -1.9522910e-001
 -1.6884080e-001
 -1.5134141e-001
 -1.4455282e-001
 -1.4711286e-001
 -1.5533257e-001
 -1.6459871e-001
 -1.7081372e-001
 -1.7142812e-001
 -1.6581464e-001
 -1.5497797e-001
 -1.4080523e-001
 -1.2517842e-001
 -1.0927190e-001
 -9.3261376e-002
 -7.6516954e-002
 -5.8190757e-002
 -3.7982780e-002
 -1.6806480e-002
  2.9058250e-003
  1.7421870e-002
  2.2462615e-002
  1.4325565e-002
 -8.9293150e-003
 -4.6600737e-002
 -9.5091662e-002
 -1.4843162e-001
 -1.9949320e-001
 -2.4159032e-001
 -2.7000275e-001
 -2.8297416e-001
 -2.8188748e-001
 -2.7058443e-001
 -2.5407304e-001
 -2.3705921e-001
 -2.2277412e-001
 -2.1243545e-001
 -2.0543234e-001
 -2.0005722e-001
 -1.9442770e-001
 -1.8721471e-001
 -1.7792201e-001
 -1.6668575e-001
 -1.5378117e-001
 -1.3914314e-001
 -1.2218069e-001
 -1.0200895e-001
 -7.8010306e-002
 -5.0465638e-002
 -2.0944124e-002
  7.7708050e-003
  3.2250420e-002
  4.9305190e-002
  5.6868389e-002
  5.4554841e-002
  4.3697059e-002
  2.6864434e-002
  7.0681690e-003
 -1.3035237e-002
 -3.1647491e-002
 -4.7880165e-002
 -6.1390996e-002
 -7.1816400e-002
 -7.8296801e-002
 -7.9352210e-002
 -7.3217125e-002
 -5.8544062e-002
 -3.5213003e-002
 -4.9099250e-003
  2.8804380e-002
  6.1040886e-002
  8.6625036e-002
  1.0132553e-001
  1.0287860e-001
  9.1480180e-002
  6.9602943e-002
  4.1229199e-002
  1.0783421e-002
 -1.7874580e-002
 -4.2097903e-002
 -6.0614821e-002
 -7.3278315e-002
 -8.0620806e-002
 -8.3462216e-002
 -8.2730905e-002
 -7.9500592e-002
 -7.5103876e-002
 -7.1129152e-002
 -6.9173197e-002
 -7.0375591e-002
 -7.4925097e-002
 -8.1809911e-002
 -8.9025775e-002
 -9.4266846e-002
 -9.5881250e-002
 -9.3692761e-002
 -8.9273393e-002
 -8.5433117e-002
 -8.5016316e-002
 -8.9428962e-002
 -9.7512560e-002
 -1.0532640e-001
 -1.0709253e-001
 -9.7104722e-002
 -7.1981851e-002
 -3.2436856e-002
  1.6164600e-002
  6.4787328e-002
  1.0303884e-001
  1.2210740e-001
  1.1737394e-001
  8.9833745e-002
  4.5857650e-002
 -4.6239800e-003
 -5.0915828e-002
 -8.4434692e-002
 -1.0078712e-001
 -1.0046994e-001
 -8.8091671e-002
 -7.0487557e-002
 -5.4417111e-002
 -4.4596581e-002
 -4.2631737e-002
 -4.7063766e-002
 -5.4357981e-002
 -6.0384372e-002
 -6.1844305e-002
 -5.7198529e-002
 -4.6887994e-002
 -3.2907758e-002
 -1.7995370e-002
 -4.7668520e-003
  4.9266060e-003
  1.0290687e-002
  1.1550136e-002
  9.7013650e-003
  6.1953850e-003
  2.6469450e-003
  5.9945250e-004
  1.3287580e-003
  5.6627605e-003
  1.3819697e-002
  2.5300133e-002
  3.8879589e-002
  5.2731289e-002
  6.4672086e-002
  7.2491120e-002
  7.4307087e-002
  6.8907922e-002
  5.6042628e-002
  3.6640055e-002
  1.2915488e-002
 -1.1697807e-002
 -3.2864642e-002
 -4.5954730e-002
 -4.6906216e-002
 -3.3204604e-002
 -4.7390390e-003
  3.5740101e-002
  8.2783318e-002
  1.2909648e-001
  1.6695598e-001
  1.8985918e-001
  1.9397282e-001
  1.7896289e-001
  1.4794829e-001
  1.0657671e-001
  6.1492742e-002
  1.8663505e-002
 -1.7925655e-002
 -4.6817748e-002
 -6.8746429e-002
 -8.5596673e-002
 -9.9094523e-002
 -1.0974965e-001
 -1.1647303e-001
 -1.1702776e-001
 -1.0913993e-001
 -9.1824333e-002
 -6.6375151e-002
 -3.6580049e-002
 -8.0035250e-003
  1.3457543e-002
  2.3252885e-002
  1.9491862e-002
  3.4110960e-003
 -2.1176184e-002
 -4.9246016e-002
 -7.6240202e-002
 -9.9437238e-002
 -1.1852207e-001
 -1.3516582e-001
 -1.5180318e-001
 -1.7010078e-001
 -1.8973222e-001
 -2.0796953e-001
 -2.2030675e-001
 -2.2195221e-001
 -2.0969711e-001
 -1.8350274e-001
 -1.4720731e-001
 -1.0802079e-001
 -7.4865816e-002
 -5.6011105e-002
 -5.6700515e-002
 -7.7519410e-002
 -1.1403980e-001
 -1.5790564e-001
 -1.9907762e-001
 -2.2859328e-001
 -2.4103230e-001
 -2.3596100e-001
 -2.1793883e-001
 -1.9510217e-001
 -1.7676108e-001
 -1.7072107e-001
 -1.8109913e-001
 -2.0723141e-001
 -2.4393493e-001
 -2.8299463e-001
 -3.1541387e-001
 -3.3378155e-001
 -3.3411126e-001
 -3.1668490e-001
 -2.8572624e-001
 -2.4805635e-001
 -2.1115274e-001
 -1.8117922e-001
 -1.6153560e-001
 -1.5230536e-001
 -1.5070394e-001
 -1.5233178e-001
 -1.5280410e-001
 -1.4923095e-001
 -1.4108830e-001
 -1.3022858e-001
 -1.2006042e-001
 -1.1419166e-001
 -1.1499225e-001
 -1.2254589e-001
 -1.3432387e-001
 -1.4568031e-001
 -1.5101565e-001
 -1.4526291e-001
 -1.2527353e-001
 -9.0728236e-002
 -4.4344528e-002
  8.6543405e-003
  6.1662766e-002
  1.0813288e-001
  1.4299786e-001
  1.6375900e-001
  1.7098928e-001
  1.6812385e-001
  1.6055392e-001
  1.5419844e-001
  1.5386962e-001
  1.6183918e-001
  1.7701444e-001
  1.9502286e-001
  2.0928710e-001
  2.1289168e-001
  2.0077754e-001
  1.7163737e-001
  1.2889757e-001
  8.0381292e-002
  3.6611404e-002
  8.1298250e-003
  2.5497395e-003
  2.2200566e-002
  6.3108761e-002
  1.1569897e-001
  1.6709956e-001
  2.0444698e-001
  2.1826064e-001
  2.0491424e-001
  1.6748264e-001
  1.1472469e-001
  5.8522970e-002
  1.0565969e-002
 -2.0723454e-002
 -3.2108306e-002
 -2.5787689e-002
 -8.0062050e-003
  1.3419505e-002
  3.1767603e-002
  4.3359198e-002
  4.8169732e-002
  4.8990905e-002
  4.9566044e-002
  5.2492471e-002
  5.7753159e-002
  6.2480856e-002
  6.2066961e-002
  5.2190884e-002
  3.0967205e-002
  3.3493700e-004
 -3.3924847e-002
 -6.3654717e-002
 -8.0826869e-002
 -8.0243650e-002
 -6.1483831e-002
 -2.9379350e-002
  7.2063000e-003
  3.7958120e-002
  5.4250225e-002
  5.1853597e-002
  3.2343660e-002
  2.7427415e-003
 -2.6520636e-002
 -4.4733267e-002
 -4.4163375e-002
 -2.2485689e-002
  1.6371684e-002
  6.3225442e-002
  1.0619525e-001
  1.3406859e-001
  1.3947583e-001
  1.2093639e-001
  8.3180208e-002
  3.5673411e-002
 -1.0177066e-002
 -4.4271064e-002
 -6.0525591e-002
 -5.8249247e-002
 -4.1819199e-002
 -1.8840082e-002
  2.5658730e-003
  1.6438015e-002
  2.0769638e-002
  1.7873045e-002
  1.3255730e-002
  1.3431575e-002
  2.3427625e-002
  4.4830910e-002
  7.5029006e-002
  1.0789757e-001
  1.3570762e-001
  1.5162161e-001
  1.5194959e-001
  1.3741154e-001
  1.1297615e-001
  8.6315560e-002
  6.5374785e-002
  5.5850521e-002
  5.9406574e-002
  7.3208933e-002
  9.0925178e-002
  1.0484821e-001
  1.0843720e-001
  9.8442672e-002
  7.5935072e-002
  4.5932419e-002
  1.5787272e-002
 -7.1097700e-003
 -1.7556005e-002
 -1.3997040e-002
  1.1909500e-003
  2.2611125e-002
  4.3587490e-002
  5.8148263e-002
  6.2639983e-002
  5.6534412e-002
  4.2280771e-002
  2.4355819e-002
  7.8774600e-003
 -2.7799540e-003
 -4.9987910e-003
  1.6476065e-003
  1.5556148e-002
  3.3709467e-002
  5.2515596e-002
  6.8629217e-002
  7.9560382e-002
  8.3961265e-002
  8.1577845e-002
  7.2941625e-002
  5.8939765e-002
  4.0426945e-002
  1.8018880e-002
 -7.8625450e-003
 -3.6723180e-002
 -6.7638588e-002
 -9.8990952e-002
 -1.2847487e-001
 -1.5345678e-001
 -1.7163290e-001
 -1.8179069e-001
 -1.8439819e-001
 -1.8176324e-001
 -1.7762716e-001
 -1.7624717e-001
 -1.8121103e-001
 -1.9434519e-001
 -2.1507441e-001
 -2.4046266e-001
 -2.6595306e-001
 -2.8660311e-001
 -2.9845419e-001
 -2.9963508e-001
 -2.9088386e-001
 -2.7534978e-001
 -2.5774534e-001
 -2.4309417e-001
 -2.3541641e-001
 -2.3669102e-001
 -2.4634644e-001
 -2.6138895e-001
 -2.7712240e-001
 -2.8827934e-001
 -2.9029847e-001
 -2.8045627e-001
 -2.5859665e-001
 -2.2728830e-001
 -1.9136339e-001
 -1.5692694e-001
 -1.3004801e-001
 -1.1542264e-001
 -1.1531423e-001
 -1.2902184e-001
 -1.5301115e-001
 -1.8169241e-001
 -2.0867978e-001
 -2.2825119e-001
 -2.3667446e-001
 -2.3308667e-001
 -2.1970705e-001
 -2.0131337e-001
 -1.8408624e-001
 -1.7408733e-001
 -1.7574283e-001
 -1.9071941e-001
 -2.1749177e-001
 -2.5172322e-001
 -2.8735897e-001
 -3.1813034e-001
 -3.3905094e-001
 -3.4749464e-001
 -3.4357932e-001
 -3.2979863e-001
 -3.1007226e-001
 -2.8854972e-001
 -2.6854859e-001
 -2.5192779e-001
 -2.3902283e-001
 -2.2906965e-001
 -2.2088714e-001
 -2.1352736e-001
 -2.0665072e-001
 -2.0051656e-001
 -1.9564321e-001
 -1.9232393e-001
 -1.9023748e-001
 -1.8834713e-001
 -1.8515809e-001
 -1.7924985e-001
 -1.6987622e-001
 -1.5738203e-001
 -1.4324289e-001
 -1.2967320e-001
 -1.1891851e-001
 -1.1248420e-001
 -1.1059787e-001
 -1.1213436e-001
 -1.1506867e-001
 -1.1732175e-001
 -1.1770127e-001
 -1.1657933e-001
 -1.1602006e-001
 -1.1925311e-001
 -1.2962181e-001
 -1.4933288e-001
 -1.7842562e-001
 -2.1432474e-001
 -2.5215850e-001
 -2.8577621e-001
 -3.0917167e-001
 -3.1789355e-001
 -3.1004000e-001
 -2.8658471e-001
 -2.5100445e-001
 -2.0839272e-001
 -1.6437204e-001
 -1.2412095e-001
 -9.1722395e-002
 -6.9875517e-002
 -5.9869812e-002
 -6.1660969e-002
 -7.3931237e-002
 -9.4130729e-002
 -1.1861072e-001
 -1.4300271e-001
 -1.6292920e-001
 -1.7497162e-001
 -1.7763926e-001
 -1.7197457e-001
 -1.6146904e-001
 -1.5116243e-001
 -1.4609648e-001
 -1.4957777e-001
 -1.6184712e-001
 -1.7967986e-001
 -1.9715446e-001
 -2.0742201e-001
 -2.0493381e-001
 -1.8738570e-001
 -1.5670079e-001
 -1.1868364e-001
 -8.1430288e-002
 -5.3004465e-002
 -3.9135823e-002
 -4.1672804e-002
 -5.8245060e-002
 -8.3167408e-002
 -1.0920863e-001
 -1.2960102e-001
 -1.3965865e-001
 -1.3758560e-001
 -1.2438846e-001
 -1.0312048e-001
 -7.7858450e-002
 -5.2798674e-002
 -3.1688298e-002
 -1.7581718e-002
 -1.2743591e-002
 -1.8488707e-002
 -3.4861421e-002
 -6.0248099e-002
 -9.1176877e-002
 -1.2259249e-001
 -1.4875938e-001
 -1.6468428e-001
 -1.6766883e-001
 -1.5843463e-001
 -1.4130628e-001
 -1.2320654e-001
 -1.1163305e-001
 -1.1219504e-001
 -1.2652745e-001
 -1.5135528e-001
 -1.7914396e-001
 -2.0024364e-001
 -2.0590127e-001
 -1.9117019e-001
 -1.5673064e-001
 -1.0896800e-001
 -5.8232899e-002
 -1.5828655e-002
  9.2850720e-003
  1.2981096e-002
 -3.1648890e-003
 -3.2867353e-002
 -6.7583051e-002
 -9.9518242e-002
 -1.2411545e-001
 -1.4115961e-001
 -1.5416403e-001
 -1.6833162e-001
 -1.8790654e-001
 -2.1394923e-001
 -2.4340763e-001
 -2.6987725e-001
 -2.8581592e-001
 -2.8543035e-001
 -2.6717865e-001
 -2.3493801e-001
 -1.9733608e-001
 -1.6538516e-001
 -1.4916347e-001
 -1.5464336e-001
 -1.8174198e-001
 -2.2426838e-001
 -2.7180101e-001
 -3.1287210e-001
 -3.3839437e-001
 -3.4419508e-001
 -3.3184823e-001
 -3.0760038e-001
 -2.7985173e-001
 -2.5614392e-001
 -2.4074435e-001
 -2.3365836e-001
 -2.3134456e-001
 -2.2876335e-001
 -2.2189376e-001
 -2.0969445e-001
 -1.9471882e-001
 -1.8213230e-001
 -1.7751800e-001
 -1.8434964e-001
 -2.0216697e-001
 -2.2624109e-001
 -2.4895366e-001
 -2.6244379e-001
 -2.6155659e-001
 -2.4596395e-001
 -2.2059503e-001
 -1.9412326e-001
 -1.7598426e-001
 -1.7297014e-001
 -1.8663772e-001
 -2.1249900e-001
 -2.4132652e-001
 -2.6213945e-001
 -2.6582596e-001
 -2.4813292e-001
 -2.1099475e-001
 -1.6178430e-001
 -1.1081501e-001
 -6.8028055e-002
 -4.0043741e-002
 -2.8568625e-002
 -3.0616812e-002
 -4.0335652e-002
 -5.1671358e-002
 -6.0860726e-002
 -6.7861582e-002
 -7.6266770e-002
 -9.1809395e-002
 -1.2005361e-001
 -1.6411085e-001
 -2.2316222e-001
 -2.9225201e-001
 -3.6337646e-001
 -4.2748567e-001
 -4.7676993e-001
 -5.0657087e-001
 -5.1641913e-001
 -5.0997610e-001
 -4.9395331e-001
 -4.7632272e-001
 -4.6427146e-001
 -4.6238766e-001
 -4.7149961e-001
 -4.8844811e-001
 -5.0687028e-001
 -5.1884164e-001
 -5.1700227e-001
 -4.9663831e-001
 -4.5715727e-001
 -4.0251697e-001
 -3.4043337e-001
 -2.8053641e-001
 -2.3196335e-001
 -2.0106543e-001
 -1.8988420e-001
 -1.9582200e-001
 -2.1256154e-001
 -2.3190491e-001
 -2.4593891e-001
 -2.4887855e-001
 -2.3810665e-001
 -2.1423957e-001
 -1.8038450e-001
 -1.4098392e-001
 -1.0069344e-001
 -6.3610741e-002
 -3.2944501e-002
 -1.0993077e-002
  8.0661350e-004
  1.9599850e-003
 -6.8311600e-003
 -2.3383504e-002
 -4.3971545e-002
 -6.3721565e-002
 -7.7525500e-002
 -8.1301882e-002
 -7.3226450e-002
 -5.4482958e-002
 -2.9194648e-002
 -3.4611835e-003
  1.6250281e-002
  2.4855696e-002
  1.9963830e-002
  2.3037020e-003
 -2.4855792e-002
 -5.7047567e-002
 -9.0181010e-002
 -1.2174404e-001
 -1.5118808e-001
 -1.7938843e-001
 -2.0745030e-001
 -2.3539731e-001
 -2.6132820e-001
 -2.8144044e-001
 -2.9097286e-001
 -2.8575221e-001
 -2.6378292e-001
 -2.2628823e-001
 -1.7780059e-001
 -1.2523409e-001
 -7.6224694e-002
 -3.7268715e-002
 -1.2243480e-002
 -1.7475990e-003
 -3.4113075e-003
 -1.3005376e-002
 -2.5930918e-002
 -3.8580905e-002
 -4.9149336e-002
 -5.7687182e-002
 -6.5481545e-002
 -7.4067616e-002
 -8.4292028e-002
 -9.5797752e-002
 -1.0711703e-001
 -1.1631158e-001
 -1.2188132e-001
 -1.2355585e-001
 -1.2262706e-001
 -1.2165823e-001
 -1.2364854e-001
 -1.3094801e-001
 -1.4432475e-001
 -1.6254326e-001
 -1.8263437e-001
 -2.0078968e-001
 -2.1358733e-001
 -2.1913219e-001
 -2.1771781e-001
 -2.1177891e-001
 -2.0514576e-001
 -2.0184973e-001
 -2.0488024e-001
 -2.1530683e-001
 -2.3205244e-001
 -2.5238160e-001
 -2.7292587e-001
 -2.9089114e-001
 -3.0503504e-001
 -3.1608503e-001
 -3.2645703e-001
 -3.3936866e-001
 -3.5764114e-001
 -3.8258832e-001
 -4.1336721e-001
 -4.4702188e-001
 -4.7923691e-001
 -5.0559159e-001
 -5.2294080e-001
 -5.3049034e-001
 -5.3020391e-001
 -5.2636062e-001
 -5.2432905e-001
 -5.2886952e-001
 -5.4245022e-001
 -5.6410582e-001
 -5.8925523e-001
 -6.1064301e-001
 -6.2023944e-001
 -6.1161972e-001
 -5.8214558e-001
 -5.3426823e-001
 -4.7548241e-001
 -4.1683915e-001
 -3.7035874e-001
 -3.4603731e-001
 -3.4928702e-001
 -3.7953727e-001
 -4.3038117e-001
 -4.9119343e-001
 -5.4972278e-001
 -5.9491279e-001
 -6.1919852e-001
 -6.1974734e-001
 -5.9846504e-001
 -5.6094623e-001
 -5.1479727e-001
 -4.6784291e-001
 -4.2664950e-001
 -3.9561981e-001
 -3.7671183e-001
 -3.6967424e-001
 -3.7260554e-001
 -3.8263220e-001
 -3.9654101e-001
 -4.1126389e-001
 -4.2417836e-001
 -4.3324073e-001
 -4.3700705e-001
 -4.3461195e-001
 -4.2576718e-001
 -4.1080816e-001
 -3.9076874e-001
 -3.6742021e-001
 -3.4319227e-001
 -3.2091714e-001
 -3.0340019e-001
 -2.9289972e-001
 -2.9065785e-001
 -2.9663418e-001
 -3.0954006e-001
 -3.2717363e-001
 -3.4695290e-001
 -3.6648162e-001
 -3.8398663e-001
 -3.9853192e-001
 -4.1000856e-001
 -4.1897547e-001
 -4.2644906e-001
 -4.3370571e-001
 -4.4210033e-001
 -4.5285712e-001
 -4.6679365e-001
 -4.8399817e-001
 -5.0356169e-001
 -5.2351898e-001
 -5.4113002e-001
 -5.5352537e-001
 -5.5857886e-001
 -5.5572896e-001
 -5.4641991e-001
 -5.3391700e-001
 -5.2245464e-001
 -5.1593007e-001
 -5.1655980e-001
 -5.2397882e-001
 -5.3514571e-001
 -5.4515167e-001
 -5.4871161e-001
 -5.4186217e-001
 -5.2330279e-001
 -4.9492974e-001
 -4.6138741e-001
 -4.2879486e-001
 -4.0307396e-001
 -3.8841356e-001
 -3.8632080e-001
 -3.9547997e-001
 -4.1235735e-001
 -4.3226573e-001
 -4.5051067e-001
 -4.6329613e-001
 -4.6822566e-001
 -4.6441396e-001
 -4.5234467e-001
 -4.3363275e-001
 -4.1078391e-001
 -3.8694346e-001
 -3.6555798e-001
 -3.4988157e-001
 -3.4234376e-001
 -3.4391563e-001
 -3.5369541e-001
 -3.6892749e-001
 -3.8555405e-001
 -3.9921144e-001
 -4.0640130e-001
 -4.0547042e-001
 -3.9707258e-001
 -3.8395546e-001
 -3.7014945e-001
 -3.5984397e-001
 -3.5633362e-001
 -3.6136623e-001
 -3.7504930e-001
 -3.9624738e-001
 -4.2322267e-001
 -4.5420742e-001
 -4.8767145e-001
 -5.2222078e-001
 -5.5625682e-001
 -5.8765048e-001
 -6.1368812e-001
 -6.3142363e-001
 -6.3837827e-001
 -6.3335138e-001
 -6.1702013e-001
 -5.9205474e-001
 -5.6264031e-001
 -5.3351163e-001
 -5.0878895e-001
 -4.9098026e-001
 -4.8046368e-001
 -4.7560280e-001
 -4.7344170e-001
 -4.7074384e-001
 -4.6504035e-001
 -4.5536396e-001
 -4.4245477e-001
 -4.2839585e-001
 -4.1581601e-001
 -4.0693093e-001
 -4.0274216e-001
 -4.0266336e-001
 -4.0470456e-001
 -4.0616335e-001
 -4.0459853e-001
 -3.9875832e-001
 -3.8913734e-001
 -3.7795079e-001
 -3.6850653e-001
 -3.6416322e-001
 -3.6721346e-001
 -3.7806902e-001
 -3.9503468e-001
 -4.1476424e-001
 -4.3326255e-001
 -4.4710997e-001
 -4.5450569e-001
 -4.5578263e-001
 -4.5322057e-001
 -4.5021837e-001
 -4.5009827e-001
 -4.5493739e-001
 -4.6480981e-001
 -4.7768438e-001
 -4.9000507e-001
 -4.9775699e-001
 -4.9766570e-001
 -4.8814222e-001
 -4.6967900e-001
 -4.4459118e-001
 -4.1621736e-001
 -3.8787023e-001
 -3.6190109e-001
 -3.3919195e-001
 -3.1923208e-001
 -3.0073008e-001
 -2.8252744e-001
 -2.6447625e-001
 -2.4795500e-001
 -2.3581386e-001
 -2.3172489e-001
 -2.3910431e-001
 -2.5991587e-001
 -2.9371768e-001
 -3.3726246e-001
 -3.8482078e-001
 -4.2920078e-001
 -4.6324137e-001
 -4.8141132e-001
 -4.8109819e-001
 -4.6323816e-001
 -4.3210642e-001
 -3.9431256e-001
 -3.5726134e-001
 -3.2748044e-001
 -3.0924112e-001
 -3.0379970e-001
 -3.0940245e-001
 -3.2198489e-001
 -3.3632598e-001
 -3.4733326e-001
 -3.5115155e-001
 -3.4588226e-001
 -3.3182910e-001
 -3.1130467e-001
 -2.8810854e-001
 -2.6681533e-001
 -2.5200261e-001
 -2.4752373e-001
 -2.5590792e-001
 -2.7795420e-001
 -3.1257218e-001
 -3.5690324e-001
 -4.0672238e-001
 -4.5707692e-001
 -5.0307033e-001
 -5.4066035e-001
 -5.6732015e-001
 -5.8242010e-001
 -5.8722761e-001
 -5.8449515e-001
 -5.7770232e-001
 -5.7011713e-001
 -5.6391726e-001
 -5.5963078e-001
 -5.5609652e-001
 -5.5100645e-001
 -5.4190750e-001
 -5.2736567e-001
 -5.0789578e-001
 -4.8628985e-001
 -4.6714199e-001
 -4.5563069e-001
 -4.5589426e-001
 -4.6952246e-001
 -4.9470667e-001
 -5.2641694e-001
 -5.5764943e-001
 -5.8141696e-001
 -5.9286730e-001
 -5.9082217e-001
 -5.7818088e-001
 -5.6099207e-001
 -5.4644812e-001
 -5.4044344e-001
 -5.4551795e-001
 -5.5990408e-001
 -5.7803636e-001
 -5.9238500e-001
 -5.9601324e-001
 -5.8499851e-001
 -5.5989468e-001
 -5.2573713e-001
 -4.9058933e-001
 -4.6312363e-001
 -4.5004415e-001
 -4.5418920e-001
 -4.7389150e-001
 -5.0372712e-001
 -5.3631816e-001
 -5.6453290e-001
 -5.8335863e-001
 -5.9090825e-001
 -5.8837336e-001
 -5.7910872e-001
 -5.6728745e-001
 -5.5662659e-001
 -5.4955544e-001
 -5.4696390e-001
 -5.4843414e-001
 -5.5271817e-001
 -5.5821288e-001
 -5.6328033e-001
 -5.6639857e-001
 -5.6623377e-001
 -5.6175057e-001
 -5.5242044e-001
 -5.3848403e-001
 -5.2113327e-001
 -5.0245447e-001
 -4.8503737e-001
 -4.7128974e-001
 -4.6264576e-001
 -4.5895326e-001
 -4.5831478e-001
 -4.5752903e-001
 -4.5306846e-001
 -4.4231177e-001
 -4.2461509e-001
 -4.0181460e-001
 -3.7791862e-001
 -3.5801876e-001
 -3.4673269e-001
 -3.4668153e-001
 -3.5752510e-001
 -3.7591410e-001
 -3.9641890e-001
 -4.1316405e-001
 -4.2164952e-001
 -4.2016480e-001
 -4.1032773e-001
 -3.9656581e-001
 -3.8470713e-001
 -3.8013986e-001
 -3.8613639e-001
 -4.0287280e-001
 -4.2743444e-001
 -4.5476774e-001
 -4.7923399e-001
 -4.9624525e-001
 -5.0346927e-001
 -5.0126643e-001
 -4.9229515e-001
 -4.8049047e-001
 -4.6979424e-001
 -4.6304523e-001
 -4.6133211e-001
 -4.6392672e-001
 -4.6872459e-001
 -4.7298757e-001
 -4.7414111e-001
 -4.7041804e-001
 -4.6122642e-001
 -4.4720973e-001
 -4.3003576e-001
 -4.1198600e-001
 -3.9543359e-001
 -3.8230652e-001
 -3.7364111e-001
 -3.6933229e-001
 -3.6816516e-001
 -3.6815816e-001
 -3.6716304e-001
 -3.6357722e-001
 -3.5696153e-001
 -3.4835342e-001
 -3.4013450e-001
 -3.3543813e-001
 -3.3723169e-001
 -3.4732879e-001
 -3.6563820e-001
 -3.8991332e-001
 -4.1613523e-001
 -4.3947680e-001
 -4.5560846e-001
 -4.6197806e-001
 -4.5867127e-001
 -4.4855668e-001
 -4.3661717e-001
 -4.2861530e-001
 -4.2945779e-001
 -4.4173957e-001
 -4.6491671e-001
 -4.9537916e-001
 -5.2741975e-001
 -5.5481200e-001
 -5.7251175e-001
 -5.7795621e-001
 -5.7156750e-001
 -5.5633241e-001
 -5.3663519e-001
 -5.1676006e-001
 -4.9957105e-001
 -4.8579212e-001
 -4.7408683e-001
 -4.6185750e-001
 -4.4645044e-001
 -4.2634103e-001
 -4.0190896e-001
 -3.7557191e-001
 -3.5126150e-001
 -3.3342219e-001
 -3.2583739e-001
 -3.3061169e-001
 -3.4757614e-001
 -3.7426481e-001
 -4.0646975e-001
 -4.3924767e-001
 -4.6814265e-001
 -4.9032331e-001
 -5.0532424e-001
 -5.1514776e-001
 -5.2362470e-001
 -5.3513258e-001
 -5.5297795e-001
 -5.7789901e-001
 -6.0717296e-001
 -6.3468815e-001
 -6.5208485e-001
 -6.5074989e-001
 -6.2417223e-001
 -5.7002075e-001
 -4.9134845e-001
 -3.9654733e-001
 -2.9801068e-001
 -2.0979897e-001
 -1.4485314e-001
 -1.1238990e-001
 -1.1603887e-001
 -1.5308281e-001
 -2.1491091e-001
 -2.8856157e-001
 -3.5905731e-001
 -4.1213207e-001
 -4.3690296e-001
 -4.2803052e-001
 -3.8694140e-001
 -3.2177937e-001
 -2.4593309e-001
 -1.7527226e-001
 -1.2456814e-001
 -1.0388820e-001
 -1.1591384e-001
 -1.5502671e-001
 -2.0861047e-001
 -2.6039456e-001
 -2.9500561e-001
 -3.0242149e-001
 -2.8094166e-001
 -2.3767240e-001
 -1.8628964e-001
 -1.4273984e-001
 -1.2025797e-001
 -1.2534541e-001
 -1.5604396e-001
 -2.0305415e-001
 -2.5325247e-001
 -2.9432391e-001
 -3.1885105e-001
 -3.2642903e-001
 -3.2311905e-001
 -3.1853424e-001
 -3.2170582e-001
 -3.3729308e-001
 -3.6353668e-001
 -3.9268421e-001
 -4.1370405e-001
 -4.1628445e-001
 -3.9468454e-001
 -3.5009898e-001
 -2.9075653e-001
 -2.2977287e-001
 -1.8152130e-001
 -1.5771923e-001
 -1.6442902e-001
 -2.0078046e-001
 -2.5961376e-001
 -3.2964606e-001
 -3.9837829e-001
 -4.5487659e-001
 -4.9175821e-001
 -5.0606470e-001
 -4.9906727e-001
 -4.7529899e-001
 -4.4119997e-001
 -4.0371791e-001
 -3.6909576e-001
 -3.4196926e-001
 -3.2482790e-001
 -3.1786041e-001
 -3.1918448e-001
 -3.2542295e-001
 -3.3252901e-001
 -3.3670106e-001
 -3.3519226e-001
 -3.2683660e-001
 -3.1218197e-001
 -2.9322263e-001
 -2.7282151e-001
 -2.5397876e-001
 -2.3911902e-001
 -2.2954204e-001
 -2.2512795e-001
 -2.2433132e-001
 -2.2445215e-001
 -2.2213981e-001
 -2.1405999e-001
 -1.9762755e-001
 -1.7167836e-001
 -1.3693284e-001
 -9.6110882e-002
 -5.3609128e-002
 -1.4747949e-002
  1.5281687e-002
  3.2530324e-002
  3.5164559e-002
  2.3839811e-002
  1.4332250e-003
 -2.7810832e-002
 -5.9472875e-002
 -9.0105269e-002
 -1.1794107e-001
 -1.4290574e-001
 -1.6591989e-001
 -1.8776119e-001
 -2.0795895e-001
 -2.2423250e-001
 -2.3281477e-001
 -2.2966668e-001
 -2.1220461e-001
 -1.8088636e-001
 -1.3996120e-001
 -9.6934357e-002
 -6.0754600e-002
 -3.9241644e-002
 -3.6621850e-002
 -5.2080043e-002
 -7.9920876e-002
 -1.1136599e-001
 -1.3740334e-001
 -1.5169119e-001
 -1.5247248e-001
 -1.4280702e-001
 -1.2905301e-001
 -1.1818811e-001
 -1.1499692e-001
 -1.2019362e-001
 -1.3017717e-001
 -1.3847609e-001
 -1.3828520e-001
 -1.2508469e-001
 -9.8325676e-002
 -6.1561680e-002
 -2.1037242e-002
  1.6646336e-002
  4.6829876e-002
  6.8163545e-002
  8.2571182e-002
  9.3939983e-002
  1.0618147e-001
  1.2153142e-001
  1.3980064e-001
  1.5883710e-001
  1.7591837e-001
  1.8939799e-001
  1.9984377e-001
  2.1015359e-001
  2.2459503e-001
  2.4718121e-001
  2.8006897e-001
  3.2263853e-001
  3.7161222e-001
  4.2213391e-001
  4.6934746e-001
  5.0983822e-001
  5.4239390e-001
  5.6784788e-001
  5.8815019e-001
  6.0511275e-001
  6.1937756e-001
  6.3003424e-001
