 -1.4183121e-001
 -1.6224423e-001
 -1.8077654e-001
 -1.9681151e-001
 -2.1009162e-001
 -2.2068399e-001
 -2.2879845e-001
 -2.3453620e-001
 -2.3768480e-001
 -2.3766883e-001
 -2.3371222e-001
 -2.2518602e-001
 -2.1203420e-001
 -1.9512075e-001
 -1.7634825e-001
 -1.5846161e-001
 -1.4455218e-001
 -1.3738300e-001
 -1.3872569e-001
 -1.4890817e-001
 -1.6671411e-001
 -1.8966861e-001
 -2.1462650e-001
 -2.3849005e-001
 -2.5885035e-001
 -2.7438118e-001
 -2.8489899e-001
 -2.9110947e-001
 -2.9415210e-001
 -2.9510356e-001
 -2.9459722e-001
 -2.9266558e-001
 -2.8883539e-001
 -2.8242671e-001
 -2.7294781e-001
 -2.6045346e-001
 -2.4574789e-001
 -2.3035996e-001
 -2.1628504e-001
 -2.0555860e-001
 -1.9977976e-001
 -1.9972532e-001
 -2.0517357e-001
 -2.1499834e-001
 -2.2750965e-001
 -2.4093631e-001
 -2.5389525e-001
 -2.6569288e-001
 -2.7635860e-001
 -2.8640530e-001
 -2.9640992e-001
 -3.0657630e-001
 -3.1645145e-001
 -3.2491266e-001
 -3.3044230e-001
 -3.3159977e-001
 -3.2752390e-001
 -3.1828554e-001
 -3.0496241e-001
 -2.8940826e-001
 -2.7379612e-001
 -2.6009271e-001
 -2.4963761e-001
 -2.4295449e-001
 -2.3983100e-001
 -2.3960414e-001
 -2.4151840e-001
 -2.4500775e-001
 -2.4979448e-001
 -2.5577991e-001
 -2.6279078e-001
 -2.7030735e-001
 -2.7731165e-001
 -2.8235217e-001
 -2.8384066e-001
 -2.8050544e-001
 -2.7185690e-001
 -2.5849841e-001
 -2.4214943e-001
 -2.2532910e-001
 -2.1075339e-001
 -2.0059613e-001
 -1.9582202e-001
 -1.9579758e-001
 -1.9831930e-001
 -2.0008319e-001
 -1.9748825e-001
 -1.8755943e-001
 -1.6872948e-001
 -1.4125294e-001
 -1.0713229e-001
 -6.9584426e-002
 -3.2215625e-002
  1.8414325e-003
  3.0573732e-002
  5.3344182e-002
  7.0719860e-002
  8.3973396e-002
  9.4453874e-002
  1.0304532e-001
  1.0987698e-001
  1.1434605e-001
  1.1540063e-001
  1.1195068e-001
  1.0324998e-001
  8.9125533e-002
  7.0002700e-002
  4.6752492e-002
  2.0443995e-002
 -7.8968055e-003
 -3.7440576e-002
 -6.7582678e-002
 -9.7855581e-002
 -1.2777055e-001
 -1.5664901e-001
 -1.8350174e-001
 -2.0700094e-001
 -2.2557258e-001
 -2.3761708e-001
 -2.4184107e-001
 -2.3765258e-001
 -2.2553544e-001
 -2.0729054e-001
 -1.8602468e-001
 -1.6579985e-001
 -1.5093244e-001
 -1.4504023e-001
 -1.5004785e-001
 -1.6543592e-001
 -1.8801700e-001
 -2.1242230e-001
 -2.3229704e-001
 -2.4197490e-001
 -2.3820429e-001
 -2.2140535e-001
 -1.9599970e-001
 -1.6957957e-001
 -1.5101808e-001
 -1.4796930e-001
 -1.6444832e-001
 -1.9922536e-001
 -2.4557741e-001
 -2.9256354e-001
 -3.2753694e-001
 -3.3922599e-001
 -3.2053641e-001
 -2.7030799e-001
 -1.9357731e-001
 -1.0034231e-001
 -3.2494540e-003
  8.5109475e-002
  1.5456732e-001
  1.9888082e-001
  2.1614401e-001
  2.0823667e-001
  1.7966697e-001
  1.3624483e-001
  8.3945406e-002
  2.8150753e-002
 -2.6723080e-002
 -7.7325960e-002
 -1.2134189e-001
 -1.5742057e-001
 -1.8509363e-001
 -2.0464572e-001
 -2.1690943e-001
 -2.2299721e-001
 -2.2403747e-001
 -2.2100756e-001
 -2.1472833e-001
 -2.0601170e-001
 -1.9586815e-001
 -1.8563280e-001
 -1.7688701e-001
 -1.7113949e-001
 -1.6935155e-001
 -1.7149104e-001
 -1.7632858e-001
 -1.8162539e-001
 -1.8472293e-001
 -1.8338320e-001
 -1.7660932e-001
 -1.6515161e-001
 -1.5148905e-001
 -1.3924339e-001
 -1.3217513e-001
 -1.3305797e-001
 -1.4277998e-001
 -1.5995749e-001
 -1.8119155e-001
 -2.0189929e-001
 -2.1747673e-001
 -2.2445028e-001
 -2.2128277e-001
 -2.0861160e-001
 -1.8887695e-001
 -1.6548986e-001
 -1.4183125e-001
 -1.2041770e-001
 -1.0249995e-001
 -8.8196609e-002
 -7.7062650e-002
 -6.8821489e-002
 -6.3917140e-002
 -6.3603632e-002
 -6.9469887e-002
 -8.2539807e-002
 -1.0229769e-001
 -1.2608019e-001
 -1.4919513e-001
 -1.6588641e-001
 -1.7093858e-001
 -1.6142509e-001
 -1.3797155e-001
 -1.0500018e-001
 -6.9735664e-002
 -4.0186583e-002
 -2.2716538e-002
 -2.0026992e-002
 -3.0294099e-002
 -4.7838917e-002
 -6.5179572e-002
 -7.5800963e-002
 -7.6674852e-002
 -6.9595419e-002
 -6.0770573e-002
 -5.8708746e-002
 -7.1058560e-002
 -1.0147183e-001
 -1.4761222e-001
 -2.0108854e-001
 -2.4946018e-001
 -2.7975642e-001
 -2.8241517e-001
 -2.5437250e-001
 -2.0028823e-001
 -1.3149207e-001
 -6.2975748e-002
 -9.3833740e-003
  1.8746211e-002
  1.7354780e-002
 -1.0779235e-002
 -5.7657129e-002
 -1.1297006e-001
 -1.6725884e-001
 -2.1429171e-001
 -2.5199055e-001
 -2.8179815e-001
 -3.0692844e-001
 -3.3028486e-001
 -3.5286363e-001
 -3.7319442e-001
 -3.8793212e-001
 -3.9327581e-001
 -3.8661264e-001
 -3.6775124e-001
 -3.3930908e-001
 -3.0615370e-001
 -2.7413510e-001
 -2.4856531e-001
 -2.3293908e-001
 -2.2825738e-001
 -2.3308277e-001
 -2.4421489e-001
 -2.5770927e-001
 -2.6991099e-001
 -2.7823287e-001
 -2.8153237e-001
 -2.8007848e-001
 -2.7520381e-001
 -2.6878736e-001
 -2.6271288e-001
 -2.5841515e-001
 -2.5658447e-001
 -2.5706121e-001
 -2.5892127e-001
 -2.6072610e-001
 -2.6088290e-001
 -2.5803568e-001
 -2.5139358e-001
 -2.4091002e-001
 -2.2726157e-001
 -2.1163130e-001
 -1.9536208e-001
 -1.7958858e-001
 -1.6496353e-001
 -1.5155999e-001
 -1.3896768e-001
 -1.2653202e-001
 -1.1363616e-001
 -9.9918037e-002
 -8.5348291e-002
 -7.0156447e-002
 -5.4656087e-002
 -3.9058756e-002
 -2.3366430e-002
 -7.3938255e-003
  9.0871420e-003
  2.6144008e-002
  4.3512905e-002
  6.0542011e-002
  7.6287543e-002
  8.9741177e-002
  1.0011636e-001
  1.0709683e-001
  1.1096258e-001
  1.1255060e-001
  1.1306342e-001
  1.1378739e-001
  1.1580721e-001
  1.1979830e-001
  1.2594621e-001
  1.3399802e-001
  1.4340933e-001
  1.5352614e-001
  1.6373983e-001
  1.7357337e-001
  1.8268826e-001
  1.9083196e-001
  1.9776541e-001
  2.0321177e-001
  2.0685405e-001
  2.0838555e-001
  2.0759354e-001
  2.0444165e-001
  1.9911594e-001
  1.9201238e-001
  1.8366559e-001
  1.7464058e-001
  1.6542301e-001
  1.5634412e-001
  1.4756321e-001
  1.3910806e-001
  1.3095179e-001
  1.2309014e-001
  1.1558333e-001
  1.0854127e-001
  1.0205443e-001
  9.6096986e-002
  9.0443055e-002
  8.4636570e-002
  7.8038172e-002
  6.9945886e-002
  5.9759059e-002
  4.7137787e-002
  3.2109307e-002
  1.5088967e-002
 -3.1892660e-003
 -2.1809267e-002
 -3.9833613e-002
 -5.6442449e-002
 -7.1016507e-002
 -8.3153500e-002
 -9.2631479e-002
 -9.9349298e-002
 -1.0327757e-001
 -1.0444327e-001
 -1.0295251e-001
 -9.9036977e-002
 -9.3097859e-002
 -8.5720399e-002
 -7.7642958e-002
 -6.9681445e-002
 -6.2626414e-002
 -5.7140437e-002
 -5.3682976e-002
 -5.2480607e-002
 -5.3544770e-002
 -5.6723964e-002
 -6.1767179e-002
 -6.8374057e-002
 -7.6214576e-002
 -8.4914245e-002
 -9.4015275e-002
 -1.0293486e-001
 -1.1094557e-001
 -1.1719827e-001
 -1.2079607e-001
 -1.2091266e-001
 -1.1693290e-001
 -1.0858399e-001
 -9.6022875e-002
 -7.9853574e-002
 -6.1063141e-002
 -4.0884833e-002
 -2.0615754e-002
 -1.4281210e-003
  1.5784872e-002
  3.0497446e-002
  4.2561000e-002
  5.2143492e-002
  5.9624491e-002
  6.5480026e-002
  7.0188401e-002
  7.4175209e-002
  7.7798683e-002
  8.1361358e-002
  8.5127136e-002
  8.9325001e-002
  9.4131290e-002
  9.9635071e-002
  1.0580104e-001
  1.1244683e-001
  1.1924615e-001
  1.2575895e-001
  1.3147996e-001
  1.3589117e-001
  1.3850566e-001
  1.3889726e-001
  1.3671980e-001
  1.3172608e-001
  1.2379770e-001
  1.1299029e-001
  9.9588997e-002
  8.4158422e-002
  6.7565638e-002
  5.0956322e-002
  3.5673237e-002
  2.3120821e-002
  1.4594871e-002
  1.1107991e-002
  1.3245529e-002
  2.1081870e-002
  3.4174082e-002
  5.1632390e-002
  7.2249444e-002
  9.4657879e-002
  1.1748142e-001
  1.3945021e-001
  1.5946464e-001
  1.7660910e-001
  1.9013287e-001
  1.9942447e-001
  2.0400465e-001
  2.0355312e-001
  1.9796738e-001
  1.8743579e-001
  1.7249641e-001
  1.5405292e-001
  1.3332953e-001
  1.1176467e-001
  9.0862129e-002
  7.2031820e-002
  5.6455251e-002
  4.5001816e-002
  3.8205377e-002
  3.6291348e-002
  3.9230809e-002
  4.6793987e-002
  5.8582794e-002
  7.4036537e-002
  9.2421168e-002
  1.1282308e-001
  1.3416934e-001
  1.5528688e-001
  1.7499768e-001
  1.9223127e-001
  2.0612710e-001
  2.1610048e-001
  2.2185748e-001
  2.2336125e-001
  2.2076818e-001
  2.1436148e-001
  2.0450817e-001
  1.9165333e-001
  1.7634887e-001
  1.5929694e-001
  1.4137940e-001
  1.2364511e-001
  1.0723937e-001
  9.3277841e-002
  8.2688034e-002
  7.6055486e-002
  7.3516090e-002
  7.4727193e-002
  7.8930478e-002
  8.5094198e-002
  9.2099218e-002
  9.8919700e-002
  1.0475085e-001
  1.0905280e-001
  1.1150727e-001
  1.1191318e-001
  1.1006822e-001
  1.0568887e-001
  9.8407894e-002
  8.7859848e-002
  7.3831720e-002
  5.6428140e-002
  3.6189149e-002
  1.4108130e-002
 -8.4742120e-003
 -3.0085359e-002
 -4.9395133e-002
 -6.5474827e-002
 -7.7966726e-002
 -8.7111066e-002
 -9.3615835e-002
 -9.8398831e-002
 -1.0226820e-001
 -1.0562664e-001
 -1.0828074e-001
 -1.0941143e-001
 -1.0772258e-001
 -1.0174212e-001
 -9.0214609e-002
 -7.2502697e-002
 -4.8910750e-002
 -2.0855278e-002
  9.1694860e-003
  3.7850472e-002
  6.1521771e-002
  7.6781449e-002
  8.1165552e-002
  7.3756288e-002
  5.5588857e-002
  2.9734670e-002
  9.8512200e-004
 -2.4862961e-002
 -4.2023902e-002
 -4.5855814e-002
 -3.3867614e-002
 -6.3600655e-003
  3.3472942e-002
  8.0036783e-002
  1.2633531e-001
  1.6526802e-001
  1.9094870e-001
  1.9977340e-001
  1.9103449e-001
  1.6698611e-001
  1.3237981e-001
  9.3580321e-002
  5.7427236e-002
  3.0031316e-002
  1.5694160e-002
  1.6125641e-002
  3.0103481e-002
  5.3666125e-002
  8.0846595e-002
  1.0484593e-001
  1.1943199e-001
  1.2026710e-001
  1.0585285e-001
  7.7851060e-002
  4.0688607e-002
  5.4148500e-004
 -3.6037171e-002
 -6.3485584e-002
 -7.8251452e-002
 -7.9229000e-002
 -6.7565074e-002
 -4.5968358e-002
 -1.7783659e-002
  1.3872201e-002
  4.6677730e-002
  7.9269353e-002
  1.1103500e-001
  1.4168664e-001
  1.7080757e-001
  1.9754906e-001
  2.2057705e-001
  2.3827518e-001
  2.4912749e-001
  2.5215487e-001
  2.4727187e-001
  2.3545975e-001
  2.1870298e-001
  1.9969584e-001
  1.8137877e-001
  1.6640304e-001
  1.5663991e-001
  1.5284570e-001
  1.5456399e-001
  1.6029650e-001
  1.6791060e-001
  1.7519058e-001
  1.8039663e-001
  1.8268723e-001
  1.8229211e-001
  1.8039098e-001
  1.7873725e-001
  1.7914161e-001
  1.8297059e-001
  1.9080623e-001
  2.0235484e-001
  2.1660665e-001
  2.3216181e-001
  2.4758610e-001
  2.6165930e-001
  2.7343393e-001
  2.8211058e-001
  2.8682520e-001
  2.8649443e-001
  2.7985390e-001
  2.6574799e-001
  2.4361366e-001
  2.1398971e-001
  1.7882561e-001
  1.4139359e-001
  1.0572515e-001
  7.5664778e-002
  5.3796662e-002
  4.0590649e-002
  3.4086243e-002
  3.0285492e-002
  2.4200452e-002
  1.1274134e-002
 -1.1252494e-002
 -4.3463474e-002
 -8.2677192e-002
 -1.2419270e-001
 -1.6265274e-001
 -1.9359887e-001
 -2.1472691e-001
 -2.2644510e-001
 -2.3156231e-001
 -2.3421524e-001
 -2.3838838e-001
 -2.4650849e-001
 -2.5856617e-001
 -2.7204323e-001
 -2.8266415e-001
 -2.8572932e-001
 -2.7761012e-001
 -2.5694611e-001
 -2.2518922e-001
 -1.8635182e-001
 -1.4606126e-001
 -1.1022474e-001
 -8.3702496e-002
 -6.9352457e-002
 -6.7665817e-002
 -7.7015642e-002
 -9.4359200e-002
 -1.1612610e-001
 -1.3901630e-001
 -1.6051427e-001
 -1.7905700e-001
 -1.9392014e-001
 -2.0496436e-001
 -2.1238961e-001
 -2.1659089e-001
 -2.1812507e-001
 -2.1772713e-001
 -2.1628616e-001
 -2.1471789e-001
 -2.1373480e-001
 -2.1358719e-001
 -2.1389011e-001
 -2.1364275e-001
 -2.1148319e-001
 -2.0612844e-001
 -1.9686254e-001
 -1.8389270e-001
 -1.6841781e-001
 -1.5234249e-001
 -1.3769760e-001
 -1.2594709e-001
 -1.1742860e-001
 -1.1115631e-001
 -1.0510808e-001
 -9.6953435e-002
 -8.5007508e-002
 -6.9082536e-002
 -5.0901694e-002
 -3.3855400e-002
 -2.2091667e-002
 -1.9173060e-002
 -2.6719385e-002
 -4.3512872e-002
 -6.5435922e-002
 -8.6361448e-002
 -9.9798094e-002
 -1.0081471e-001
 -8.7633280e-002
 -6.2345765e-002
 -3.0469764e-002
  5.7059100e-004
  2.3591062e-002
  3.3750727e-002
  2.9938465e-002
  1.4991634e-002
 -5.3268909e-003
 -2.4262873e-002
 -3.6291088e-002
 -3.8910363e-002
 -3.3449326e-002
 -2.4646635e-002
 -1.9163847e-002
 -2.3518378e-002
 -4.2083740e-002
 -7.5752051e-002
 -1.2162030e-001
 -1.7373534e-001
 -2.2462440e-001
 -2.6714176e-001
 -2.9612523e-001
 -3.0946532e-001
 -3.0839000e-001
 -2.9698397e-001
 -2.8112927e-001
 -2.6714346e-001
 -2.6040447e-001
 -2.6421165e-001
 -2.7906983e-001
 -3.0251535e-001
 -3.2953078e-001
 -3.5351183e-001
 -3.6765121e-001
 -3.6650001e-001
 -3.4738329e-001
 -3.1132104e-001
 -2.6316536e-001
 -2.1082036e-001
 -1.6363433e-001
 -1.3029137e-001
 -1.1670698e-001
 -1.2448572e-001
 -1.5039286e-001
 -1.8704121e-001
 -2.2466132e-001
 -2.5350664e-001
 -2.6624532e-001
 -2.5967894e-001
 -2.3531731e-001
 -1.9867661e-001
 -1.5754810e-001
 -1.1978731e-001
 -9.1298686e-002
 -7.4799390e-002
 -6.9671812e-002
 -7.2851009e-002
 -8.0365115e-002
 -8.8960377e-002
 -9.7255036e-002
 -1.0606324e-001
 -1.1783576e-001
 -1.3546864e-001
 -1.6093168e-001
 -1.9420490e-001
 -2.3288206e-001
 -2.7256134e-001
 -3.0788203e-001
 -3.3387010e-001
 -3.4718094e-001
 -3.4688669e-001
 -3.3461431e-001
 -3.1403820e-001
 -2.8990455e-001
 -2.6686718e-001
 -2.4843074e-001
 -2.3623866e-001
 -2.2983851e-001
 -2.2694209e-001
 -2.2409323e-001
 -2.1758124e-001
 -2.0439537e-001
 -1.8300948e-001
 -1.5381766e-001
 -1.1911224e-001
 -8.2596836e-002
 -4.8543448e-002
 -2.0802121e-002
 -1.9227970e-003
  7.3723450e-003
  8.2239625e-003
  3.1815100e-003
 -4.5876015e-003
 -1.2172850e-002
 -1.7610980e-002
 -2.0198588e-002
 -2.0371797e-002
 -1.9247553e-002
 -1.8027545e-002
 -1.7492325e-002
 -1.7755326e-002
 -1.8331536e-002
 -1.8451377e-002
 -1.7464165e-002
 -1.5156915e-002
 -1.1864058e-002
 -8.3371000e-003
 -5.4411235e-003
 -3.8104780e-003
 -3.6072750e-003
 -4.4830735e-003
 -5.7649850e-003
 -6.8012970e-003
 -7.3380690e-003
 -7.7778750e-003
 -9.2023740e-003
 -1.3113962e-002
 -2.0947468e-002
 -3.3491493e-002
 -5.0410486e-002
 -7.0051202e-002
 -8.9645541e-002
 -1.0590226e-001
 -1.1584795e-001
 -1.1767767e-001
 -1.1134705e-001
 -9.8697108e-002
 -8.3038762e-002
 -6.8292792e-002
 -5.7927798e-002
 -5.4010031e-002
 -5.6649568e-002
 -6.4004270e-002
 -7.2828401e-002
 -7.9385406e-002
 -8.0439709e-002
 -7.4033651e-002
 -5.9841579e-002
 -3.9041374e-002
 -1.3801852e-002
  1.3400661e-002
  4.0388712e-002
  6.5619230e-002
  8.8174592e-002
  1.0747706e-001
  1.2290421e-001
  1.3351970e-001
  1.3808242e-001
  1.3537546e-001
  1.2475032e-001
  1.0666853e-001
  8.2989847e-002
  5.6823234e-002
  3.1904940e-002
  1.1647729e-002
 -1.8495385e-003
 -8.4886070e-003
 -1.0276398e-002
 -1.0739710e-002
 -1.3768105e-002
 -2.2210750e-002
 -3.6670839e-002
 -5.4922734e-002
 -7.2216654e-002
 -8.2474118e-002
 -8.0089070e-002
 -6.1825450e-002
 -2.8217426e-002
  1.6025003e-002
  6.2838961e-002
  1.0273079e-001
  1.2731091e-001
  1.3171968e-001
  1.1619757e-001
  8.6264452e-002
  5.1373284e-002
  2.2373767e-002
  8.5095160e-003
  1.4842848e-002
  4.0885016e-002
  8.0836117e-002
  1.2532935e-001
  1.6410287e-001
  1.8875257e-001
  1.9474089e-001
  1.8213415e-001
  1.5499555e-001
  1.1980248e-001
  8.3526223e-002
  5.2025574e-002
  2.9183047e-002
  1.6861634e-002
  1.5432578e-002
  2.4448850e-002
  4.3071097e-002
  7.0058421e-002
  1.0340994e-001
  1.3995695e-001
  1.7526351e-001
  2.0407266e-001
  2.2128906e-001
  2.2322850e-001
  2.0870259e-001
  1.7951819e-001
  1.4015579e-001
  9.6678729e-002
  5.5202352e-002
  2.0411373e-002
 -5.4067920e-003
 -2.2534591e-002
 -3.3208113e-002
 -4.0486138e-002
 -4.7033606e-002
 -5.4239711e-002
 -6.1932229e-002
 -6.8711822e-002
 -7.2707813e-002
 -7.2431391e-002
 -6.7409592e-002
 -5.8405883e-002
 -4.7209104e-002
 -3.6128133e-002
 -2.7407396e-002
 -2.2760708e-002
 -2.3131022e-002
 -2.8672253e-002
 -3.8868120e-002
 -5.2682866e-002
 -6.8678080e-002
 -8.5098264e-002
 -9.9983510e-002
 -1.1137773e-001
 -1.1765732e-001
 -1.1792784e-001
 -1.1236477e-001
 -1.0234718e-001
 -9.0273781e-002
 -7.9050653e-002
 -7.1365114e-002
 -6.8960653e-002
 -7.2158413e-002
 -7.9811139e-002
 -8.9739138e-002
 -9.9529701e-002
 -1.0744274e-001
 -1.1310994e-001
 -1.1776846e-001
 -1.2392000e-001
 -1.3450176e-001
 -1.5182953e-001
 -1.7666258e-001
 -2.0771084e-001
 -2.4176547e-001
 -2.7443124e-001
 -3.0124051e-001
 -3.1880305e-001
 -3.2563491e-001
 -3.2241545e-001
 -3.1160877e-001
 -2.9659140e-001
 -2.8058195e-001
 -2.6572281e-001
 -2.5260151e-001
 -2.4034415e-001
 -2.2721931e-001
 -2.1152316e-001
 -1.9243139e-001
 -1.7052463e-001
 -1.4781183e-001
 -1.2724648e-001
 -1.1189567e-001
 -1.0402788e-001
 -1.0440170e-001
 -1.1196508e-001
 -1.2404240e-001
 -1.3694072e-001
 -1.4679226e-001
 -1.5039836e-001
 -1.4585957e-001
 -1.3285296e-001
 -1.1252268e-001
 -8.7051535e-002
 -5.9052070e-002
 -3.0942945e-002
 -4.4598000e-003
  1.9599052e-002
  4.1356329e-002
  6.1597302e-002
  8.1349554e-002
  1.0141418e-001
  1.2197177e-001
  1.4237174e-001
  1.6117433e-001
  1.7645256e-001
  1.8628922e-001
  1.8933703e-001
  1.8527347e-001
  1.7499280e-001
  1.6044501e-001
  1.4413925e-001
  1.2844663e-001
  1.1492068e-001
  1.0386760e-001
  9.4328629e-002
  8.4500687e-002
  7.2465534e-002
  5.6978437e-002
  3.8035085e-002
  1.7006786e-002
 -3.7128745e-003
 -2.1427546e-002
 -3.3965758e-002
 -4.0320575e-002
 -4.0881496e-002
 -3.7199791e-002
 -3.1409154e-002
 -2.5549200e-002
 -2.1058855e-002
 -1.8612870e-002
 -1.8310068e-002
 -2.0060665e-002
 -2.3934311e-002
 -3.0260503e-002
 -3.9405548e-002
 -5.1325414e-002
 -6.5129458e-002
 -7.8919962e-002
 -9.0075536e-002
 -9.5959697e-002
 -9.4837367e-002
 -8.6659439e-002
 -7.3387095e-002
 -5.8675298e-002
 -4.6964988e-002
 -4.2255456e-002
 -4.6954786e-002
 -6.1187186e-002
 -8.2778648e-002
 -1.0790806e-001
 -1.3218807e-001
 -1.5181077e-001
 -1.6439950e-001
 -1.6933969e-001
 -1.6756138e-001
 -1.6093469e-001
 -1.5154916e-001
 -1.4114527e-001
 -1.3086499e-001
 -1.2133748e-001
 -1.1298017e-001
 -1.0632524e-001
 -1.0219547e-001
 -1.0163745e-001
 -1.0563028e-001
 -1.1468137e-001
 -1.2846365e-001
 -1.4563350e-001
 -1.6390936e-001
 -1.8041345e-001
 -1.9220789e-001
 -1.9690825e-001
 -1.9323663e-001
 -1.8138178e-001
 -1.6306383e-001
 -1.4125286e-001
 -1.1956373e-001
 -1.0143365e-001
 -8.9267054e-002
 -8.3776967e-002
 -8.3738017e-002
 -8.6279892e-002
 -8.7703289e-002
 -8.4630203e-002
 -7.5163710e-002
 -5.9684323e-002
 -4.0982702e-002
 -2.3614558e-002
 -1.2611499e-002
 -1.1910607e-002
 -2.2992914e-002
 -4.4191770e-002
 -7.0944003e-002
 -9.6962738e-002
 -1.1600685e-001
 -1.2371123e-001
 -1.1890201e-001
 -1.0397077e-001
 -8.4176219e-002
 -6.6083702e-002
 -5.5627142e-002
 -5.6392285e-002
 -6.8638582e-002
 -8.9330215e-002
 -1.1312314e-001
 -1.3396393e-001
 -1.4679192e-001
 -1.4884364e-001
 -1.4022175e-001
 -1.2364191e-001
 -1.0352120e-001
 -8.4739463e-002
 -7.1449565e-002
 -6.6237455e-002
 -6.9783497e-002
 -8.1013414e-002
 -9.7605092e-002
 -1.1666380e-001
 -1.3539040e-001
 -1.5161875e-001
 -1.6415834e-001
 -1.7292241e-001
 -1.7884664e-001
 -1.8361791e-001
 -1.8925172e-001
 -1.9758776e-001
 -2.0980856e-001
 -2.2610720e-001
 -2.4561546e-001
 -2.6664447e-001
 -2.8719567e-001
 -3.0560089e-001
 -3.2108575e-001
 -3.3405171e-001
 -3.4595030e-001
 -3.5875719e-001
 -3.7420124e-001
 -3.9300811e-001
 -4.1443747e-001
 -4.3630932e-001
 -4.5555265e-001
 -4.6912130e-001
 -4.7497672e-001
 -4.7279194e-001
 -4.6411041e-001
 -4.5187504e-001
 -4.3946582e-001
 -4.2956845e-001
 -4.2327094e-001
 -4.1971783e-001
 -4.1646187e-001
 -4.1040555e-001
 -3.9901039e-001
 -3.8134757e-001
 -3.5861182e-001
 -3.3390400e-001
 -3.1134284e-001
 -2.9480077e-001
 -2.8668949e-001
 -2.8720140e-001
 -2.9425366e-001
 -3.0413955e-001
 -3.1265542e-001
 -3.1632247e-001
 -3.1331012e-001
 -3.0379094e-001
 -2.8966529e-001
 -2.7380956e-001
 -2.5914770e-001
 -2.4787358e-001
 -2.4105984e-001
 -2.3872026e-001
 -2.4021663e-001
 -2.4478517e-001
 -2.5194317e-001
 -2.6161986e-001
 -2.7399620e-001
 -2.8917210e-001
 -3.0685111e-001
 -3.2621297e-001
 -3.4604727e-001
 -3.6509225e-001
 -3.8242112e-001
 -3.9768931e-001
 -4.1111466e-001
 -4.2318298e-001
 -4.3420148e-001
 -4.4390483e-001
 -4.5131395e-001
 -4.5495429e-001
 -4.5339279e-001
 -4.4591059e-001
 -4.3305116e-001
 -4.1680502e-001
 -4.0030952e-001
 -3.8711244e-001
 -3.8020701e-001
 -3.8113429e-001
 -3.8943364e-001
 -4.0261094e-001
 -4.1663184e-001
 -4.2679344e-001
 -4.2873654e-001
 -4.1935377e-001
 -3.9741674e-001
 -3.6384702e-001
 -3.2164670e-001
 -2.7555224e-001
 -2.3147725e-001
 -1.9578767e-001
 -1.7443998e-001
 -1.7203532e-001
 -1.9090055e-001
 -2.3037525e-001
 -2.8651942e-001
 -3.5242278e-001
 -4.1917991e-001
 -4.7742029e-001
 -5.1910041e-001
 -5.3914554e-001
 -5.3652000e-001
 -5.1442584e-001
 -4.7954893e-001
 -4.4052432e-001
 -4.0599997e-001
 -3.8277565e-001
 -3.7445540e-001
 -3.8089664e-001
 -3.9852029e-001
 -4.2133394e-001
 -4.4237114e-001
 -4.5519572e-001
 -4.5515626e-001
 -4.4017555e-001
 -4.1098336e-001
 -3.7081686e-001
 -3.2470059e-001
 -2.7847389e-001
 -2.3775750e-001
 -2.0704806e-001
 -1.8909499e-001
 -1.8465354e-001
 -1.9262294e-001
 -2.1049036e-001
 -2.3493339e-001
 -2.6241054e-001
 -2.8960186e-001
 -3.1363970e-001
 -3.3216261e-001
 -3.4329429e-001
 -3.4566534e-001
 -3.3854949e-001
 -3.2209991e-001
 -2.9758469e-001
 -2.6747538e-001
 -2.3526543e-001
 -2.0498059e-001
 -1.8046054e-001
 -1.6459005e-001
 -1.5869855e-001
 -1.6230809e-001
 -1.7330456e-001
 -1.8847602e-001
 -2.0425295e-001
 -2.1743851e-001
 -2.2574557e-001
 -2.2804362e-001
 -2.2432553e-001
 -2.1548736e-001
 -2.0304542e-001
 -1.8888794e-001
 -1.7509528e-001
 -1.6379563e-001
 -1.5698858e-001
 -1.5628349e-001
 -1.6255789e-001
 -1.7561637e-001
 -1.9398525e-001
 -2.1497891e-001
 -2.3511079e-001
 -2.5080899e-001
 -2.5927340e-001
 -2.5922786e-001
 -2.5131636e-001
 -2.3798014e-001
 -2.2281038e-001
 -2.0954664e-001
 -2.0102087e-001
 -1.9837766e-001
 -2.0081833e-001
 -2.0594326e-001
 -2.1056650e-001
 -2.1172299e-001
 -2.0753922e-001
 -1.9770896e-001
 -1.8347575e-001
 -1.6720559e-001
 -1.5176190e-001
 -1.3992303e-001
 -1.3400643e-001
 -1.3572860e-001
 -1.4620458e-001
 -1.6593783e-001
 -1.9469412e-001
 -2.3126684e-001
 -2.7326396e-001
 -3.1710820e-001
 -3.5840157e-001
 -3.9266875e-001
 -4.1631853e-001
 -4.2752765e-001
 -4.2672565e-001
 -4.1646695e-001
 -4.0068308e-001
 -3.8353760e-001
 -3.6826351e-001
 -3.5638355e-001
 -3.4758239e-001
 -3.4026304e-001
 -3.3256676e-001
 -3.2346254e-001
 -3.1348460e-001
 -3.0482449e-001
 -3.0071970e-001
 -3.0433568e-001
 -3.1752119e-001
 -3.3986528e-001
 -3.6838679e-001
 -3.9798571e-001
 -4.2255162e-001
 -4.3643581e-001
 -4.3590137e-001
 -4.2018365e-001
 -3.9189876e-001
 -3.5668951e-001
 -3.2215499e-001
 -2.9624768e-001
 -2.8543032e-001
 -2.9296185e-001
 -3.1771514e-001
 -3.5389652e-001
 -3.9190833e-001
 -4.2035951e-001
 -4.2891241e-001
 -4.1133213e-001
 -3.6789194e-001
 -3.0629534e-001
 -2.4056395e-001
 -1.8787742e-001
 -1.6400345e-001
 -1.7851263e-001
 -2.3122061e-001
 -3.1110218e-001
 -3.9828204e-001
 -4.6879222e-001
 -5.0088181e-001
 -4.8108251e-001
 -4.0820181e-001
 -2.9398095e-001
 -1.6016049e-001
 -3.2814141e-002
  6.4331787e-002
  1.1558291e-001
  1.1632541e-001
  7.2706373e-002
 -1.6646165e-003
 -9.0659413e-002
 -1.8044732e-001
 -2.6260763e-001
 -3.3470292e-001
 -3.9846712e-001
 -4.5663289e-001
 -5.0985925e-001
 -5.5508274e-001
 -5.8597840e-001
 -5.9533941e-001
 -5.7840479e-001
 -5.3577408e-001
 -4.7468345e-001
 -4.0801709e-001
 -3.5125722e-001
 -3.1832607e-001
 -3.1767203e-001
 -3.4986584e-001
 -4.0744950e-001
 -4.7702203e-001
 -5.4282918e-001
 -5.9069576e-001
 -6.1112572e-001
 -6.0077355e-001
 -5.6209603e-001
 -5.0159908e-001
 -4.2748984e-001
 -3.4761143e-001
 -2.6828410e-001
 -1.9422445e-001
 -1.2924541e-001
 -7.7132669e-002
 -4.2056828e-002
 -2.8120011e-002
 -3.8055459e-002
 -7.1534604e-002
 -1.2381605e-001
 -1.8547340e-001
 -2.4363927e-001
 -2.8468728e-001
 -2.9771509e-001
 -2.7779403e-001
 -2.2788017e-001
 -1.5859882e-001
 -8.5746643e-002
 -2.6107116e-002
  7.2121600e-003
  8.4665560e-003
 -1.9227581e-002
 -6.5124203e-002
 -1.1445394e-001
 -1.5324270e-001
 -1.7274880e-001
 -1.7203965e-001
 -1.5786352e-001
 -1.4190809e-001
 -1.3644289e-001
 -1.4988990e-001
 -1.8386057e-001
 -2.3264486e-001
 -2.8524965e-001
 -3.2918708e-001
 -3.5463348e-001
 -3.5751157e-001
 -3.4049537e-001
 -3.1171198e-001
 -2.8172187e-001
 -2.5991163e-001
 -2.5155250e-001
 -2.5645639e-001
 -2.6954683e-001
 -2.8299418e-001
 -2.8907565e-001
 -2.8276112e-001
 -2.6321178e-001
 -2.3381348e-001
 -2.0087597e-001
 -1.7154151e-001
 -1.5163917e-001
 -1.4415989e-001
 -1.4876192e-001
 -1.6235155e-001
 -1.8044286e-001
 -1.9878357e-001
 -2.1469427e-001
 -2.2770208e-001
 -2.3930397e-001
 -2.5198669e-001
 -2.6787052e-001
 -2.8746348e-001
 -3.0897745e-001
 -3.2848068e-001
 -3.4089556e-001
 -3.4157592e-001
 -3.2799826e-001
 -3.0103675e-001
 -2.6538659e-001
 -2.2892734e-001
 -2.0111540e-001
 -1.9077512e-001
 -2.0384345e-001
 -2.4165924e-001
 -3.0026776e-001
 -3.7096436e-001
 -4.4199584e-001
 -5.0105037e-001
 -5.3796674e-001
 -5.4702854e-001
 -5.2829355e-001
 -4.8762474e-001
 -4.3539180e-001
 -3.8413374e-001
 -3.4573900e-001
 -3.2884009e-001
 -3.3708617e-001
 -3.6874189e-001
 -4.1770226e-001
 -4.7560474e-001
 -5.3437710e-001
 -5.8840435e-001
 -6.3560058e-001
 -6.7702598e-001
 -7.1519775e-001
 -7.5173944e-001
 -7.8531310e-001
 -8.1075100e-001
 -8.1992732e-001
 -8.0429087e-001
 -7.5832901e-001
 -6.8278816e-001
 -5.8641981e-001
 -4.8540014e-001
 -4.0028096e-001
 -3.5113724e-001
 -3.5221125e-001
 -4.0759782e-001
 -5.0928449e-001
 -6.3822469e-001
 -7.6828269e-001
 -8.7209903e-001
 -9.2740983e-001
 -9.2224343e-001
 -8.5772098e-001
 -7.4780050e-001
 -6.1605732e-001
 -4.9029814e-001
 -3.9630017e-001
 -3.5214714e-001
 -3.6446706e-001
 -4.2740576e-001
 -5.2450483e-001
 -6.3294891e-001
 -7.2907944e-001
 -7.9378584e-001
 -8.1645983e-001
 -7.9661757e-001
 -7.4294024e-001
 -6.7017512e-001
 -5.9487635e-001
 -5.3120047e-001
 -4.8785182e-001
 -4.6685243e-001
 -4.6423722e-001
 -4.7222820e-001
 -4.8208114e-001
 -4.8671409e-001
 -4.8241106e-001
 -4.6926269e-001
 -4.5042249e-001
 -4.3059313e-001
 -4.1432063e-001
 -4.0464020e-001
 -4.0242471e-001
 -4.0651573e-001
 -4.1446349e-001
 -4.2354025e-001
 -4.3165908e-001
 -4.3791826e-001
 -4.4265586e-001
 -4.4707593e-001
 -4.5263956e-001
 -4.6046316e-001
 -4.7092703e-001
 -4.8359415e-001
 -4.9741433e-001
 -5.1109022e-001
 -5.2344035e-001
 -5.3362268e-001
 -5.4116074e-001
 -5.4581084e-001
 -5.4737886e-001
 -5.4561268e-001
 -5.4025194e-001
 -5.3123161e-001
 -5.1894706e-001
 -5.0443770e-001
 -4.8935984e-001
 -4.7569682e-001
 -4.6526670e-001
 -4.5918764e-001
 -4.5750416e-001
 -4.5913851e-001
 -4.6221952e-001
 -4.6469750e-001
 -4.6503398e-001
 -4.6271092e-001
 -4.5835833e-001
 -4.5343584e-001
 -4.4957437e-001
 -4.4782200e-001
 -4.4808892e-001
 -4.4902636e-001
 -4.4842200e-001
 -4.4400304e-001
 -4.3437873e-001
 -4.1978417e-001
 -4.0233588e-001
 -3.8566105e-001
 -3.7396735e-001
 -3.7080974e-001
 -3.7792255e-001
 -3.9448339e-001
 -4.1706059e-001
 -4.4030430e-001
 -4.5822879e-001
 -4.6576256e-001
 -4.6015815e-001
 -4.4187791e-001
 -4.1469743e-001
 -3.8496318e-001
 -3.6015665e-001
 -3.4710294e-001
 -3.5026802e-001
 -3.7058833e-001
 -4.0515957e-001
 -4.4790129e-001
 -4.9105758e-001
 -5.2715722e-001
 -5.5090816e-001
 -5.6049227e-001
 -5.5787370e-001
 -5.4800779e-001
 -5.3716418e-001
 -5.3085973e-001
 -5.3204026e-001
 -5.4009771e-001
 -5.5106418e-001
 -5.5895452e-001
 -5.5785039e-001
 -5.4405675e-001
 -5.1761247e-001
 -4.8262581e-001
 -4.4627981e-001
 -4.1679134e-001
 -4.0096363e-001
 -4.0212110e-001
 -4.1910138e-001
 -4.4663693e-001
 -4.7700073e-001
 -5.0237310e-001
 -5.1715249e-001
 -5.1946192e-001
 -5.1138531e-001
 -4.9790315e-001
 -4.8493763e-001
 -4.7720763e-001
 -4.7663910e-001
 -4.8186165e-001
 -4.8892647e-001
 -4.9294542e-001
 -4.9002773e-001
 -4.7879396e-001
 -4.6090910e-001
 -4.4043937e-001
 -4.2227292e-001
 -4.1019706e-001
 -4.0536602e-001
 -4.0576931e-001
 -4.0695782e-001
 -4.0382294e-001
 -3.9281559e-001
 -3.7378621e-001
 -3.5070803e-001
 -3.3090031e-001
 -3.2288377e-001
 -3.3350306e-001
 -3.6526000e-001
 -4.1479774e-001
 -4.7314435e-001
 -5.2776475e-001
 -5.6586839e-001
 -5.7798226e-001
 -5.6068036e-001
 -5.1760832e-001
 -4.5847624e-001
 -3.9633463e-001
 -3.4398389e-001
 -3.1061870e-001
 -2.9970063e-001
 -3.0862977e-001
 -3.3019946e-001
 -3.5526567e-001
 -3.7571974e-001
 -3.8682156e-001
 -3.8821949e-001
 -3.8344959e-001
 -3.7820754e-001
 -3.7805917e-001
 -3.8638748e-001
 -4.0324092e-001
 -4.2540589e-001
 -4.4760155e-001
 -4.6432748e-001
 -4.7170230e-001
 -4.6866706e-001
 -4.5717014e-001
 -4.4131090e-001
 -4.2577654e-001
 -4.1413860e-001
 -4.0761237e-001
 -4.0471173e-001
 -4.0191782e-001
 -3.9512658e-001
 -3.8136840e-001
 -3.6019399e-001
 -3.3422637e-001
 -3.0865536e-001
 -2.8980471e-001
 -2.8321641e-001
 -2.9186453e-001
 -3.1507976e-001
 -3.4854224e-001
 -3.8536238e-001
 -4.1792473e-001
 -4.3993370e-001
 -4.4804520e-001
 -4.4261116e-001
 -4.2735187e-001
 -4.0811007e-001
 -3.9111574e-001
 -3.8131760e-001
 -3.8127715e-001
 -3.9090356e-001
 -4.0800946e-001
 -4.2939605e-001
 -4.5202045e-001
 -4.7381174e-001
 -4.9387221e-001
 -5.1206294e-001
 -5.2822770e-001
 -5.4146147e-001
 -5.4981969e-001
 -5.5069198e-001
 -5.4179048e-001
 -5.2242711e-001
 -4.9458357e-001
 -4.6328324e-001
 -4.3596735e-001
 -4.2090206e-001
 -4.2499226e-001
 -4.5162736e-001
 -4.9924285e-001
 -5.6111329e-001
 -6.2654384e-001
 -6.8320525e-001
 -7.1999911e-001
 -7.2966416e-001
 -7.1040367e-001
 -6.6610483e-001
 -6.0514176e-001
 -5.3816517e-001
 -4.7555290e-001
 -4.2524443e-001
 -3.9150489e-001
 -3.7483124e-001
 -3.7284482e-001
 -3.8173336e-001
 -3.9769727e-001
 -4.1793819e-001
 -4.4095310e-001
 -4.6617378e-001
 -4.9321619e-001
 -5.2110831e-001
 -5.4782590e-001
 -5.7031805e-001
 -5.8501434e-001
 -5.8864354e-001
 -5.7911104e-001
 -5.5618738e-001
 -5.2183429e-001
 -4.8009645e-001
 -4.3658027e-001
 -3.9760851e-001
 -3.6918065e-001
 -3.5589783e-001
 -3.6003331e-001
 -3.8094160e-001
 -4.1497925e-001
 -4.5603917e-001
 -4.9667127e-001
 -5.2959899e-001
 -5.4929261e-001
 -5.5318904e-001
 -5.4219739e-001
 -5.2030804e-001
 -4.9338457e-001
 -4.6747861e-001
 -4.4717241e-001
 -4.3445683e-001
 -4.2848032e-001
 -4.2621350e-001
 -4.2376595e-001
 -4.1787661e-001
 -4.0705795e-001
 -3.9201839e-001
 -3.7526285e-001
 -3.6007221e-001
 -3.4927691e-001
 -3.4428994e-001
 -3.4473927e-001
 -3.4879308e-001
 -3.5400381e-001
 -3.5831128e-001
 -3.6080819e-001
 -3.6198845e-001
 -3.6341631e-001
 -3.6698086e-001
 -3.7404954e-001
 -3.8485187e-001
 -3.9831478e-001
 -4.1238427e-001
 -4.2468319e-001
 -4.3324152e-001
 -4.3703202e-001
 -4.3614070e-001
 -4.3155297e-001
 -4.2468043e-001
 -4.1683456e-001
 -4.0884985e-001
 -4.0097851e-001
 -3.9306080e-001
 -3.8486662e-001
 -3.7644537e-001
 -3.6832866e-001
 -3.6149678e-001
 -3.5711504e-001
 -3.5613454e-001
 -3.5890221e-001
 -3.6492205e-001
 -3.7285704e-001
 -3.8078000e-001
 -3.8660084e-001
 -3.8854332e-001
 -3.8553406e-001
 -3.7740074e-001
 -3.6484089e-001
 -3.4919483e-001
 -3.3211061e-001
 -3.1520895e-001
 -2.9983873e-001
 -2.8696716e-001
 -2.7719346e-001
 -2.7083244e-001
 -2.6799836e-001
 -2.6863580e-001
 -2.7248324e-001
 -2.7900035e-001
 -2.8732216e-001
 -2.9630771e-001
 -3.0472371e-001
 -3.1155139e-001
 -3.1634582e-001
 -3.1953224e-001
 -3.2251229e-001
 -3.2748671e-001
 -3.3697341e-001
 -3.5309603e-001
 -3.7680838e-001
 -4.0727319e-001
 -4.4160863e-001
 -4.7514185e-001
 -5.0218317e-001
 -5.1718623e-001
 -5.1603332e-001
 -4.9712101e-001
 -4.6194391e-001
 -4.1498596e-001
 -3.6290137e-001
 -3.1315789e-001
 -2.7246617e-001
 -2.4538883e-001
 -2.3348502e-001
 -2.3520966e-001
 -2.4658564e-001
 -2.6245822e-001
 -2.7798240e-001
 -2.8993236e-001
 -2.9747614e-001
 -3.0221418e-001
 -3.0749278e-001
 -3.1721219e-001
 -3.3449156e-001
 -3.6058771e-001
 -3.9438032e-001
 -4.3256022e-001
 -4.7044287e-001
 -5.0314483e-001
 -5.2676268e-001
 -5.3921159e-001
 -5.4050440e-001
 -5.3243861e-001
 -5.1784453e-001
 -4.9967227e-001
 -4.8022142e-001
 -4.6074151e-001
 -4.4148679e-001
 -4.2214799e-001
 -4.0246163e-001
 -3.8275413e-001
 -3.6421803e-001
 -3.4882337e-001
 -3.3889375e-001
 -3.3648099e-001
 -3.4272414e-001
 -3.5736996e-001
 -3.7857861e-001
 -4.0306600e-001
 -4.2656690e-001
 -4.4455044e-001
 -4.5308025e-001
 -4.4967581e-001
 -4.3400026e-001
 -4.0818540e-001
 -3.7663258e-001
 -3.4521965e-001
 -3.1999818e-001
 -3.0564692e-001
 -3.0409344e-001
 -3.1375422e-001
 -3.2972806e-001
 -3.4501605e-001
 -3.5250383e-001
 -3.4714493e-001
 -3.2764784e-001
 -2.9707049e-001
 -2.6205329e-001
 -2.3087823e-001
 -2.1096299e-001
 -2.0662475e-001
 -2.1787881e-001
 -2.4068313e-001
 -2.6852455e-001
 -2.9475588e-001
 -3.1482312e-001
 -3.2757364e-001
 -3.3519474e-001
 -3.4185840e-001
 -3.5164057e-001
 -3.6655149e-001
 -3.8545467e-001
 -4.0429534e-001
 -4.1754552e-001
 -4.2030702e-001
 -4.1027249e-001
 -3.8881548e-001
 -3.6082308e-001
 -3.3335707e-001
 -3.1364406e-001
 -3.0709858e-001
 -3.1601465e-001
 -3.3926845e-001
 -3.7299133e-001
 -4.1185105e-001
 -4.5043626e-001
 -4.8430442e-001
 -5.1047023e-001
 -5.2737015e-001
 -5.3452550e-001
 -5.3217737e-001
 -5.2108338e-001
 -5.0251170e-001
 -4.7832644e-001
 -4.5099599e-001
 -4.2339394e-001
 -3.9837044e-001
 -3.7819326e-001
 -3.6403475e-001
 -3.5568340e-001
 -3.5159043e-001
 -3.4925721e-001
 -3.4586638e-001
 -3.3899413e-001
 -3.2722388e-001
 -3.1051087e-001
 -2.9020620e-001
 -2.6872388e-001
 -2.4891114e-001
 -2.3325171e-001
 -2.2308459e-001
 -2.1804318e-001
 -2.1589860e-001
 -2.1291629e-001
 -2.0471214e-001
 -1.8744653e-001
 -1.5906364e-001
 -1.2021803e-001
 -7.4567119e-002
 -2.8255601e-002
  1.1355119e-002
  3.7417357e-002
  4.5317456e-002
  3.3876789e-002
  5.6512745e-003
 -3.3786616e-002
 -7.7374369e-002
 -1.1841284e-001
 -1.5214789e-001
 -1.7657478e-001
 -1.9224129e-001
 -2.0119952e-001
 -2.0558017e-001
 -2.0640597e-001
 -2.0315503e-001
 -1.9426241e-001
 -1.7833399e-001
 -1.5551277e-001
 -1.2833235e-001
 -1.0157331e-001
 -8.1044179e-002
 -7.1677299e-002
 -7.5663169e-002
 -9.1395239e-002
 -1.1372422e-001
 -1.3552483e-001
 -1.5005351e-001
 -1.5323701e-001
 -1.4502374e-001
 -1.2926609e-001
 -1.1215715e-001
 -9.9802261e-002
 -9.5845603e-002
 -1.0005497e-001
 -1.0840096e-001
 -1.1459028e-001
 -1.1245490e-001
 -9.8276884e-002
 -7.2168518e-002
 -3.8007664e-002
 -1.9956350e-003
  2.9569293e-002
  5.2430913e-002
  6.5627270e-002
  7.1439690e-002
  7.4152399e-002
  7.8194972e-002
  8.6446057e-002
  9.9359121e-002
  1.1519314e-001
  1.3116148e-001
  1.4494698e-001
  1.5591531e-001
  1.6552381e-001
  1.7678631e-001
  1.9305161e-001
  2.1662220e-001
  2.4777606e-001
  2.8456123e-001
  3.2340412e-001
  3.6025150e-001
  3.9177995e-001
  4.1622064e-001
  4.3353593e-001
  4.4496057e-001
  4.5216484e-001
  4.5641868e-001
  4.5809546e-001
