 -3.0209748e-002
 -4.7057649e-002
 -6.7068157e-002
 -8.8363383e-002
 -1.0948770e-001
 -1.2949957e-001
 -1.4774932e-001
 -1.6348427e-001
 -1.7550616e-001
 -1.8209589e-001
 -1.8131651e-001
 -1.7164631e-001
 -1.5274004e-001
 -1.2603038e-001
 -9.4901765e-002
 -6.4292067e-002
 -3.9764349e-002
 -2.6275081e-002
 -2.6981567e-002
 -4.2438182e-002
 -7.0424801e-002
 -1.0646646e-001
 -1.4490121e-001
 -1.8019731e-001
 -2.0815811e-001
 -2.2669848e-001
 -2.3601152e-001
 -2.3812456e-001
 -2.3601329e-001
 -2.3255644e-001
 -2.2964032e-001
 -2.2766273e-001
 -2.2555890e-001
 -2.2131817e-001
 -2.1281906e-001
 -1.9872209e-001
 -1.7914458e-001
 -1.5590444e-001
 -1.3224450e-001
 -1.1210107e-001
 -9.9119172e-002
 -9.5700081e-002
 -1.0236672e-001
 -1.1764397e-001
 -1.3849641e-001
 -1.6119176e-001
 -1.8232088e-001
 -1.9965245e-001
 -2.1255483e-001
 -2.2186399e-001
 -2.2926611e-001
 -2.3642989e-001
 -2.4420784e-001
 -2.5219515e-001
 -2.5880176e-001
 -2.6180604e-001
 -2.5918465e-001
 -2.4991715e-001
 -2.3447702e-001
 -2.1483639e-001
 -1.9398538e-001
 -1.7513461e-001
 -1.6087238e-001
 -1.5255248e-001
 -1.5009796e-001
 -1.5225533e-001
 -1.5717856e-001
 -1.6311621e-001
 -1.6895213e-001
 -1.7441524e-001
 -1.7990134e-001
 -1.8599389e-001
 -1.9288275e-001
 -1.9992142e-001
 -2.0552070e-001
 -2.0746192e-001
 -2.0356310e-001
 -1.9249277e-001
 -1.7444855e-001
 -1.5142977e-001
 -1.2694128e-001
 -1.0514276e-001
 -8.9651520e-002
 -8.2351268e-002
 -8.2599595e-002
 -8.7135738e-002
 -9.0785720e-002
 -8.7805672e-002
 -7.3482372e-002
 -4.5504644e-002
 -4.6747425e-003
  4.5266975e-002
  9.8645974e-002
  1.4936189e-001
  1.9242344e-001
  2.2504309e-001
  2.4699085e-001
  2.6016433e-001
  2.6758585e-001
  2.7220147e-001
  2.7588182e-001
  2.7891540e-001
  2.8009260e-001
  2.7727719e-001
  2.6822018e-001
  2.5132824e-001
  2.2615574e-001
  1.9351184e-001
  1.5521212e-001
  1.1360876e-001
  7.1077550e-002
  2.9618099e-002
 -9.3425764e-003
 -4.4935134e-002
 -7.6680986e-002
 -1.0426735e-001
 -1.2735615e-001
 -1.4548933e-001
 -1.5811160e-001
 -1.6469399e-001
 -1.6491578e-001
 -1.5885280e-001
 -1.4712255e-001
 -1.3094738e-001
 -1.1211243e-001
 -9.2813476e-002
 -7.5410209e-002
 -6.2122097e-002
 -5.4721171e-002
 -5.4284027e-002
 -6.1057921e-002
 -7.4471829e-002
 -9.3287334e-002
 -1.1584619e-001
 -1.4034466e-001
 -1.6505927e-001
 -1.8846831e-001
 -2.0925202e-001
 -2.2619936e-001
 -2.3808374e-001
 -2.4358183e-001
 -2.4129356e-001
 -2.2988390e-001
 -2.0832160e-001
 -1.7615346e-001
 -1.3373740e-001
 -8.2368346e-002
 -2.4261990e-002
  3.7599977e-002
  9.9727537e-002
  1.5843136e-001
  2.1013434e-001
  2.5165224e-001
  2.8042774e-001
  2.9471418e-001
  2.9370647e-001
  2.7761029e-001
  2.4763429e-001
  2.0589064e-001
  1.5520123e-001
  9.8828078e-002
  4.0168237e-002
 -1.7533652e-002
 -7.1405760e-002
 -1.1907486e-001
 -1.5870214e-001
 -1.8896424e-001
 -2.0903014e-001
 -2.1857615e-001
 -2.1785181e-001
 -2.0776882e-001
 -1.8995296e-001
 -1.6669046e-001
 -1.4072502e-001
 -1.1491268e-001
 -9.1802147e-002
 -7.3251810e-002
 -6.0201119e-002
 -5.2674020e-002
 -5.0016645e-002
 -5.1285859e-002
 -5.5643590e-002
 -6.2601661e-002
 -7.2013020e-002
 -8.3804036e-002
 -9.7554285e-002
 -1.1211139e-001
 -1.2544262e-001
 -1.3485843e-001
 -1.3761265e-001
 -1.3173265e-001
 -1.1681738e-001
 -9.4510015e-002
 -6.8426618e-002
 -4.3486352e-002
 -2.4789413e-002
 -1.6356276e-002
 -2.0110865e-002
 -3.5429650e-002
 -5.9402603e-002
 -8.7719582e-002
 -1.1588941e-001
 -1.4039422e-001
 -1.5941749e-001
 -1.7294621e-001
 -1.8227454e-001
 -1.8914363e-001
 -1.9486277e-001
 -1.9973778e-001
 -2.0299436e-001
 -2.0318845e-001
 -1.9891496e-001
 -1.8952808e-001
 -1.7559757e-001
 -1.5893523e-001
 -1.4218697e-001
 -1.2813764e-001
 -1.1896767e-001
 -1.1570493e-001
 -1.1803855e-001
 -1.2453483e-001
 -1.3316337e-001
 -1.4194829e-001
 -1.4952997e-001
 -1.5546420e-001
 -1.6017902e-001
 -1.6462341e-001
 -1.6973998e-001
 -1.7594610e-001
 -1.8280009e-001
 -1.8896737e-001
 -1.9250544e-001
 -1.9138707e-001
 -1.8410911e-001
 -1.7020824e-001
 -1.5053373e-001
 -1.2719814e-001
 -1.0321946e-001
 -8.1953369e-002
 -6.6468010e-002
 -5.9020460e-002
 -6.0754385e-002
 -7.1666300e-002
 -9.0807197e-002
 -1.1662391e-001
 -1.4731848e-001
 -1.8112088e-001
 -2.1642045e-001
 -2.5176401e-001
 -2.8577992e-001
 -3.1710832e-001
 -3.4440318e-001
 -3.6643013e-001
 -3.8223398e-001
 -3.9131255e-001
 -3.9372464e-001
 -3.9008198e-001
 -3.8141825e-001
 -3.6897498e-001
 -3.5397424e-001
 -3.3745143e-001
 -3.2019558e-001
 -3.0280210e-001
 -2.8579933e-001
 -2.6978293e-001
 -2.5549058e-001
 -2.4377325e-001
 -2.3545970e-001
 -2.3115295e-001
 -2.3102582e-001
 -2.3468895e-001
 -2.4118450e-001
 -2.4912068e-001
 -2.5691676e-001
 -2.6309247e-001
 -2.6652024e-001
 -2.6657107e-001
 -2.6312150e-001
 -2.5643772e-001
 -2.4699571e-001
 -2.3531779e-001
 -2.2189364e-001
 -2.0721126e-001
 -1.9186536e-001
 -1.7666041e-001
 -1.6260949e-001
 -1.5076165e-001
 -1.4186530e-001
 -1.3596838e-001
 -1.3212808e-001
 -1.2841470e-001
 -1.2232556e-001
 -1.1158613e-001
 -9.5148135e-002
 -7.4062845e-002
 -5.1871165e-002
 -3.4245525e-002
 -2.7829980e-002
 -3.8495230e-002
 -6.9465282e-002
 -1.1988944e-001
 -1.8436920e-001
 -2.5370420e-001
 -3.1675977e-001
 -3.6299598e-001
 -3.8495881e-001
 -3.8001156e-001
 -3.5079927e-001
 -3.0432848e-001
 -2.4997925e-001
 -1.9709491e-001
 -1.5289910e-001
 -1.2133375e-001
 -1.0305538e-001
 -9.6405553e-002
 -9.8844198e-002
 -1.0822121e-001
 -1.2339630e-001
 -1.4403656e-001
 -1.6979046e-001
 -1.9930721e-001
 -2.2963430e-001
 -2.5636394e-001
 -2.7457888e-001
 -2.8030192e-001
 -2.7191925e-001
 -2.5102009e-001
 -2.2228569e-001
 -1.9239805e-001
 -1.6829369e-001
 -1.5532618e-001
 -1.5593321e-001
 -1.6921977e-001
 -1.9154190e-001
 -2.1783047e-001
 -2.4316259e-001
 -2.6404912e-001
 -2.7906414e-001
 -2.8871953e-001
 -2.9476943e-001
 -2.9930311e-001
 -3.0399572e-001
 -3.0974848e-001
 -3.1674088e-001
 -3.2473497e-001
 -3.3339430e-001
 -3.4242760e-001
 -3.5150501e-001
 -3.6004415e-001
 -3.6705039e-001
 -3.7117643e-001
 -3.7105236e-001
 -3.6578593e-001
 -3.5541846e-001
 -3.4110420e-001
 -3.2487553e-001
 -3.0902604e-001
 -2.9531679e-001
 -2.8431063e-001
 -2.7511783e-001
 -2.6569601e-001
 -2.5364122e-001
 -2.3721536e-001
 -2.1625252e-001
 -1.9261155e-001
 -1.6998500e-001
 -1.5307900e-001
 -1.4637681e-001
 -1.5282573e-001
 -1.7281358e-001
 -2.0372810e-001
 -2.4024912e-001
 -2.7534600e-001
 -3.0177888e-001
 -3.1376498e-001
 -3.0839993e-001
 -2.8644708e-001
 -2.5223659e-001
 -2.1263764e-001
 -1.7533202e-001
 -1.4684286e-001
 -1.3087664e-001
 -1.2746489e-001
 -1.3315459e-001
 -1.4216703e-001
 -1.4814239e-001
 -1.4592042e-001
 -1.3283534e-001
 -1.0920543e-001
 -7.7985694e-002
 -4.3812760e-002
 -1.1810015e-002
  1.3492039e-002
  2.8896616e-002
  3.2890470e-002
  2.5681558e-002
  9.0480610e-003
 -1.3914577e-002
 -3.9134930e-002
 -6.2032639e-002
 -7.8139731e-002
 -8.3836030e-002
 -7.7067463e-002
 -5.7856658e-002
 -2.8428805e-002
  7.1303465e-003
  4.3625623e-002
  7.5721542e-002
  9.8871277e-002
  1.0997438e-001
  1.0764094e-001
  9.2083239e-002
  6.4772768e-002
  2.8044978e-002
 -1.5206687e-002
 -6.1703985e-002
 -1.0788427e-001
 -1.5004409e-001
 -1.8462267e-001
 -2.0863660e-001
 -2.2016943e-001
 -2.1874505e-001
 -2.0541564e-001
 -1.8248197e-001
 -1.5290411e-001
 -1.1959499e-001
 -8.4854793e-002
 -5.0163323e-002
 -1.6407938e-002
  1.5563028e-002
  4.4328940e-002
  6.7550315e-002
  8.2127858e-002
  8.4910014e-002
  7.3751124e-002
  4.8536554e-002
  1.1744401e-002
 -3.1761658e-002
 -7.5751803e-002
 -1.1419982e-001
 -1.4290927e-001
 -1.6063955e-001
 -1.6931630e-001
 -1.7321362e-001
 -1.7735412e-001
 -1.8565590e-001
 -1.9945845e-001
 -2.1694000e-001
 -2.3363966e-001
 -2.4392472e-001
 -2.4292644e-001
 -2.2831441e-001
 -2.0133383e-001
 -1.6676742e-001
 -1.3181762e-001
 -1.0423256e-001
 -9.0221118e-002
 -9.2763313e-002
 -1.1080927e-001
 -1.3960736e-001
 -1.7207904e-001
 -2.0085013e-001
 -2.2034422e-001
 -2.2830863e-001
 -2.2629884e-001
 -2.1895892e-001
 -2.1231456e-001
 -2.1161914e-001
 -2.1945103e-001
 -2.3468943e-001
 -2.5271165e-001
 -2.6675234e-001
 -2.6998287e-001
 -2.5764198e-001
 -2.2855253e-001
 -1.8558514e-001
 -1.3498678e-001
 -8.4847349e-002
 -4.3207617e-002
 -1.6352015e-002
 -7.6932715e-003
 -1.7419281e-002
 -4.2837508e-002
 -7.9199111e-002
 -1.2074261e-001
 -1.6174073e-001
 -1.9740851e-001
 -2.2458654e-001
 -2.4213108e-001
 -2.5094436e-001
 -2.5360056e-001
 -2.5359553e-001
 -2.5436261e-001
 -2.5830785e-001
 -2.6616185e-001
 -2.7687703e-001
 -2.8812238e-001
 -2.9720238e-001
 -3.0204896e-001
 -3.0189138e-001
 -2.9733387e-001
 -2.8982208e-001
 -2.8075269e-001
 -2.7065125e-001
 -2.5882780e-001
 -2.4371258e-001
 -2.2376299e-001
 -1.9855217e-001
 -1.6953057e-001
 -1.4005508e-001
 -1.1456991e-001
 -9.7181378e-002
 -9.0143810e-002
 -9.2848857e-002
 -1.0174890e-001
 -1.1130806e-001
 -1.1569157e-001
 -1.1062475e-001
 -9.4781841e-002
 -7.0229995e-002
 -4.1789502e-002
 -1.5551168e-002
  2.9253574e-003
  1.0124689e-002
  5.3321268e-003
 -9.5329624e-003
 -3.0830783e-002
 -5.4436954e-002
 -7.6813919e-002
 -9.5571364e-002
 -1.0944154e-001
 -1.1787487e-001
 -1.2062019e-001
 -1.1761900e-001
 -1.0933080e-001
 -9.7318291e-002
 -8.4702922e-002
 -7.6071698e-002
 -7.6613715e-002
 -9.0616203e-002
 -1.1980144e-001
 -1.6216754e-001
 -2.1190184e-001
 -2.6057763e-001
 -2.9935568e-001
 -3.2149209e-001
 -3.2428415e-001
 -3.0975079e-001
 -2.8378794e-001
 -2.5409140e-001
 -2.2758337e-001
 -2.0824166e-001
 -1.9605724e-001
 -1.8741437e-001
 -1.7667528e-001
 -1.5835535e-001
 -1.2912933e-001
 -8.9040592e-002
 -4.1609155e-002
  7.0935530e-003
  5.0050213e-002
  8.1105837e-002
  9.6530104e-002
  9.6006300e-002
  8.2862335e-002
  6.3486591e-002
  4.5988223e-002
  3.8295178e-002
  4.6042682e-002
  7.0753904e-002
  1.0887507e-001
  1.5211862e-001
  1.8926036e-001
  2.0908970e-001
  2.0376822e-001
  1.7159142e-001
  1.1820460e-001
  5.5724981e-002
 -1.4184795e-004
 -3.4241992e-002
 -3.6171064e-002
 -3.2613251e-003
  5.8563485e-002
  1.3633647e-001
  2.1353338e-001
  2.7445254e-001
  3.0820874e-001
  3.1122827e-001
  2.8762756e-001
  2.4750875e-001
  2.0379948e-001
  1.6862770e-001
  1.5026690e-001
  1.5143071e-001
  1.6924354e-001
  1.9671438e-001
  2.2514169e-001
  2.4667715e-001
  2.5631230e-001
  2.5278949e-001
  2.3829716e-001
  2.1717635e-001
  1.9413867e-001
  1.7259986e-001
  1.5364765e-001
  1.3592275e-001
  1.1638042e-001
  9.1620485e-002
  5.9312049e-002
  1.9241049e-002
 -2.6341617e-002
 -7.3156447e-002
 -1.1596107e-001
 -1.4991939e-001
 -1.7188549e-001
 -1.8125977e-001
 -1.8019833e-001
 -1.7312007e-001
 -1.6562020e-001
 -1.6303936e-001
 -1.6903057e-001
 -1.8449179e-001
 -2.0717293e-001
 -2.3211642e-001
 -2.5287414e-001
 -2.6321162e-001
 -2.5883793e-001
 -2.3865539e-001
 -2.0514054e-001
 -1.6372319e-001
 -1.2134638e-001
 -8.4655609e-002
 -5.8386218e-002
 -4.4442946e-002
 -4.1921396e-002
 -4.7992954e-002
 -5.9281477e-002
 -7.3206752e-002
 -8.8808699e-002
 -1.0677892e-001
 -1.2872992e-001
 -1.5601401e-001
 -1.8856159e-001
 -2.2419009e-001
 -2.5865552e-001
 -2.8645210e-001
 -3.0211169e-001
 -3.0160144e-001
 -2.8340636e-001
 -2.4900247e-001
 -2.0261847e-001
 -1.5038240e-001
 -9.9095598e-002
 -5.4941671e-002
 -2.2421623e-002
 -3.7253635e-003
  1.3701400e-003
 -4.8825925e-003
 -1.8914478e-002
 -3.6658052e-002
 -5.4246654e-002
 -6.8443592e-002
 -7.6774537e-002
 -7.7464839e-002
 -6.9359144e-002
 -5.1983926e-002
 -2.5804190e-002
  7.4299935e-003
  4.4475638e-002
  8.0776220e-002
  1.1116148e-001
  1.3098341e-001
  1.3737395e-001
  1.3017728e-001
  1.1215355e-001
  8.8278782e-002
  6.4300610e-002
  4.5017567e-002
  3.2894870e-002
  2.7536528e-002
  2.6222713e-002
  2.5309047e-002
  2.1935068e-002
  1.5349222e-002
  7.2922885e-003
  1.2450250e-003
  8.0013150e-004
  7.7851695e-003
  2.0895655e-002
  3.5439234e-002
  4.4397013e-002
  4.0521025e-002
  1.8786791e-002
 -2.1645130e-002
 -7.6671487e-002
 -1.3801716e-001
 -1.9534861e-001
 -2.3908821e-001
 -2.6304341e-001
 -2.6601823e-001
 -2.5190830e-001
 -2.2828029e-001
 -2.0393145e-001
 -1.8624531e-001
 -1.7919769e-001
 -1.8261590e-001
 -1.9284611e-001
 -2.0450127e-001
 -2.1261147e-001
 -2.1439992e-001
 -2.1008342e-001
 -2.0247516e-001
 -1.9560828e-001
 -1.9294286e-001
 -1.9584897e-001
 -2.0293407e-001
 -2.1045713e-001
 -2.1366343e-001
 -2.0853434e-001
 -1.9329550e-001
 -1.6911931e-001
 -1.3975857e-001
 -1.1024596e-001
 -8.5142121e-002
 -6.6984336e-002
 -5.5515078e-002
 -4.7980904e-002
 -4.0395151e-002
 -2.9298484e-002
 -1.3362484e-002
  5.7688800e-003
  2.3734904e-002
  3.4754320e-002
  3.3531882e-002
  1.7121933e-002
 -1.3900963e-002
 -5.5385800e-002
 -1.0071099e-001
 -1.4270777e-001
 -1.7577785e-001
 -1.9750981e-001
 -2.0925687e-001
 -2.1547601e-001
 -2.2203409e-001
 -2.3402912e-001
 -2.5384129e-001
 -2.8006391e-001
 -3.0768637e-001
 -3.2949868e-001
 -3.3828770e-001
 -3.2913022e-001
 -3.0104538e-001
 -2.5746706e-001
 -2.0537386e-001
 -1.5334794e-001
 -1.0918077e-001
 -7.7786306e-002
 -6.0072143e-002
 -5.3092780e-002
 -5.1378453e-002
 -4.8946779e-002
 -4.1295953e-002
 -2.6718394e-002
 -6.5439890e-003
  1.5679371e-002
  3.5681597e-002
  5.0037025e-002
  5.7214286e-002
  5.7762789e-002
  5.3653251e-002
  4.7130359e-002
  3.9618282e-002
  3.1174766e-002
  2.0738349e-002
  7.0607000e-003
 -1.0094206e-002
 -2.9041803e-002
 -4.6025966e-002
 -5.6000543e-002
 -5.4139705e-002
 -3.7557431e-002
 -6.5937275e-003
  3.4846351e-002
  8.0077632e-002
  1.2130249e-001
  1.5158850e-001
  1.6647492e-001
  1.6468993e-001
  1.4782916e-001
  1.1926590e-001
  8.2851607e-002
  4.1997404e-002
 -5.1405300e-004
 -4.2039846e-002
 -7.9343115e-002
 -1.0821505e-001
 -1.2391814e-001
 -1.2252002e-001
 -1.0269851e-001
 -6.7244586e-002
 -2.3452993e-002
  1.8072451e-002
  4.6069378e-002
  5.1961647e-002
  3.2745651e-002
 -7.6941740e-003
 -5.9458609e-002
 -1.0953164e-001
 -1.4576776e-001
 -1.6058384e-001
 -1.5304099e-001
 -1.2858357e-001
 -9.6581008e-002
 -6.6649751e-002
 -4.5183744e-002
 -3.3411172e-002
 -2.7663780e-002
 -2.1650490e-002
 -9.7293790e-003
  1.0207439e-002
  3.5436720e-002
  5.9229464e-002
  7.3461796e-002
  7.1949579e-002
  5.3152259e-002
  2.1140207e-002
 -1.5597330e-002
 -4.7081224e-002
 -6.5407700e-002
 -6.7595869e-002
 -5.6628376e-002
 -4.0274220e-002
 -2.8116722e-002
 -2.7885537e-002
 -4.2456180e-002
 -6.8636295e-002
 -9.8196654e-002
 -1.2077453e-001
 -1.2758791e-001
 -1.1460654e-001
 -8.4035559e-002
 -4.3595380e-002
 -3.8877055e-003
  2.5180204e-002
  3.7632024e-002
  3.3205332e-002
  1.7129797e-002
 -1.9157915e-003
 -1.4855841e-002
 -1.5169962e-002
 -7.5489300e-004
  2.5829815e-002
  5.8646949e-002
  9.0587924e-002
  1.1563625e-001
  1.3040720e-001
  1.3453932e-001
  1.2998599e-001
  1.1965742e-001
  1.0605242e-001
  9.0444502e-002
  7.2898526e-002
  5.3020391e-002
  3.1033243e-002
  8.6456055e-003
 -1.0728225e-002
 -2.2563984e-002
 -2.2472052e-002
 -7.6559870e-003
  2.1947451e-002
  6.3273688e-002
  1.1064516e-001
  1.5704230e-001
  1.9572425e-001
  2.2169238e-001
  2.3256842e-001
  2.2867913e-001
  2.1241269e-001
  1.8714060e-001
  1.5610942e-001
  1.2167019e-001
  8.5059267e-002
  4.6732179e-002
  7.0594810e-003
 -3.2921483e-002
 -7.1013436e-002
 -1.0384749e-001
 -1.2741772e-001
 -1.3804926e-001
 -1.3353787e-001
 -1.1411770e-001
 -8.2924313e-002
 -4.5729392e-002
 -9.9114525e-003
  1.7146685e-002
  2.9842227e-002
  2.5818537e-002
  6.6481405e-003
 -2.2541835e-002
 -5.4471023e-002
 -8.1772007e-002
 -9.9113627e-002
 -1.0470912e-001
 -1.0069549e-001
 -9.2217172e-002
 -8.5476784e-002
 -8.5383832e-002
 -9.3604720e-002
 -1.0772173e-001
 -1.2185987e-001
 -1.2864673e-001
 -1.2189388e-001
 -9.9098293e-002
 -6.2869309e-002
 -2.0706822e-002
  1.6905622e-002
  3.9548690e-002
  4.0090675e-002
  1.7014002e-002
 -2.4968072e-002
 -7.6267009e-002
 -1.2534951e-001
 -1.6230405e-001
 -1.8187286e-001
 -1.8494464e-001
 -1.7801344e-001
 -1.7079111e-001
 -1.7277771e-001
 -1.8993515e-001
 -2.2256080e-001
 -2.6504330e-001
 -3.0755104e-001
 -3.3907405e-001
 -3.5082068e-001
 -3.3889083e-001
 -3.0541644e-001
 -2.5787258e-001
 -2.0684022e-001
 -1.6295973e-001
 -1.3401690e-001
 -1.2300739e-001
 -1.2768280e-001
 -1.4161386e-001
 -1.5636472e-001
 -1.6408309e-001
 -1.5974633e-001
 -1.4245994e-001
 -1.1551567e-001
 -8.5278411e-002
 -5.9277675e-002
 -4.4055060e-002
 -4.3333290e-002
 -5.6944181e-002
 -8.0734622e-002
 -1.0742739e-001
 -1.2820569e-001
 -1.3465459e-001
 -1.2064198e-001
 -8.3750583e-002
 -2.5964441e-002
  4.6548805e-002
  1.2455251e-001
  1.9756736e-001
  2.5606008e-001
  2.9352782e-001
  3.0797997e-001
  3.0240407e-001
  2.8401065e-001
  2.6235163e-001
  2.4672796e-001
  2.4354917e-001
  2.5439204e-001
  2.7537514e-001
  2.9813234e-001
  3.1221358e-001
  3.0829511e-001
  2.8128704e-001
  2.3239095e-001
  1.6941497e-001
  1.0513907e-001
  5.4100455e-002
  2.8660958e-002
  3.5469631e-002
  7.3356022e-002
  1.3329879e-001
  2.0052375e-001
  2.5817180e-001
  2.9152654e-001
  2.9163730e-001
  2.5736096e-001
  1.9531399e-001
  1.1783184e-001
  3.9593259e-002
 -2.6084105e-002
 -7.0232033e-002
 -8.9735491e-002
 -8.7079422e-002
 -6.8621049e-002
 -4.2103081e-002
 -1.4296766e-002
  1.0474019e-002
  3.0566711e-002
  4.6147858e-002
  5.7766774e-002
  6.5107075e-002
  6.6525583e-002
  5.9615313e-002
  4.2557703e-002
  1.5651906e-002
 -1.7717319e-002
 -5.1229677e-002
 -7.7029965e-002
 -8.8009246e-002
 -8.0211579e-002
 -5.4495556e-002
 -1.6783980e-002
  2.3309635e-002
  5.5141185e-002
  7.0195464e-002
  6.4758794e-002
  4.1238655e-002
  7.6655915e-003
 -2.4531967e-002
 -4.3853393e-002
 -4.2175229e-002
 -1.7290389e-002
  2.6240497e-002
  7.8208456e-002
  1.2554216e-001
  1.5595408e-001
  1.6137648e-001
  1.4017653e-001
  9.7508377e-002
  4.3726279e-002
 -8.6291650e-003
 -4.8335710e-002
 -6.8422835e-002
 -6.7679951e-002
 -5.0357124e-002
 -2.4253690e-002
  2.1137810e-003
  2.2314721e-002
  3.3884211e-002
  3.8722521e-002
  4.1961405e-002
  4.9745689e-002
  6.6718888e-002
  9.4076982e-002
  1.2884827e-001
  1.6464113e-001
  1.9361173e-001
  2.0899833e-001
  2.0737819e-001
  1.8988942e-001
  1.6199742e-001
  1.3186378e-001
  1.0783883e-001
  9.5891910e-002
  9.7816568e-002
  1.1079183e-001
  1.2843094e-001
  1.4295780e-001
  1.4778488e-001
  1.3964751e-001
  1.1961391e-001
  9.2676689e-002
  6.6102637e-002
  4.7113677e-002
  4.0661720e-002
  4.7991996e-002
  6.6399638e-002
  9.0183078e-002
  1.1242537e-001
  1.2700976e-001
  1.3025833e-001
  1.2175520e-001
  1.0420371e-001
  8.2462586e-002
  6.2119258e-002
  4.8035436e-002
  4.3242399e-002
  4.8412044e-002
  6.1946413e-002
  8.0569186e-002
  1.0020226e-001
  1.1687989e-001
  1.2748315e-001
  1.3015112e-001
  1.2432300e-001
  1.1046654e-001
  8.9631355e-002
  6.3008440e-002
  3.1662160e-002
 -3.4733850e-003
 -4.1356970e-002
 -8.0500242e-002
 -1.1873122e-001
 -1.5325181e-001
 -1.8107560e-001
 -1.9977264e-001
 -2.0829317e-001
 -2.0756111e-001
 -2.0056131e-001
 -1.9179486e-001
 -1.8619259e-001
 -1.8778264e-001
 -1.9852080e-001
 -2.1766693e-001
 -2.4192929e-001
 -2.6635750e-001
 -2.8572684e-001
 -2.9600540e-001
 -2.9547707e-001
 -2.8520799e-001
 -2.6874623e-001
 -2.5116437e-001
 -2.3772446e-001
 -2.3252438e-001
 -2.3746138e-001
 -2.5174664e-001
 -2.7206038e-001
 -2.9329049e-001
 -3.0967912e-001
 -3.1612735e-001
 -3.0938429e-001
 -2.8887009e-001
 -2.5695014e-001
 -2.1858079e-001
 -1.8037223e-001
 -1.4924220e-001
 -1.3093618e-001
 -1.2874010e-001
 -1.4268972e-001
 -1.6948556e-001
 -2.0316850e-001
 -2.3643348e-001
 -2.6229883e-001
 -2.7574625e-001
 -2.7493292e-001
 -2.6166017e-001
 -2.4095310e-001
 -2.1982487e-001
 -2.0551518e-001
 -2.0364615e-001
 -2.1677969e-001
 -2.4376681e-001
 -2.8006884e-001
 -3.1895806e-001
 -3.5325315e-001
 -3.7709287e-001
 -3.8725086e-001
 -3.8364824e-001
 -3.6897680e-001
 -3.4762083e-001
 -3.2426621e-001
 -3.0264893e-001
 -2.8480672e-001
 -2.7099604e-001
 -2.6019698e-001
 -2.5093725e-001
 -2.4208484e-001
 -2.3330931e-001
 -2.2506841e-001
 -2.1817575e-001
 -2.1317397e-001
 -2.0981168e-001
 -2.0687743e-001
 -2.0249639e-001
 -1.9480218e-001
 -1.8273205e-001
 -1.6662288e-001
 -1.4834104e-001
 -1.3084434e-001
 -1.1729092e-001
 -1.0999686e-001
 -1.0962611e-001
 -1.1493717e-001
 -1.2322207e-001
 -1.3132202e-001
 -1.3687857e-001
 -1.3936780e-001
 -1.4051351e-001
 -1.4387542e-001
 -1.5369253e-001
 -1.7333227e-001
 -2.0385397e-001
 -2.4318129e-001
 -2.8619356e-001
 -3.2575137e-001
 -3.5436990e-001
 -3.6604743e-001
 -3.5771670e-001
 -3.2992192e-001
 -2.8658149e-001
 -2.3398074e-001
 -1.7935045e-001
 -1.2945695e-001
 -8.9549289e-002
 -6.2826599e-002
 -5.0387725e-002
 -5.1490857e-002
 -6.3926733e-002
 -8.4386504e-002
 -1.0882502e-001
 -1.3290554e-001
 -1.5260684e-001
 -1.6497311e-001
 -1.6884174e-001
 -1.6527687e-001
 -1.5744290e-001
 -1.4979937e-001
 -1.4674511e-001
 -1.5109053e-001
 -1.6287808e-001
 -1.7902432e-001
 -1.9401488e-001
 -2.0152241e-001
 -1.9646854e-001
 -1.7685162e-001
 -1.4469910e-001
 -1.0577563e-001
 -6.8093002e-002
 -3.9677483e-002
 -2.6303093e-002
 -2.9905835e-002
 -4.8153286e-002
 -7.5249543e-002
 -1.0365367e-001
 -1.2612418e-001
 -1.3745822e-001
 -1.3546904e-001
 -1.2105393e-001
 -9.7518161e-002
 -6.9519618e-002
 -4.2024080e-002
 -1.9530258e-002
 -5.6200490e-003
 -2.7197465e-003
 -1.1902333e-002
 -3.2637572e-002
 -6.2553397e-002
 -9.7413525e-002
 -1.3154940e-001
 -1.5886578e-001
 -1.7430018e-001
 -1.7535516e-001
 -1.6316436e-001
 -1.4259531e-001
 -1.2115472e-001
 -1.0687075e-001
 -1.0573680e-001
 -1.1954600e-001
 -1.4490896e-001
 -1.7391219e-001
 -1.9633886e-001
 -2.0281992e-001
 -1.8791577e-001
 -1.5209333e-001
 -1.0189257e-001
 -4.8169615e-002
 -2.9568120e-003
  2.4037482e-002
  2.8134937e-002
  1.0715779e-002
 -2.1729883e-002
 -6.0139345e-002
 -9.6068289e-002
 -1.2439270e-001
 -1.4458235e-001
 -1.6014533e-001
 -1.7652031e-001
 -1.9826310e-001
 -2.2663038e-001
 -2.5851508e-001
 -2.8718689e-001
 -3.0461885e-001
 -3.0457899e-001
 -2.8535280e-001
 -2.5105652e-001
 -2.1097444e-001
 -1.7704366e-001
 -1.6027285e-001
 -1.6728117e-001
 -1.9813228e-001
 -2.4621445e-001
 -3.0022580e-001
 -3.4760656e-001
 -3.7827015e-001
 -3.8739712e-001
 -3.7639964e-001
 -3.5181646e-001
 -3.2262303e-001
 -2.9697937e-001
 -2.7959647e-001
 -2.7062907e-001
 -2.6640470e-001
 -2.6159942e-001
 -2.5193341e-001
 -2.3628355e-001
 -2.1735914e-001
 -2.0066691e-001
 -1.9217787e-001
 -1.9563894e-001
 -2.1063828e-001
 -2.3226421e-001
 -2.5258958e-001
 -2.6349397e-001
 -2.5978242e-001
 -2.4139198e-001
 -2.1377392e-001
 -1.8620061e-001
 -1.6852907e-001
 -1.6756011e-001
 -1.8432584e-001
 -2.1333406e-001
 -2.4410209e-001
 -2.6448261e-001
 -2.6463107e-001
 -2.4023353e-001
 -1.9388753e-001
 -1.3420083e-001
 -7.2985041e-002
 -2.1574940e-002
  1.2435355e-002
  2.6958051e-002
  2.5181517e-002
  1.3573924e-002
 -1.0466280e-003
 -1.4271981e-002
 -2.5725795e-002
 -3.9044809e-002
 -6.0323573e-002
 -9.5651021e-002
 -1.4863418e-001
 -2.1874603e-001
 -3.0100333e-001
 -3.8701750e-001
 -4.6703365e-001
 -5.3231359e-001
 -5.7718097e-001
 -6.0020644e-001
 -6.0428755e-001
 -5.9567357e-001
 -5.8222725e-001
 -5.7136244e-001
 -5.6814228e-001
 -5.7397715e-001
 -5.8623673e-001
 -5.9890036e-001
 -6.0413458e-001
 -5.9444770e-001
 -5.6488738e-001
 -5.1468385e-001
 -4.4784322e-001
 -3.7245870e-001
 -2.9887010e-001
 -2.3715424e-001
 -1.9465028e-001
 -1.7422878e-001
 -1.7378941e-001
 -1.8708833e-001
 -2.0558578e-001
 -2.2070925e-001
 -2.2584926e-001
 -2.1756054e-001
 -1.9575958e-001
 -1.6306126e-001
 -1.2364750e-001
 -8.2126828e-002
 -4.2722056e-002
 -8.8914579e-003
  1.6737597e-002
  3.2361593e-002
  3.7123528e-002
  3.1410319e-002
  1.7179254e-002
 -1.9512700e-003
 -2.1087835e-002
 -3.4997393e-002
 -3.9418156e-002
 -3.2357439e-002
 -1.4908989e-002
  8.7694870e-003
  3.2408338e-002
  4.9263366e-002
  5.3927934e-002
  4.3722211e-002
  1.9199971e-002
 -1.6368600e-002
 -5.8302026e-002
 -1.0207653e-001
 -1.4455314e-001
 -1.8441617e-001
 -2.2171230e-001
 -2.5675506e-001
 -2.8892252e-001
 -3.1591853e-001
 -3.3387597e-001
 -3.3833313e-001
 -3.2575179e-001
 -2.9501277e-001
 -2.4830972e-001
 -1.9106808e-001
 -1.3086102e-001
 -7.5647546e-002
 -3.1890846e-002
 -3.1477320e-003
  1.0451072e-002
  1.1718718e-002
  5.1497685e-003
 -4.6582095e-003
 -1.4361469e-002
 -2.2581290e-002
 -2.9798615e-002
 -3.7560650e-002
 -4.7367264e-002
 -5.9701739e-002
 -7.3593332e-002
 -8.6880128e-002
 -9.7061524e-002
 -1.0239535e-001
 -1.0279199e-001
 -1.0012661e-001
 -9.7805637e-002
 -9.9705134e-002
 -1.0884190e-001
 -1.2625144e-001
 -1.5048739e-001
 -1.7794596e-001
 -2.0393096e-001
 -2.2411453e-001
 -2.3590771e-001
 -2.3928083e-001
 -2.3675927e-001
 -2.3259723e-001
 -2.3140733e-001
 -2.3670358e-001
 -2.4983971e-001
 -2.6968799e-001
 -2.9315461e-001
 -3.1634768e-001
 -3.3599994e-001
 -3.5066559e-001
 -3.6128742e-001
 -3.7093734e-001
 -3.8380363e-001
 -4.0374392e-001
 -4.3286865e-001
 -4.7061968e-001
 -5.1366360e-001
 -5.5667375e-001
 -5.9379890e-001
 -6.2039450e-001
 -6.3448771e-001
 -6.3749840e-001
 -6.3393577e-001
 -6.3008577e-001
 -6.3201870e-001
 -6.4348644e-001
 -6.6436575e-001
 -6.9019677e-001
 -7.1307684e-001
 -7.2376938e-001
 -7.1449254e-001
 -6.8158717e-001
 -6.2722971e-001
 -5.5958401e-001
 -4.9122569e-001
 -4.3619337e-001
 -4.0645725e-001
 -4.0879861e-001
 -4.4298881e-001
 -5.0177478e-001
 -5.7264358e-001
 -6.4082902e-001
 -6.9270217e-001
 -7.1864400e-001
 -7.1472564e-001
 -6.8291826e-001
 -6.2997911e-001
 -5.6547826e-001
 -4.9956511e-001
 -4.4102153e-001
 -3.9596385e-001
 -3.6732324e-001
 -3.5502918e-001
 -3.5668794e-001
 -3.6849983e-001
 -3.8617797e-001
 -4.0569317e-001
 -4.2375083e-001
 -4.3798724e-001
 -4.4694188e-001
 -4.4990633e-001
 -4.4675949e-001
 -4.3786978e-001
 -4.2408715e-001
 -4.0678262e-001
 -3.8784912e-001
 -3.6957750e-001
 -3.5436956e-001
 -3.4432736e-001
 -3.4082954e-001
 -3.4423499e-001
 -3.5382423e-001
 -3.6800847e-001
 -3.8474131e-001
 -4.0200032e-001
 -4.1819487e-001
 -4.3240358e-001
 -4.4442311e-001
 -4.5467649e-001
 -4.6405453e-001
 -4.7374026e-001
 -4.8501848e-001
 -4.9903798e-001
 -5.1650463e-001
 -5.3734079e-001
 -5.6042149e-001
 -5.8354147e-001
 -6.0373729e-001
 -6.1797682e-001
 -6.2406925e-001
 -6.2150949e-001
 -6.1192373e-001
 -5.9886939e-001
 -5.8694863e-001
 -5.8045086e-001
 -5.8194619e-001
 -5.9131907e-001
 -6.0561717e-001
 -6.1982713e-001
 -6.2836617e-001
 -6.2681927e-001
 -6.1335355e-001
 -5.8934665e-001
 -5.5903444e-001
 -5.2831552e-001
 -5.0312201e-001
 -4.8788171e-001
 -4.8452217e-001
 -4.9224495e-001
 -5.0802403e-001
 -5.2756184e-001
 -5.4634702e-001
 -5.6051226e-001
 -5.6734310e-001
 -5.6545642e-001
 -5.5477469e-001
 -5.3642908e-001
 -5.1264834e-001
 -4.8658810e-001
 -4.6199671e-001
 -4.4264236e-001
 -4.3153811e-001
 -4.3014327e-001
 -4.3781479e-001
 -4.5176781e-001
 -4.6766531e-001
 -4.8073769e-001
 -4.8712027e-001
 -4.8498610e-001
 -4.7509594e-001
 -4.6058071e-001
 -4.4603933e-001
 -4.3627140e-001
 -4.3507558e-001
 -4.4448793e-001
 -4.6463890e-001
 -4.9415939e-001
 -5.3086766e-001
 -5.7240242e-001
 -6.1654936e-001
 -6.6119657e-001
 -7.0405558e-001
 -7.4240916e-001
 -7.7313705e-001
 -7.9313364e-001
 -8.0003121e-001
 -7.9297010e-001
 -7.7309395e-001
 -7.4352369e-001
 -7.0874996e-001
 -6.7360162e-001
 -6.4211085e-001
 -6.1663598e-001
 -5.9751294e-001
 -5.8332123e-001
 -5.7164476e-001
 -5.6005496e-001
 -5.4699035e-001
 -5.3226129e-001
 -5.1704479e-001
 -5.0340113e-001
 -4.9349062e-001
 -4.8875503e-001
 -4.8933233e-001
 -4.9389839e-001
 -4.9999687e-001
 -5.0476477e-001
 -5.0583144e-001
 -5.0210274e-001
 -4.9416574e-001
 -4.8416051e-001
 -4.7513635e-001
 -4.7008376e-001
 -4.7095369e-001
 -4.7799386e-001
 -4.8963787e-001
 -5.0300143e-001
 -5.1483397e-001
 -5.2261251e-001
 -5.2540755e-001
 -5.2422008e-001
 -5.2166252e-001
 -5.2107697e-001
 -5.2537473e-001
 -5.3597808e-001
 -5.5221369e-001
 -5.7136042e-001
 -5.8933958e-001
 -6.0182790e-001
 -6.0543954e-001
 -5.9860702e-001
 -5.8189669e-001
 -5.5768345e-001
 -5.2931983e-001
 -5.0009555e-001
 -4.7234177e-001
 -4.4697411e-001
 -4.2361026e-001
 -4.0119808e-001
 -3.7891532e-001
 -3.5700889e-001
 -3.3725928e-001
 -3.2287336e-001
 -3.1779018e-001
 -3.2557032e-001
 -3.4817787e-001
 -3.8501595e-001
 -4.3252635e-001
 -4.8452509e-001
 -5.3325163e-001
 -5.7091110e-001
 -5.9134141e-001
 -5.9138383e-001
 -5.7159881e-001
 -5.3613450e-001
 -4.9177883e-001
 -4.4644241e-001
 -4.0746214e-001
 -3.8014497e-001
 -3.6688035e-001
 -3.6697659e-001
 -3.7717762e-001
 -3.9265699e-001
 -4.0820605e-001
 -4.1934253e-001
 -4.2314098e-001
 -4.1868783e-001
 -4.0715223e-001
 -3.9151935e-001
 -3.7605583e-001
 -3.6558450e-001
 -3.6465468e-001
 -3.7671433e-001
 -4.0341234e-001
 -4.4416744e-001
 -4.9611624e-001
 -5.5449235e-001
 -6.1339901e-001
 -6.6684364e-001
 -7.0982744e-001
 -7.3925226e-001
 -7.5442999e-001
 -7.5705736e-001
 -7.5063998e-001
 -7.3948758e-001
 -7.2752814e-001
 -7.1726216e-001
 -7.0917018e-001
 -7.0178205e-001
 -6.9243042e-001
 -6.7849001e-001
 -6.5871850e-001
 -6.3423423e-001
 -6.0873716e-001
 -5.8779726e-001
 -5.7734334e-001
 -5.8178179e-001
 -6.0235465e-001
 -6.3632790e-001
 -6.7737380e-001
 -7.1713249e-001
 -7.4753293e-001
 -7.6315949e-001
 -7.6288450e-001
 -7.5018700e-001
 -7.3199220e-001
 -7.1636313e-001
 -7.0978188e-001
 -7.1492691e-001
 -7.2971250e-001
 -7.4794405e-001
 -7.6139638e-001
 -7.6263048e-001
 -7.4760229e-001
 -7.1718186e-001
 -6.7707067e-001
 -6.3615095e-001
 -6.0382891e-001
 -5.8725933e-001
 -5.8935114e-001
 -6.0815646e-001
 -6.3775585e-001
 -6.7025137e-001
 -6.9814525e-001
 -7.1632270e-001
 -7.2307185e-001
 -7.1996025e-001
 -7.1078742e-001
 -7.0010080e-001
 -6.9181695e-001
 -6.8834434e-001
 -6.9034571e-001
 -6.9702566e-001
 -7.0668036e-001
 -7.1723872e-001
 -7.2663107e-001
 -7.3296971e-001
 -7.3463899e-001
 -7.3041918e-001
 -7.1970672e-001
 -7.0278386e-001
 -6.8099766e-001
 -6.5668432e-001
 -6.3274501e-001
 -6.1191982e-001
 -5.9595948e-001
 -5.8498995e-001
 -5.7734964e-001
 -5.7004169e-001
 -5.5972684e-001
 -5.4396411e-001
 -5.2227554e-001
 -4.9662943e-001
 -4.7110924e-001
 -4.5081096e-001
 -4.4029102e-001
 -4.4206822e-001
 -4.5569273e-001
 -4.7772405e-001
 -5.0266197e-001
 -5.2455305e-001
 -5.3876150e-001
 -5.4333131e-001
 -5.3949702e-001
 -5.3118139e-001
 -5.2365224e-001
 -5.2178477e-001
 -5.2849748e-001
 -5.4385967e-001
 -5.6513526e-001
 -5.8771321e-001
 -6.0658858e-001
 -6.1789712e-001
 -6.2001692e-001
 -6.1392129e-001
 -6.0272696e-001
 -5.9063816e-001
 -5.8165396e-001
 -5.7843862e-001
 -5.8166034e-001
 -5.8992999e-001
 -6.0028737e-001
 -6.0904574e-001
 -6.1274601e-001
 -6.0898697e-001
 -5.9696204e-001
 -5.7761533e-001
 -5.5340759e-001
 -5.2774952e-001
 -5.0421699e-001
 -4.8571047e-001
 -4.7375102e-001
 -4.6810104e-001
 -4.6684226e-001
 -4.6693659e-001
 -4.6515615e-001
 -4.5914056e-001
 -4.4826844e-001
 -4.3405275e-001
 -4.1988984e-001
 -4.1018099e-001
 -4.0904628e-001
 -4.1899802e-001
 -4.3998374e-001
 -4.6912596e-001
 -5.0129503e-001
 -5.3040515e-001
 -5.5109387e-001
 -5.6030437e-001
 -5.5828794e-001
 -5.4869001e-001
 -5.3764379e-001
 -5.3209482e-001
 -5.3782570e-001
 -5.5776115e-001
 -5.9106565e-001
 -6.3331298e-001
 -6.7767801e-001
 -7.1678212e-001
 -7.4462041e-001
 -7.5798236e-001
 -7.5695488e-001
 -7.4440779e-001
 -7.2469778e-001
 -7.0207173e-001
 -6.7932086e-001
 -6.5711641e-001
 -6.3419704e-001
 -6.0827719e-001
 -5.7731278e-001
 -5.4066846e-001
 -4.9979769e-001
 -4.5823320e-001
 -4.2091225e-001
 -3.9305552e-001
 -3.7892263e-001
 -3.8077372e-001
 -3.9829088e-001
 -4.2859407e-001
 -4.6685292e-001
 -5.0737037e-001
 -5.4490573e-001
 -5.7592776e-001
 -5.9946254e-001
 -6.1725469e-001
 -6.3310603e-001
 -6.5148117e-001
 -6.7571615e-001
 -7.0635370e-001
 -7.4017039e-001
 -7.7031559e-001
 -7.8766858e-001
 -7.8313064e-001
 -7.5023506e-001
 -6.8730390e-001
 -5.9847443e-001
 -4.9324117e-001
 -3.8460592e-001
 -2.8634856e-001
 -2.1017927e-001
 -1.6353092e-001
 -1.4850762e-001
 -1.6212102e-001
 -1.9756347e-001
 -2.4601772e-001
 -2.9845870e-001
 -3.4704554e-001
 -3.8594571e-001
 -4.1165933e-001
 -4.2302703e-001
 -4.2108145e-001
 -4.0878470e-001
 -3.9057318e-001
 -3.7159669e-001
 -3.5663188e-001
 -3.4883734e-001
 -3.4870567e-001
 -3.5364416e-001
 -3.5850474e-001
 -3.5709130e-001
 -3.4429246e-001
 -3.1817255e-001
 -2.8125186e-001
 -2.4039668e-001
 -2.0518395e-001
 -1.8515790e-001
 -1.8684755e-001
 -2.1157717e-001
 -2.5488753e-001
 -3.0784896e-001
 -3.5987416e-001
 -4.0207742e-001
 -4.2999800e-001
 -4.4470729e-001
 -4.5189066e-001
 -4.5923079e-001
 -4.7304857e-001
 -4.9544306e-001
 -5.2300645e-001
 -5.4762990e-001
 -5.5916807e-001
 -5.4906468e-001
 -5.1369424e-001
 -4.5626377e-001
 -3.8659907e-001
 -3.1883668e-001
 -2.6771345e-001
 -2.4457213e-001
 -2.5426163e-001
 -2.9380960e-001
 -3.5320065e-001
 -4.1798704e-001
 -4.7296880e-001
 -5.0593356e-001
 -5.1048529e-001
 -4.8728090e-001
 -4.4343794e-001
 -3.9035438e-001
 -3.4057580e-001
 -3.0456223e-001
 -2.8819971e-001
 -2.9167366e-001
 -3.0993080e-001
 -3.3451061e-001
 -3.5615134e-001
 -3.6738321e-001
 -3.6437029e-001
 -3.4753583e-001
 -3.2090834e-001
 -2.9052051e-001
 -2.6244896e-001
 -2.4112427e-001
 -2.2837257e-001
 -2.2335363e-001
 -2.2325196e-001
 -2.2436802e-001
 -2.2320290e-001
 -2.1722590e-001
 -2.0519775e-001
 -1.8710602e-001
 -1.6388306e-001
 -1.3708889e-001
 -1.0866917e-001
 -8.0793993e-002
 -5.5706485e-002
 -3.5498834e-002
 -2.1790680e-002
 -1.5375740e-002
 -1.5975862e-002
 -2.2250730e-002
 -3.2139901e-002
 -4.3482071e-002
 -5.4718239e-002
 -6.5404731e-002
 -7.6287786e-002
 -8.8832813e-002
 -1.0431818e-001
 -1.2281507e-001
 -1.4248821e-001
 -1.5960001e-001
 -1.6937443e-001
 -1.6754332e-001
 -1.5208002e-001
 -1.2446111e-001
 -8.9879322e-002
 -5.6161061e-002
 -3.1615932e-002
 -2.2485748e-002
 -3.0882834e-002
 -5.4000806e-002
 -8.4959474e-002
 -1.1505382e-001
 -1.3663906e-001
 -1.4561551e-001
 -1.4259669e-001
 -1.3232168e-001
 -1.2153207e-001
 -1.1612329e-001
 -1.1866609e-001
 -1.2725885e-001
 -1.3616066e-001
 -1.3796464e-001
 -1.2646945e-001
 -9.9133966e-002
 -5.8163486e-002
 -9.8144270e-003
  3.7797505e-002
  7.7520959e-002
  1.0552993e-001
  1.2233638e-001
  1.3212623e-001
  1.4076424e-001
  1.5332849e-001
  1.7218396e-001
  1.9633829e-001
  2.2226296e-001
  2.4575242e-001
  2.6398533e-001
  2.7690919e-001
  2.8739142e-001
  3.0011745e-001
  3.1973442e-001
  3.4902468e-001
  3.8784102e-001
  4.3318697e-001
  4.8034332e-001
  5.2453033e-001
  5.6241876e-001
  5.9291550e-001
  6.1698387e-001
  6.3666528e-001
  6.5377769e-001
  6.6886344e-001
  6.8082066e-001
