 -2.8365504e-001
 -3.2121155e-001
 -3.5773049e-001
 -3.8835197e-001
 -4.0950142e-001
 -4.1970268e-001
 -4.1980088e-001
 -4.1257150e-001
 -4.0186338e-001
 -3.9154535e-001
 -3.8456333e-001
 -3.8236026e-001
 -3.8478512e-001
 -3.9045982e-001
 -3.9743759e-001
 -4.0391467e-001
 -4.0877014e-001
 -4.1179540e-001
 -4.1359784e-001
 -4.1527404e-001
 -4.1800627e-001
 -4.2272630e-001
 -4.2992788e-001
 -4.3962866e-001
 -4.5142344e-001
 -4.6455660e-001
 -4.7797238e-001
 -4.9035223e-001
 -5.0018890e-001
 -5.0595093e-001
 -5.0635652e-001
 -5.0071657e-001
 -4.8925200e-001
 -4.7326702e-001
 -4.5508073e-001
 -4.3768160e-001
 -4.2415328e-001
 -4.1699845e-001
 -4.1753574e-001
 -4.2554411e-001
 -4.3927661e-001
 -4.5587128e-001
 -4.7207385e-001
 -4.8508777e-001
 -4.9331268e-001
 -4.9674699e-001
 -4.9691534e-001
 -4.9631992e-001
 -4.9756499e-001
 -5.0241719e-001
 -5.1109991e-001
 -5.2205919e-001
 -5.3229541e-001
 -5.3817472e-001
 -5.3647524e-001
 -5.2534254e-001
 -5.0485537e-001
 -4.7702981e-001
 -4.4527460e-001
 -4.1348867e-001
 -3.8510226e-001
 -3.6236555e-001
 -3.4608706e-001
 -3.3585245e-001
 -3.3058044e-001
 -3.2915745e-001
 -3.3088050e-001
 -3.3553182e-001
 -3.4307232e-001
 -3.5311123e-001
 -3.6441808e-001
 -3.7474560e-001
 -3.8112279e-001
 -3.8059093e-001
 -3.7116419e-001
 -3.5267121e-001
 -3.2713349e-001
 -2.9846777e-001
 -2.7152588e-001
 -2.5072789e-001
 -2.3871359e-001
 -2.3546421e-001
 -2.3821359e-001
 -2.4221374e-001
 -2.4213306e-001
 -2.3364709e-001
 -2.1471384e-001
 -1.8613333e-001
 -1.5123649e-001
 -1.1484248e-001
 -8.1859080e-002
 -5.5996390e-002
 -3.8989610e-002
 -3.0520660e-002
 -2.8771540e-002
 -3.1334525e-002
 -3.6116225e-002
 -4.1927200e-002
 -4.8610275e-002
 -5.6756820e-002
 -6.7210275e-002
 -8.0606335e-002
 -9.7140065e-002
 -1.1661848e-001
 -1.3871579e-001
 -1.6325948e-001
 -1.9037422e-001
 -2.2039163e-001
 -2.5355735e-001
 -2.8967358e-001
 -3.2785872e-001
 -3.6656331e-001
 -4.0387305e-001
 -4.3800061e-001
 -4.6777567e-001
 -4.9292844e-001
 -5.1403696e-001
 -5.3214330e-001
 -5.4818703e-001
 -5.6249326e-001
 -5.7454859e-001
 -5.8319466e-001
 -5.8720170e-001
 -5.8601704e-001
 -5.8038338e-001
 -5.7253738e-001
 -5.6583229e-001
 -5.6383943e-001
 -5.6919381e-001
 -5.8257830e-001
 -6.0223048e-001
 -6.2420130e-001
 -6.4334287e-001
 -6.5474237e-001
 -6.5514697e-001
 -6.4390744e-001
 -6.2311768e-001
 -5.9689310e-001
 -5.7002065e-001
 -5.4642316e-001
 -5.2793830e-001
 -5.1379884e-001
 -5.0096042e-001
 -4.8514285e-001
 -4.6222907e-001
 -4.2957599e-001
 -3.8685340e-001
 -3.3620912e-001
 -2.8178516e-001
 -2.2879940e-001
 -1.8249952e-001
 -1.4727387e-001
 -1.2609450e-001
 -1.2032682e-001
 -1.2982522e-001
 -1.5318350e-001
 -1.8802401e-001
 -2.3126814e-001
 -2.7939049e-001
 -3.2869060e-001
 -3.7560391e-001
 -4.1703276e-001
 -4.5063417e-001
 -4.7498559e-001
 -4.8957516e-001
 -4.9462312e-001
 -4.9080899e-001
 -4.7901887e-001
 -4.6021752e-001
 -4.3548686e-001
 -4.0618328e-001
 -3.7409187e-001
 -3.4143576e-001
 -3.1065036e-001
 -2.8393951e-001
 -2.6274878e-001
 -2.4736441e-001
 -2.3683415e-001
 -2.2930206e-001
 -2.2268964e-001
 -2.1550372e-001
 -2.0747468e-001
 -1.9976700e-001
 -1.9465032e-001
 -1.9472151e-001
 -2.0194638e-001
 -2.1687117e-001
 -2.3830149e-001
 -2.6357742e-001
 -2.8935087e-001
 -3.1258246e-001
 -3.3139401e-001
 -3.4547061e-001
 -3.5588177e-001
 -3.6441567e-001
 -3.7270608e-001
 -3.8150729e-001
 -3.9040891e-001
 -3.9810483e-001
 -4.0310744e-001
 -4.0461607e-001
 -4.0317779e-001
 -4.0084757e-001
 -4.0073832e-001
 -4.0608243e-001
 -4.1911817e-001
 -4.4019531e-001
 -4.6743292e-001
 -4.9707970e-001
 -5.2448792e-001
 -5.4539960e-001
 -5.5713364e-001
 -5.5929104e-001
 -5.5375111e-001
 -5.4396147e-001
 -5.3375151e-001
 -5.2604927e-001
 -5.2191045e-001
 -5.2016793e-001
 -5.1781552e-001
 -5.1101080e-001
 -4.9638983e-001
 -4.7228598e-001
 -4.3946974e-001
 -4.0116516e-001
 -3.6231466e-001
 -3.2829203e-001
 -3.0343562e-001
 -2.8983710e-001
 -2.8675289e-001
 -2.9082351e-001
 -2.9704412e-001
 -3.0020083e-001
 -2.9634548e-001
 -2.8387144e-001
 -2.6387991e-001
 -2.3975047e-001
 -2.1607754e-001
 -1.9732614e-001
 -1.8663276e-001
 -1.8510958e-001
 -1.9182698e-001
 -2.0441765e-001
 -2.2004305e-001
 -2.3636030e-001
 -2.5215391e-001
 -2.6743936e-001
 -2.8304736e-001
 -2.9988557e-001
 -3.1818256e-001
 -3.3701227e-001
 -3.5428476e-001
 -3.6721635e-001
 -3.7312187e-001
 -3.7026408e-001
 -3.5848141e-001
 -3.3939245e-001
 -3.1611302e-001
 -2.9256836e-001
 -2.7259492e-001
 -2.5907453e-001
 -2.5332225e-001
 -2.5487424e-001
 -2.6171617e-001
 -2.7088457e-001
 -2.7928454e-001
 -2.8451446e-001
 -2.8548294e-001
 -2.8264966e-001
 -2.7781572e-001
 -2.7351259e-001
 -2.7216086e-001
 -2.7525343e-001
 -2.8282850e-001
 -2.9342244e-001
 -3.0454484e-001
 -3.1354171e-001
 -3.1856761e-001
 -3.1932948e-001
 -3.1732297e-001
 -3.1544645e-001
 -3.1709374e-001
 -3.2502002e-001
 -3.4037087e-001
 -3.6222245e-001
 -3.8780804e-001
 -4.1336371e-001
 -4.3529939e-001
 -4.5128033e-001
 -4.6083376e-001
 -4.6527202e-001
 -4.6698087e-001
 -4.6836268e-001
 -4.7085648e-001
 -4.7442401e-001
 -4.7770532e-001
 -4.7877779e-001
 -4.7620440e-001
 -4.6993004e-001
 -4.6163263e-001
 -4.5434237e-001
 -4.5143053e-001
 -4.5532441e-001
 -4.6642799e-001
 -4.8266752e-001
 -4.9986101e-001
 -5.1281460e-001
 -5.1679017e-001
 -5.0886297e-001
 -4.8873791e-001
 -4.5879113e-001
 -4.2336981e-001
 -3.8761810e-001
 -3.5621848e-001
 -3.3241729e-001
 -3.1756270e-001
 -3.1118881e-001
 -3.1150649e-001
 -3.1606683e-001
 -3.2236634e-001
 -3.2824582e-001
 -3.3205107e-001
 -3.3262325e-001
 -3.2923469e-001
 -3.2157069e-001
 -3.0979664e-001
 -2.9467445e-001
 -2.7763863e-001
 -2.6073370e-001
 -2.4635607e-001
 -2.3681817e-001
 -2.3383107e-001
 -2.3805203e-001
 -2.4884469e-001
 -2.6434826e-001
 -2.8186465e-001
 -2.9847769e-001
 -3.1174717e-001
 -3.2029423e-001
 -3.2412140e-001
 -3.2457943e-001
 -3.2398531e-001
 -3.2498541e-001
 -3.2982311e-001
 -3.3969630e-001
 -3.5437192e-001
 -3.7216405e-001
 -3.9029351e-001
 -4.0554720e-001
 -4.1507149e-001
 -4.1708759e-001
 -4.1132773e-001
 -3.9906118e-001
 -3.8269500e-001
 -3.6506352e-001
 -3.4862101e-001
 -3.3478892e-001
 -3.2366229e-001
 -3.1416277e-001
 -3.0457357e-001
 -2.9326144e-001
 -2.7932848e-001
 -2.6296909e-001
 -2.4542211e-001
 -2.2856078e-001
 -2.1429368e-001
 -2.0400705e-001
 -1.9824144e-001
 -1.9668476e-001
 -1.9842808e-001
 -2.0233157e-001
 -2.0732573e-001
 -2.1253286e-001
 -2.1720239e-001
 -2.2055621e-001
 -2.2168669e-001
 -2.1962013e-001
 -2.1356715e-001
 -2.0327561e-001
 -1.8933102e-001
 -1.7324932e-001
 -1.5727637e-001
 -1.4391939e-001
 -1.3533969e-001
 -1.3279362e-001
 -1.3629873e-001
 -1.4463269e-001
 -1.5567070e-001
 -1.6696784e-001
 -1.7642605e-001
 -1.8286490e-001
 -1.8634303e-001
 -1.8814145e-001
 -1.9040479e-001
 -1.9552315e-001
 -2.0540715e-001
 -2.2084493e-001
 -2.4112048e-001
 -2.6401497e-001
 -2.8621691e-001
 -3.0405548e-001
 -3.1437631e-001
 -3.1533050e-001
 -3.0686374e-001
 -2.9077275e-001
 -2.7031694e-001
 -2.4949756e-001
 -2.3220600e-001
 -2.2146766e-001
 -2.1896509e-001
 -2.2492764e-001
 -2.3836172e-001
 -2.5750205e-001
 -2.8031895e-001
 -3.0492986e-001
 -3.2982170e-001
 -3.5387075e-001
 -3.7621471e-001
 -3.9606894e-001
 -4.1257512e-001
 -4.2473793e-001
 -4.3146060e-001
 -4.3165648e-001
 -4.2439977e-001
 -4.0908670e-001
 -3.8559404e-001
 -3.5443121e-001
 -3.1687452e-001
 -2.7504936e-001
 -2.3190248e-001
 -1.9100159e-001
 -1.5612856e-001
 -1.3069594e-001
 -1.1709510e-001
 -1.1614684e-001
 -1.2683892e-001
 -1.4648011e-001
 -1.7128604e-001
 -1.9727159e-001
 -2.2120812e-001
 -2.4135881e-001
 -2.5775674e-001
 -2.7192784e-001
 -2.8614116e-001
 -3.0242971e-001
 -3.2170794e-001
 -3.4328420e-001
 -3.6493582e-001
 -3.8352541e-001
 -3.9595565e-001
 -4.0014944e-001
 -3.9573948e-001
 -3.8425291e-001
 -3.6874451e-001
 -3.5300617e-001
 -3.4060352e-001
 -3.3402739e-001
 -3.3419356e-001
 -3.4040498e-001
 -3.5074724e-001
 -3.6276671e-001
 -3.7421268e-001
 -3.8362487e-001
 -3.9061006e-001
 -3.9575377e-001
 -4.0022406e-001
 -4.0521284e-001
 -4.1140098e-001
 -4.1861600e-001
 -4.2578308e-001
 -4.3117270e-001
 -4.3285450e-001
 -4.2920678e-001
 -4.1932420e-001
 -4.0321187e-001
 -3.8173441e-001
 -3.5637181e-001
 -3.2888936e-001
 -3.0103798e-001
 -2.7436495e-001
 -2.5015201e-001
 -2.2943897e-001
 -2.1306137e-001
 -2.0164198e-001
 -1.9551926e-001
 -1.9464731e-001
 -1.9853369e-001
 -2.0627562e-001
 -2.1671389e-001
 -2.2866541e-001
 -2.4115128e-001
 -2.5352981e-001
 -2.6548057e-001
 -2.7685111e-001
 -2.8744128e-001
 -2.9683075e-001
 -3.0433614e-001
 -3.0912296e-001
 -3.1042245e-001
 -3.0775083e-001
 -3.0102522e-001
 -2.9052027e-001
 -2.7668882e-001
 -2.5994182e-001
 -2.4051073e-001
 -2.1848329e-001
 -1.9402449e-001
 -1.6770129e-001
 -1.4076674e-001
 -1.1525332e-001
 -9.3784489e-002
 -7.9112713e-002
 -7.3495169e-002
 -7.8084852e-002
 -9.2521251e-002
 -1.1485069e-001
 -1.4181201e-001
 -1.6942141e-001
 -1.9371276e-001
 -2.1145803e-001
 -2.2070968e-001
 -2.2106346e-001
 -2.1361270e-001
 -2.0063358e-001
 -1.8508688e-001
 -1.7004031e-001
 -1.5811008e-001
 -1.5100218e-001
 -1.4921317e-001
 -1.5193341e-001
 -1.5718073e-001
 -1.6217085e-001
 -1.6389437e-001
 -1.5981855e-001
 -1.4857571e-001
 -1.3046408e-001
 -1.0759450e-001
 -8.3585085e-002
 -6.2825884e-002
 -4.9474108e-002
 -4.6447261e-002
 -5.4709362e-002
 -7.3072737e-002
 -9.8581012e-002
 -1.2735036e-001
 -1.5559470e-001
 -1.8050503e-001
 -2.0071493e-001
 -2.1624095e-001
 -2.2797704e-001
 -2.3697401e-001
 -2.4379240e-001
 -2.4816454e-001
 -2.4906609e-001
 -2.4513753e-001
 -2.3527361e-001
 -2.1915701e-001
 -1.9755396e-001
 -1.7228877e-001
 -1.4592344e-001
 -1.2124833e-001
 -1.0072056e-001
 -8.5973920e-002
 -7.7489975e-002
 -7.4485060e-002
 -7.5040840e-002
 -7.6480060e-002
 -7.5950140e-002
 -7.1121605e-002
 -6.0846740e-002
 -4.5587315e-002
 -2.7439235e-002
 -9.6718800e-003
  4.1541450e-003
  1.1271875e-002
  1.0672010e-002
  3.6190800e-003
 -6.4942900e-003
 -1.4968869e-002
 -1.7087389e-002
 -9.4957015e-003
  8.7465770e-003
  3.5779160e-002
  6.7350726e-002
  9.7912911e-002
  1.2207741e-001
  1.3600871e-001
  1.3835250e-001
  1.3044830e-001
  1.1579362e-001
  9.8945933e-002
  8.4203159e-002
  7.4449721e-002
  7.0487541e-002
  7.1014200e-002
  7.3215120e-002
  7.3760445e-002
  6.9889495e-002
  6.0254965e-002
  4.5284215e-002
  2.6969645e-002
  8.1755650e-003
 -8.3061300e-003
 -2.0649916e-002
 -2.8563939e-002
 -3.3364773e-002
 -3.7552238e-002
 -4.4031558e-002
 -5.5232516e-002
 -7.2394828e-002
 -9.5225074e-002
 -1.2200810e-001
 -1.5011694e-001
 -1.7675306e-001
 -1.9969325e-001
 -2.1783121e-001
 -2.3137160e-001
 -2.4163777e-001
 -2.5056253e-001
 -2.6001749e-001
 -2.7117843e-001
 -2.8411320e-001
 -2.9771601e-001
 -3.1001212e-001
 -3.1874729e-001
 -3.2208663e-001
 -3.1920932e-001
 -3.1061174e-001
 -2.9802041e-001
 -2.8393820e-001
 -2.7096573e-001
 -2.6111175e-001
 -2.5530757e-001
 -2.5327023e-001
 -2.5374041e-001
 -2.5499707e-001
 -2.5546265e-001
 -2.5419088e-001
 -2.5107896e-001
 -2.4674821e-001
 -2.4215460e-001
 -2.3808298e-001
 -2.3471429e-001
 -2.3142403e-001
 -2.2688547e-001
 -2.1944449e-001
 -2.0764213e-001
 -1.9071573e-001
 -1.6892284e-001
 -1.4359449e-001
 -1.1691091e-001
 -9.1473172e-002
 -6.9793415e-002
 -5.3832651e-002
 -4.4683692e-002
 -4.2441954e-002
 -4.6250156e-002
 -5.4462480e-002
 -6.4860518e-002
 -7.4868478e-002
 -8.1749425e-002
 -8.2800882e-002
 -7.5588518e-002
 -5.8247168e-002
 -2.9837771e-002
  9.3092250e-003
  5.7381770e-002
  1.1113323e-001
  1.6626858e-001
  2.1814969e-001
  2.6267590e-001
  2.9709881e-001
  3.2050581e-001
  3.3378209e-001
  3.3902219e-001
  3.3855902e-001
  3.3393629e-001
  3.2520150e-001
  3.1080781e-001
  2.8820607e-001
  2.5495104e-001
  2.0993689e-001
  1.5429832e-001
  9.1605773e-002
  2.7219393e-002
 -3.3033743e-002
 -8.4441566e-002
 -1.2471824e-001
 -1.5458860e-001
 -1.7742627e-001
 -1.9804303e-001
 -2.2101355e-001
 -2.4907610e-001
 -2.8212450e-001
 -3.1711112e-001
 -3.4888489e-001
 -3.7169245e-001
 -3.8087041e-001
 -3.7421310e-001
 -3.5261789e-001
 -3.1984507e-001
 -2.8150075e-001
 -2.4357446e-001
 -2.1097262e-001
 -1.8646062e-001
 -1.7027724e-001
 -1.6047121e-001
 -1.5379782e-001
 -1.4686811e-001
 -1.3720015e-001
 -1.2388532e-001
 -1.0772344e-001
 -9.0849094e-002
 -7.6015927e-002
 -6.5783752e-002
 -6.1850100e-002
 -6.4692085e-002
 -7.3568942e-002
 -8.6820784e-002
 -1.0232261e-001
 -1.1793434e-001
 -1.3182574e-001
 -1.4262797e-001
 -1.4943890e-001
 -1.5175810e-001
 -1.4943298e-001
 -1.4266398e-001
 -1.3206306e-001
 -1.1871211e-001
 -1.0414887e-001
 -9.0227058e-002
 -7.8844912e-002
 -7.1595262e-002
 -6.9434019e-002
 -7.2474908e-002
 -7.9990035e-002
 -9.0635728e-002
 -1.0285079e-001
 -1.1531385e-001
 -1.2731895e-001
 -1.3894509e-001
 -1.5095372e-001
 -1.6443261e-001
 -1.8028844e-001
 -1.9874939e-001
 -2.1904841e-001
 -2.3941431e-001
 -2.5740719e-001
 -2.7052467e-001
 -2.7690908e-001
 -2.7593647e-001
 -2.6848821e-001
 -2.5679356e-001
 -2.4386496e-001
 -2.3268343e-001
 -2.2538343e-001
 -2.2269820e-001
 -2.2384843e-001
 -2.2691162e-001
 -2.2954515e-001
 -2.2981149e-001
 -2.2681768e-001
 -2.2094847e-001
 -2.1362192e-001
 -2.0667372e-001
 -2.0161333e-001
 -1.9904018e-001
 -1.9844152e-001
 -1.9844135e-001
 -1.9739156e-001
 -1.9406205e-001
 -1.8814936e-001
 -1.8039771e-001
 -1.7228259e-001
 -1.6538395e-001
 -1.6070244e-001
 -1.5820025e-001
 -1.5676382e-001
 -1.5462324e-001
 -1.5008276e-001
 -1.4228946e-001
 -1.3174214e-001
 -1.2033186e-001
 -1.1087718e-001
 -1.0630611e-001
 -1.0877077e-001
 -1.1900665e-001
 -1.3615480e-001
 -1.5808795e-001
 -1.8209126e-001
 -2.0562047e-001
 -2.2684804e-001
 -2.4481514e-001
 -2.5918857e-001
 -2.6979998e-001
 -2.7624073e-001
 -2.7775689e-001
 -2.7354353e-001
 -2.6333690e-001
 -2.4803575e-001
 -2.3002545e-001
 -2.1296636e-001
 -2.0101199e-001
 -1.9766445e-001
 -2.0465323e-001
 -2.2125856e-001
 -2.4436757e-001
 -2.6929365e-001
 -2.9110468e-001
 -3.0600780e-001
 -3.1230855e-001
 -3.1061916e-001
 -3.0327417e-001
 -2.9321217e-001
 -2.8277933e-001
 -2.7292557e-001
 -2.6309252e-001
 -2.5180443e-001
 -2.3768556e-001
 -2.2045700e-001
 -2.0147748e-001
 -1.8358081e-001
 -1.7024853e-001
 -1.6442572e-001
 -1.6743591e-001
 -1.7842020e-001
 -1.9453137e-001
 -2.1183054e-001
 -2.2657001e-001
 -2.3639998e-001
 -2.4106113e-001
 -2.4231104e-001
 -2.4310897e-001
 -2.4635131e-001
 -2.5361051e-001
 -2.6432797e-001
 -2.7574988e-001
 -2.8363367e-001
 -2.8348928e-001
 -2.7194482e-001
 -2.4779883e-001
 -2.1244254e-001
 -1.6955350e-001
 -1.2419517e-001
 -8.1624202e-002
 -4.6159901e-002
 -2.0405556e-002
 -4.9679885e-003
  1.3400255e-003
  9.5346350e-004
 -3.1415275e-003
 -8.0751535e-003
 -1.1611308e-002
 -1.2462332e-002
 -1.0401870e-002
 -6.2036450e-003
 -1.4404950e-003
  1.8235150e-003
  1.4133690e-003
 -4.5473030e-003
 -1.7251438e-002
 -3.6908825e-002
 -6.2586394e-002
 -9.2225289e-002
 -1.2284462e-001
 -1.5091185e-001
 -1.7283339e-001
 -1.8549925e-001
 -1.8680325e-001
 -1.7605694e-001
 -1.5421941e-001
 -1.2388258e-001
 -8.8982024e-002
 -5.4249737e-002
 -2.4481445e-002
 -3.7444400e-003
  5.3133700e-003
  1.8944460e-003
 -1.2890329e-002
 -3.6363784e-002
 -6.4947799e-002
 -9.4982428e-002
 -1.2348032e-001
 -1.4861308e-001
 -1.6980598e-001
 -1.8744039e-001
 -2.0229044e-001
 -2.1490883e-001
 -2.2519246e-001
 -2.3229455e-001
 -2.3492238e-001
 -2.3191598e-001
 -2.2289224e-001
 -2.0870441e-001
 -1.9152517e-001
 -1.7449180e-001
 -1.6100897e-001
 -1.5392963e-001
 -1.5488034e-001
 -1.6394593e-001
 -1.7980001e-001
 -2.0020945e-001
 -2.2271382e-001
 -2.4523099e-001
 -2.6638518e-001
 -2.8547486e-001
 -3.0214611e-001
 -3.1595558e-001
 -3.2604909e-001
 -3.3113131e-001
 -3.2977803e-001
 -3.2099177e-001
 -3.0478465e-001
 -2.8253541e-001
 -2.5693076e-001
 -2.3144479e-001
 -2.0948449e-001
 -1.9346817e-001
 -1.8415259e-001
 -1.8045891e-001
 -1.7988502e-001
 -1.7938840e-001
 -1.7645162e-001
 -1.6996715e-001
 -1.6063051e-001
 -1.5069541e-001
 -1.4316536e-001
 -1.4069423e-001
 -1.4457292e-001
 -1.5415277e-001
 -1.6690749e-001
 -1.7911812e-001
 -1.8695561e-001
 -1.8760634e-001
 -1.8007822e-001
 -1.6543949e-001
 -1.4643328e-001
 -1.2661375e-001
 -1.0929444e-001
 -9.6643251e-002
 -8.9192514e-002
 -8.5886221e-002
 -8.4610610e-002
 -8.3008956e-002
 -7.9308064e-002
 -7.2900660e-002
 -6.4521202e-002
 -5.5986999e-002
 -4.9607513e-002
 -4.7453206e-002
 -5.0700137e-002
 -5.9227492e-002
 -7.1561607e-002
 -8.5161083e-002
 -9.6952500e-002
 -1.0397543e-001
 -1.0398600e-001
 -9.5894276e-002
 -7.9958796e-002
 -5.7715922e-002
 -3.1671216e-002
 -4.8181685e-003
  1.9923980e-002
  4.0247560e-002
  5.4862695e-002
  6.3683100e-002
  6.7740585e-002
  6.8834955e-002
  6.8993955e-002
  6.9877100e-002
  7.2287695e-002
  7.5941770e-002
  7.9579590e-002
  8.1407410e-002
  7.9754070e-002
  7.3750945e-002
  6.3823165e-002
  5.1824035e-002
  4.0743625e-002
  3.4046695e-002
  3.4807203e-002
  4.4871842e-002
  6.4284322e-002
  9.1135303e-002
  1.2189051e-001
  1.5212311e-001
  1.7747081e-001
  1.9457953e-001
  2.0179792e-001
  1.9944883e-001
  1.8960988e-001
  1.7546066e-001
  1.6036980e-001
  1.4697030e-001
  1.3648464e-001
  1.2850046e-001
  1.2127327e-001
  1.1247351e-001
  1.0014762e-001
  8.3577426e-002
  6.3734360e-002
  4.3143772e-002
  2.5167947e-002
  1.2922514e-002
  8.1859730e-003
  1.0686882e-002
  1.8040541e-002
  2.6389708e-002
  3.1557505e-002
  3.0335062e-002
  2.1472642e-002
  6.0430625e-003
 -1.2935220e-002
 -3.1471262e-002
 -4.5826307e-002
 -5.3572434e-002
 -5.4144989e-002
 -4.8742454e-002
 -3.9662400e-002
 -2.9352600e-002
 -1.9536683e-002
 -1.0722721e-002
 -2.2470230e-003
  7.1946354e-003
  1.8748716e-002
  3.2647141e-002
  4.7780368e-002
  6.1772392e-002
  7.1559438e-002
  7.4305622e-002
  6.8373726e-002
  5.4040979e-002
  3.3715648e-002
  1.1550840e-002
 -7.4727390e-003
 -1.8762699e-002
 -1.9298045e-002
 -8.4410510e-003
  1.1868623e-002
  3.7615196e-002
  6.3780654e-002
  8.5694398e-002
  1.0026833e-001
  1.0674742e-001
  1.0674102e-001
  1.0351391e-001
  1.0074735e-001
  1.0115439e-001
  1.0539436e-001
  1.1165102e-001
  1.1603809e-001
  1.1373371e-001
  1.0050569e-001
  7.4151136e-002
  3.5387276e-002
 -1.2106415e-002
 -6.2529878e-002
 -1.0944341e-001
 -1.4743972e-001
 -1.7349943e-001
 -1.8762558e-001
 -1.9258574e-001
 -1.9287321e-001
 -1.9323968e-001
 -1.9727049e-001
 -2.0643566e-001
 -2.1987203e-001
 -2.3490253e-001
 -2.4806269e-001
 -2.5626424e-001
 -2.5772034e-001
 -2.5237704e-001
 -2.4178722e-001
 -2.2855098e-001
 -2.1556400e-001
 -2.0533176e-001
 -1.9953152e-001
 -1.9888062e-001
 -2.0325345e-001
 -2.1192386e-001
 -2.2380934e-001
 -2.3764461e-001
 -2.5207932e-001
 -2.6574472e-001
 -2.7734483e-001
 -2.8580026e-001
 -2.9042625e-001
 -2.9108573e-001
 -2.8824612e-001
 -2.8289025e-001
 -2.7628024e-001
 -2.6962811e-001
 -2.6376621e-001
 -2.5891925e-001
 -2.5465323e-001
 -2.5002423e-001
 -2.4388863e-001
 -2.3528722e-001
 -2.2379256e-001
 -2.0972000e-001
 -1.9414213e-001
 -1.7870163e-001
 -1.6527241e-001
 -1.5555693e-001
 -1.5072124e-001
 -1.5115474e-001
 -1.5640634e-001
 -1.6530165e-001
 -1.7620153e-001
 -1.8733043e-001
 -1.9709311e-001
 -2.0430957e-001
 -2.0832766e-001
 -2.0900831e-001
 -2.0661102e-001
 -2.0162640e-001
 -1.9460574e-001
 -1.8602724e-001
 -1.7622094e-001
 -1.6535760e-001
 -1.5349421e-001
 -1.4066238e-001
 -1.2698225e-001
 -1.1278025e-001
 -9.8683155e-002
 -8.5656555e-002
 -7.4957970e-002
 -6.7988470e-002
 -6.6052486e-002
 -7.0067421e-002
 -8.0291783e-002
 -9.6151220e-002
 -1.1622859e-001
 -1.3844775e-001
 -1.6042998e-001
 -1.7995109e-001
 -1.9539181e-001
 -2.0606451e-001
 -2.1232190e-001
 -2.1540388e-001
 -2.1704731e-001
 -2.1895330e-001
 -2.2225666e-001
 -2.2715521e-001
 -2.3282120e-001
 -2.3763844e-001
 -2.3970630e-001
 -2.3745926e-001
 -2.3020033e-001
 -2.1836489e-001
 -2.0341452e-001
 -1.8738697e-001
 -1.7225140e-001
 -1.5929350e-001
 -1.4874996e-001
 -1.3982576e-001
 -1.3108971e-001
 -1.2110453e-001
 -1.0906042e-001
 -9.5178290e-002
 -8.0732090e-002
 -6.7678060e-002
 -5.8019345e-002
 -5.3127215e-002
 -5.3251880e-002
 -5.7386175e-002
 -6.3522410e-002
 -6.9212597e-002
 -7.2250387e-002
 -7.1267106e-002
 -6.6077739e-002
 -5.7702378e-002
 -4.8090640e-002
 -3.9654965e-002
 -3.4752650e-002
 -3.5242711e-002
 -4.2196398e-002
 -5.5782867e-002
 -7.5305142e-002
 -9.9339575e-002
 -1.2593425e-001
 -1.5283863e-001
 -1.7775422e-001
 -1.9860252e-001
 -2.1379757e-001
 -2.2249126e-001
 -2.2473904e-001
 -2.2152770e-001
 -2.1462110e-001
 -2.0621873e-001
 -1.9847596e-001
 -1.9298805e-001
 -1.9037343e-001
 -1.9008766e-001
 -1.9055207e-001
 -1.8959730e-001
 -1.8512276e-001
 -1.7579173e-001
 -1.6154807e-001
 -1.4377550e-001
 -1.2502138e-001
 -1.0834725e-001
 -9.6501303e-002
 -9.1182801e-002
 -9.2649633e-002
 -9.9805504e-002
 -1.1072743e-001
 -1.2342282e-001
 -1.3650772e-001
 -1.4952016e-001
 -1.6272560e-001
 -1.7648431e-001
 -1.9044959e-001
 -2.0296552e-001
 -2.1098483e-001
 -2.1063981e-001
 -1.9834114e-001
 -1.7205173e-001
 -1.3227984e-001
 -8.2405116e-002
 -2.8171988e-002
  2.3524420e-002
  6.6186475e-002
  9.5112036e-002
  1.0822585e-001
  1.0614441e-001
  9.1550535e-002
  6.8180735e-002
  3.9820265e-002
  9.6309600e-003
 -2.0052565e-002
 -4.7543192e-002
 -7.1477037e-002
 -9.0608146e-002
 -1.0387870e-001
 -1.1073977e-001
 -1.1153218e-001
 -1.0766863e-001
 -1.0142386e-001
 -9.5314004e-002
 -9.1252464e-002
 -8.9812120e-002
 -8.9932143e-002
 -8.9263710e-002
 -8.5103018e-002
 -7.5607842e-002
 -6.0841322e-002
 -4.3205005e-002
 -2.7019045e-002
 -1.7315040e-002
 -1.8213235e-002
 -3.1441010e-002
 -5.5535320e-002
 -8.6054156e-002
 -1.1677337e-001
 -1.4149203e-001
 -1.5584375e-001
 -1.5850029e-001
 -1.5136627e-001
 -1.3872349e-001
 -1.2565855e-001
 -1.1635637e-001
 -1.1287288e-001
 -1.1480174e-001
 -1.1989989e-001
 -1.2537063e-001
 -1.2926059e-001
 -1.3140040e-001
 -1.3351284e-001
 -1.3845046e-001
 -1.4887256e-001
 -1.6589699e-001
 -1.8827900e-001
 -2.1247402e-001
 -2.3360814e-001
 -2.4703506e-001
 -2.4992951e-001
 -2.4233904e-001
 -2.2729869e-001
 -2.0994226e-001
 -1.9589905e-001
 -1.8952226e-001
 -1.9255926e-001
 -2.0372342e-001
 -2.1931147e-001
 -2.3464202e-001
 -2.4579770e-001
 -2.5104162e-001
 -2.5138951e-001
 -2.5011620e-001
 -2.5135758e-001
 -2.5830200e-001
 -2.7163055e-001
 -2.8880051e-001
 -3.0448836e-001
 -3.1211027e-001
 -3.0595368e-001
 -2.8321874e-001
 -2.4526544e-001
 -1.9759988e-001
 -1.4853489e-001
 -1.0689527e-001
 -7.9462828e-002
 -6.8961091e-002
 -7.3228450e-002
 -8.5867275e-002
 -9.8199420e-002
 -1.0195125e-001
 -9.1860960e-002
 -6.7419795e-002
 -3.3217295e-002
  2.2224200e-003
  2.8781005e-002
  3.7591500e-002
  2.3581655e-002
 -1.2991505e-002
 -6.6424305e-002
 -1.2687231e-001
 -1.8269900e-001
 -2.2322162e-001
 -2.4113215e-001
 -2.3399323e-001
 -2.0448527e-001
 -1.5942881e-001
 -1.0792819e-001
 -5.9191152e-002
 -2.0621746e-002
  3.3445250e-003
  1.1450889e-002
  4.9652450e-003
 -1.3492810e-002
 -4.1170405e-002
 -7.6008430e-002
 -1.1682448e-001
 -1.6286459e-001
 -2.1298893e-001
 -2.6490579e-001
 -3.1485908e-001
 -3.5800778e-001
 -3.8946792e-001
 -4.0571368e-001
 -4.0585513e-001
 -3.9229837e-001
 -3.7046383e-001
 -3.4754157e-001
 -3.3059666e-001
 -3.2458449e-001
 -3.3090315e-001
 -3.4696155e-001
 -3.6692419e-001
 -3.8341067e-001
 -3.8961448e-001
 -3.8117238e-001
 -3.5721078e-001
 -3.2028429e-001
 -2.7530099e-001
 -2.2786228e-001
 -1.8261718e-001
 -1.4218448e-001
 -1.0695547e-001
 -7.5750555e-002
 -4.6989120e-002
 -1.9861345e-002
  4.9825550e-003
  2.5499060e-002
  3.9038045e-002
  4.3524300e-002
  3.8547659e-002
  2.5903751e-002
  9.3314700e-003
 -6.5024900e-003
 -1.7431847e-002
 -2.1124096e-002
 -1.7830130e-002
 -1.0261737e-002
 -2.6198775e-003
  8.9351750e-004
 -2.4467920e-003
 -1.2954436e-002
 -2.8481206e-002
 -4.5273749e-002
 -5.9425854e-002
 -6.8391654e-002
 -7.1997753e-002
 -7.2574876e-002
 -7.4155851e-002
 -8.1034392e-002
 -9.6215290e-002
 -1.2032137e-001
 -1.5134340e-001
 -1.8529758e-001
 -2.1751804e-001
 -2.4408792e-001
 -2.6288594e-001
 -2.7389754e-001
 -2.7873598e-001
 -2.7962091e-001
 -2.7825222e-001
 -2.7503144e-001
 -2.6892409e-001
 -2.5799625e-001
 -2.4039754e-001
 -2.1540002e-001
 -1.8408880e-001
 -1.4943393e-001
 -1.1569839e-001
 -8.7369805e-002
 -6.7964185e-002
 -5.9087925e-002
 -6.0052125e-002
 -6.8148375e-002
 -7.9481660e-002
 -9.0084807e-002
 -9.6963002e-002
 -9.8756787e-002
 -9.5849316e-002
 -8.9929067e-002
 -8.3191110e-002
 -7.7462561e-002
 -7.3542678e-002
 -7.0959594e-002
 -6.8199323e-002
 -6.3309403e-002
 -5.4669197e-002
 -4.1680875e-002
 -2.5174438e-002
 -7.4153490e-003
  8.2795300e-003
  1.8209913e-002
  1.9074120e-002
  8.6832200e-003
 -1.3543013e-002
 -4.6390093e-002
 -8.6997580e-002
 -1.3130773e-001
 -1.7473390e-001
 -2.1293837e-001
 -2.4259263e-001
 -2.6198795e-001
 -2.7137522e-001
 -2.7294509e-001
 -2.7041784e-001
 -2.6829326e-001
 -2.7089964e-001
 -2.8145227e-001
 -3.0135765e-001
 -3.2995970e-001
 -3.6481734e-001
 -4.0245160e-001
 -4.3935147e-001
 -4.7292950e-001
 -5.0211682e-001
 -5.2739048e-001
 -5.5021233e-001
 -5.7206640e-001
 -5.9343973e-001
 -6.1313854e-001
 -6.2824117e-001
 -6.3478505e-001
 -6.2903070e-001
 -6.0892828e-001
 -5.7530546e-001
 -5.3234364e-001
 -4.8709978e-001
 -4.4810881e-001
 -4.2338413e-001
 -4.1833221e-001
 -4.3415666e-001
 -4.6722386e-001
 -5.0962517e-001
 -5.5085989e-001
 -5.8025996e-001
 -5.8956349e-001
 -5.7497809e-001
 -5.3818217e-001
 -4.8597303e-001
 -4.2862086e-001
 -3.7733726e-001
 -3.4151458e-001
 -3.2646502e-001
 -3.3225638e-001
 -3.5393791e-001
 -3.8306219e-001
 -4.1005111e-001
 -4.2673222e-001
 -4.2835044e-001
 -4.1453829e-001
 -3.8904641e-001
 -3.5839331e-001
 -3.2988381e-001
 -3.0958905e-001
 -3.0084752e-001
 -3.0365732e-001
 -3.1505138e-001
 -3.3026307e-001
 -3.4428063e-001
 -3.5330815e-001
 -3.5571405e-001
 -3.5222944e-001
 -3.4540070e-001
 -3.3852825e-001
 -3.3446986e-001
 -3.3470700e-001
 -3.3896514e-001
 -3.4547951e-001
 -3.5177681e-001
 -3.5567468e-001
 -3.5614167e-001
 -3.5372813e-001
 -3.5044264e-001
 -3.4914632e-001
 -3.5269481e-001
 -3.6312044e-001
 -3.8110106e-001
 -4.0583472e-001
 -4.3528943e-001
 -4.6668360e-001
 -4.9701432e-001
 -5.2348920e-001
 -5.4380232e-001
 -5.5627841e-001
 -5.5995350e-001
 -5.5464873e-001
 -5.4104270e-001
 -5.2069209e-001
 -4.9592486e-001
 -4.6955538e-001
 -4.4443834e-001
 -4.2295638e-001
 -4.0658866e-001
 -3.9570309e-001
 -3.8965216e-001
 -3.8715048e-001
 -3.8681246e-001
 -3.8766895e-001
 -3.8948740e-001
 -3.9278730e-001
 -3.9854902e-001
 -4.0771808e-001
 -4.2067544e-001
 -4.3685360e-001
 -4.5463144e-001
 -4.7155471e-001
 -4.8483370e-001
 -4.9199275e-001
 -4.9150627e-001
 -4.8325864e-001
 -4.6870587e-001
 -4.5068219e-001
 -4.3287214e-001
 -4.1904255e-001
 -4.1218944e-001
 -4.1378886e-001
 -4.2333992e-001
 -4.3834460e-001
 -4.5478264e-001
 -4.6802200e-001
 -4.7398014e-001
 -4.7025461e-001
 -4.5690762e-001
 -4.3664583e-001
 -4.1428126e-001
 -3.9556192e-001
 -3.8566397e-001
 -3.8777112e-001
 -4.0217905e-001
 -4.2623023e-001
 -4.5514009e-001
 -4.8348848e-001
 -5.0691714e-001
 -5.2347868e-001
 -5.3416966e-001
 -5.4243288e-001
 -5.5275576e-001
 -5.6881056e-001
 -5.9176497e-001
 -6.1936879e-001
 -6.4618877e-001
 -6.6499179e-001
 -6.6888531e-001
 -6.5354948e-001
 -6.1883273e-001
 -5.6916228e-001
 -5.1258848e-001
 -4.5871859e-001
 -4.1615843e-001
 -3.9024742e-001
 -3.8178635e-001
 -3.8714316e-001
 -3.9968220e-001
 -4.1203977e-001
 -4.1850235e-001
 -4.1672396e-001
 -4.0824896e-001
 -3.9771250e-001
 -3.9103250e-001
 -3.9323672e-001
 -4.0667349e-001
 -4.3020264e-001
 -4.5960805e-001
 -4.8904226e-001
 -5.1295829e-001
 -5.2782690e-001
 -5.3303397e-001
 -5.3066402e-001
 -5.2429036e-001
 -5.1726100e-001
 -5.1115890e-001
 -5.0505543e-001
 -4.9588578e-001
 -4.7985299e-001
 -4.5436591e-001
 -4.1977999e-001
 -3.8023295e-001
 -3.4315258e-001
 -3.1746992e-001
 -3.1104161e-001
 -3.2810241e-001
 -3.6761162e-001
 -4.2309920e-001
 -4.8414068e-001
 -5.3905205e-001
 -5.7798581e-001
 -5.9546937e-001
 -5.9160714e-001
 -5.7160714e-001
 -5.4383844e-001
 -5.1709200e-001
 -4.9794722e-001
 -4.8907043e-001
 -4.8892675e-001
 -4.9289878e-001
 -4.9534572e-001
 -4.9185470e-001
 -4.8091577e-001
 -4.6448420e-001
 -4.4728757e-001
 -4.3515412e-001
 -4.3294735e-001
 -4.4279997e-001
 -4.6322441e-001
 -4.8938435e-001
 -5.1443750e-001
 -5.3152300e-001
 -5.3576598e-001
 -5.2566913e-001
 -5.0345452e-001
 -4.7425116e-001
 -4.4439146e-001
 -4.1936881e-001
 -4.0212271e-001
 -3.9221832e-001
 -3.8619737e-001
 -3.7899095e-001
 -3.6592559e-001
 -3.4464510e-001
 -3.1628616e-001
 -2.8548518e-001
 -2.5917994e-001
 -2.4457474e-001
 -2.4692241e-001
 -2.6784627e-001
 -3.0475243e-001
 -3.5152697e-001
 -4.0029276e-001
 -4.4365729e-001
 -4.7672950e-001
 -4.9827252e-001
 -5.1065440e-001
 -5.1866419e-001
 -5.2763426e-001
 -5.4152878e-001
 -5.6164613e-001
 -5.8634911e-001
 -6.1186066e-001
 -6.3378089e-001
 -6.4872896e-001
 -6.5548206e-001
 -6.5518865e-001
 -6.5059804e-001
 -6.4464064e-001
 -6.3896232e-001
 -6.3305599e-001
 -6.2441784e-001
 -6.0975755e-001
 -5.8685614e-001
 -5.5635824e-001
 -5.2273521e-001
 -4.9389684e-001
 -4.7939076e-001
 -4.8765012e-001
 -5.2314222e-001
 -5.8438229e-001
 -6.6355155e-001
 -7.4796359e-001
 -8.2302198e-001
 -8.7581258e-001
 -8.9825204e-001
 -8.8884991e-001
 -8.5258985e-001
 -7.9904229e-001
 -7.3937725e-001
 -6.8326524e-001
 -6.3663179e-001
 -6.0089064e-001
 -5.7374852e-001
 -5.5114283e-001
 -5.2952509e-001
 -5.0764709e-001
 -4.8724489e-001
 -4.7244679e-001
 -4.6819222e-001
 -4.7827584e-001
 -5.0372191e-001
 -5.4203550e-001
 -5.8754867e-001
 -6.3270990e-001
 -6.6988639e-001
 -6.9314079e-001
 -6.9951745e-001
 -6.8956974e-001
 -6.6709313e-001
 -6.3821503e-001
 -6.1009276e-001
 -5.8948650e-001
 -5.8144244e-001
 -5.8827888e-001
 -6.0903520e-001
 -6.3951033e-001
 -6.7295684e-001
 -7.0138715e-001
 -7.1729479e-001
 -7.1543563e-001
 -6.9421799e-001
 -6.5627528e-001
 -6.0797020e-001
 -5.5787300e-001
 -5.1458355e-001
 -4.8451238e-001
 -4.7029638e-001
 -4.7035851e-001
 -4.7976275e-001
 -4.9208514e-001
 -5.0166734e-001
 -5.0547852e-001
 -5.0394377e-001
 -5.0046274e-001
 -4.9981346e-001
 -5.0603964e-001
 -5.2060628e-001
 -5.4150911e-001
 -5.6367426e-001
 -5.8051631e-001
 -5.8610740e-001
 -5.7719700e-001
 -5.5438425e-001
 -5.2205128e-001
 -4.8710068e-001
 -4.5694406e-001
 -4.3742154e-001
 -4.3132032e-001
 -4.3792160e-001
 -4.5363455e-001
 -4.7341077e-001
 -4.9240005e-001
 -5.0727979e-001
 -5.1686140e-001
 -5.2187132e-001
 -5.2410685e-001
 -5.2536727e-001
 -5.2659605e-001
 -5.2754046e-001
 -5.2700335e-001
 -5.2352511e-001
 -5.1617797e-001
 -5.0513526e-001
 -4.9178748e-001
 -4.7836608e-001
 -4.6722560e-001
 -4.6005653e-001
 -4.5731469e-001
 -4.5806298e-001
 -4.6026891e-001
 -4.6144438e-001
 -4.5940889e-001
 -4.5293100e-001
 -4.4205867e-001
 -4.2805754e-001
 -4.1299946e-001
 -3.9914094e-001
 -3.8827930e-001
 -3.8126320e-001
 -3.7777611e-001
 -3.7642749e-001
 -3.7510181e-001
 -3.7145596e-001
 -3.6343312e-001
 -3.4968004e-001
 -3.2980351e-001
 -3.0446017e-001
 -2.7532019e-001
 -2.4495896e-001
 -2.1671075e-001
 -1.9447382e-001
 -1.8241479e-001
 -1.8450898e-001
 -2.0389277e-001
 -2.4208893e-001
 -2.9826904e-001
 -3.6879221e-001
 -4.4726066e-001
 -5.2523641e-001
 -5.9358324e-001
 -6.4418474e-001
 -6.7162095e-001
 -6.7433164e-001
 -6.5489407e-001
 -6.1927911e-001
 -5.7525513e-001
 -5.3038100e-001
 -4.9017327e-001
 -4.5698956e-001
 -4.2994827e-001
 -4.0587348e-001
 -3.8092430e-001
 -3.5235120e-001
 -3.1979199e-001
 -2.8568609e-001
 -2.5468780e-001
 -2.3229463e-001
 -2.2316028e-001
 -2.2965110e-001
 -2.5110577e-001
 -2.8400922e-001
 -3.2298435e-001
 -3.6224373e-001
 -3.9701529e-001
 -4.2449817e-001
 -4.4409428e-001
 -4.5692517e-001
 -4.6488544e-001
 -4.6962108e-001
 -4.7181051e-001
 -4.7098239e-001
 -4.6588810e-001
 -4.5524150e-001
 -4.3851742e-001
 -4.1650121e-001
 -3.9139254e-001
 -3.6643841e-001
 -3.4523408e-001
 -3.3092867e-001
 -3.2557462e-001
 -3.2977964e-001
 -3.4269607e-001
 -3.6227058e-001
 -3.8562020e-001
 -4.0941558e-001
 -4.3021875e-001
 -4.4480138e-001
 -4.5050855e-001
 -4.4570725e-001
 -4.3027109e-001
 -4.0594832e-001
 -3.7639777e-001
 -3.4671229e-001
 -3.2239229e-001
 -3.0794811e-001
 -3.0551326e-001
 -3.1394844e-001
 -3.2883966e-001
 -3.4354156e-001
 -3.5105950e-001
 -3.4623118e-001
 -3.2749425e-001
 -2.9760176e-001
 -2.6296734e-001
 -2.3179030e-001
 -2.1155418e-001
 -2.0674238e-001
 -2.1756170e-001
 -2.4011564e-001
 -2.6794752e-001
 -2.9437285e-001
 -3.1473540e-001
 -3.2776215e-001
 -3.3554696e-001
 -3.4222350e-001
 -3.5188866e-001
 -3.6661546e-001
 -3.8534318e-001
 -4.0407694e-001
 -4.1731463e-001
 -4.2014651e-001
 -4.1022666e-001
 -3.8888105e-001
 -3.6095835e-001
 -3.3350298e-001
 -3.1374777e-001
 -3.0713093e-001
 -3.1597634e-001
 -3.3918477e-001
 -3.7289921e-001
 -4.1178412e-001
 -4.5041370e-001
 -4.8432665e-001
 -5.1052193e-001
 -5.2742826e-001
 -5.3456863e-001
 -5.3219295e-001
 -5.2107059e-001
 -5.0247981e-001
 -4.7828980e-001
 -4.5096824e-001
 -4.2338328e-001
 -3.9837772e-001
 -3.7821291e-001
 -3.6405782e-001
 -3.5570125e-001
 -3.5159768e-001
 -3.4925312e-001
 -3.4585429e-001
 -3.3897961e-001
 -3.2721243e-001
 -3.1050597e-001
 -2.9020846e-001
 -2.6873130e-001
 -2.4892026e-001
 -2.3325905e-001
 -2.2308788e-001
 -2.1804195e-001
 -2.1589405e-001
 -2.1291056e-001
 -2.0470743e-001
 -1.8744433e-001
 -1.5906429e-001
 -1.2022082e-001
 -7.4570717e-002
 -2.8258611e-002
  1.1353649e-002
  3.7417684e-002
  4.5319161e-002
  3.3879044e-002
  5.6531990e-003
 -3.3785641e-002
 -7.7374523e-002
 -1.1841388e-001
 -1.5214931e-001
 -1.7657601e-001
 -1.9224194e-001
 -2.0119946e-001
 -2.0557954e-001
 -2.0640509e-001
 -2.0315424e-001
 -1.9426199e-001
 -1.7833401e-001
 -1.5551315e-001
 -1.2833290e-001
 -1.0157381e-001
 -8.1044459e-002
 -7.1677303e-002
 -7.5662935e-002
 -9.1394893e-002
 -1.1372390e-001
 -1.3552464e-001
 -1.5005350e-001
 -1.5323715e-001
 -1.4502395e-001
 -1.2926630e-001
 -1.1215727e-001
 -9.9802271e-002
 -9.5845517e-002
 -1.0005484e-001
 -1.0840083e-001
 -1.1459020e-001
 -1.1245489e-001
 -9.8276934e-002
 -7.2168601e-002
 -3.8007746e-002
 -1.9956865e-003
  2.9569284e-002
  5.2430945e-002
  6.5627322e-002
  7.1439742e-002
  7.4152436e-002
  7.8194976e-002
  8.6446037e-002
  9.9359089e-002
  1.1519311e-001
  1.3116145e-001
  1.4494697e-001
  1.5591531e-001
  1.6552384e-001
  1.7678633e-001
  1.9305163e-001
  2.1662221e-001
  2.4777606e-001
  2.8456121e-001
  3.2340411e-001
  3.6025149e-001
  3.9177995e-001
  4.1622064e-001
  4.3353595e-001
  4.4496057e-001
  4.5216484e-001
  4.5641868e-001
  4.5809546e-001
