 -3.5271437e-001
 -3.5314976e-001
 -3.5249849e-001
 -3.5084738e-001
 -3.4863572e-001
 -3.4660534e-001
 -3.4563352e-001
 -3.4649131e-001
 -3.4960118e-001
 -3.5487655e-001
 -3.6170423e-001
 -3.6908837e-001
 -3.7592063e-001
 -3.8129720e-001
 -3.8478287e-001
 -3.8653438e-001
 -3.8723814e-001
 -3.8787651e-001
 -3.8939431e-001
 -3.9237233e-001
 -3.9681493e-001
 -4.0212342e-001
 -4.0726693e-001
 -4.1109758e-001
 -4.1270918e-001
 -4.1172426e-001
 -4.0841868e-001
 -4.0364659e-001
 -3.9859473e-001
 -3.9444979e-001
 -3.9208868e-001
 -3.9189003e-001
 -3.9372094e-001
 -3.9709129e-001
 -4.0141035e-001
 -4.0624700e-001
 -4.1149642e-001
 -4.1739213e-001
 -4.2435990e-001
 -4.3276857e-001
 -4.4267265e-001
 -4.5364709e-001
 -4.6478504e-001
 -4.7487375e-001
 -4.8270058e-001
 -4.8739390e-001
 -4.8868616e-001
 -4.8700832e-001
 -4.8337672e-001
 -4.7910009e-001
 -4.7539322e-001
 -4.7301482e-001
 -4.7204156e-001
 -4.7184801e-001
 -4.7129927e-001
 -4.6909794e-001
 -4.6418089e-001
 -4.5604877e-001
 -4.4493257e-001
 -4.3175288e-001
 -4.1788825e-001
 -4.0482509e-001
 -3.9379239e-001
 -3.8548560e-001
 -3.7995332e-001
 -3.7666906e-001
 -3.7475387e-001
 -3.7327067e-001
 -3.7149244e-001
 -3.6905879e-001
 -3.6597670e-001
 -3.6247695e-001
 -3.5879057e-001
 -3.5494021e-001
 -3.5063812e-001
 -3.4534449e-001
 -3.3847893e-001
 -3.2971454e-001
 -3.1924288e-001
 -3.0789531e-001
 -2.9704705e-001
 -2.8830399e-001
 -2.8305241e-001
 -2.8201145e-001
 -2.8494252e-001
 -2.9062922e-001
 -2.9715914e-001
 -3.0243875e-001
 -3.0479173e-001
 -3.0345644e-001
 -2.9882562e-001
 -2.9235034e-001
 -2.8613621e-001
 -2.8235584e-001
 -2.8265625e-001
 -2.8773598e-001
 -2.9720824e-001
 -3.0977397e-001
 -3.2363502e-001
 -3.3701154e-001
 -3.4860736e-001
 -3.5789578e-001
 -3.6516129e-001
 -3.7130923e-001
 -3.7752040e-001
 -3.8486542e-001
 -3.9399399e-001
 -4.0498330e-001
 -4.1737678e-001
 -4.3038628e-001
 -4.4318300e-001
 -4.5517792e-001
 -4.6619694e-001
 -4.7648959e-001
 -4.8656357e-001
 -4.9689743e-001
 -5.0763149e-001
 -5.1835666e-001
 -5.2810176e-001
 -5.3556324e-001
 -5.3953934e-001
 -5.3944861e-001
 -5.3575821e-001
 -5.3014409e-001
 -5.2526430e-001
 -5.2413729e-001
 -5.2925092e-001
 -5.4164311e-001
 -5.6024836e-001
 -5.8176951e-001
 -6.0120721e-001
 -6.1299032e-001
 -6.1245257e-001
 -5.9725631e-001
 -5.6833055e-001
 -5.2998833e-001
 -4.8910429e-001
 -4.5350684e-001
 -4.2998950e-001
 -4.2248843e-001
 -4.3095549e-001
 -4.5127398e-001
 -4.7626774e-001
 -4.9753497e-001
 -5.0759687e-001
 -5.0176545e-001
 -4.7923085e-001
 -4.4311226e-001
 -3.9952453e-001
 -3.5598595e-001
 -3.1964600e-001
 -2.9580799e-001
 -2.8707768e-001
 -2.9324695e-001
 -3.1180299e-001
 -3.3880793e-001
 -3.6985356e-001
 -4.0085372e-001
 -4.2855092e-001
 -4.5073027e-001
 -4.6621205e-001
 -4.7471755e-001
 -4.7668139e-001
 -4.7304698e-001
 -4.6505447e-001
 -4.5402829e-001
 -4.4118786e-001
 -4.2752039e-001
 -4.1375192e-001
 -4.0042232e-001
 -3.8802333e-001
 -3.7712002e-001
 -3.6836898e-001
 -3.6238382e-001
 -3.5947041e-001
 -3.5933046e-001
 -3.6087738e-001
 -3.6229444e-001
 -3.6139006e-001
 -3.5619186e-001
 -3.4561379e-001
 -3.2997448e-001
 -3.1116642e-001
 -2.9237504e-001
 -2.7738988e-001
 -2.6968778e-001
 -2.7155139e-001
 -2.8348348e-001
 -3.0409016e-001
 -3.3046244e-001
 -3.5893358e-001
 -3.8598006e-001
 -4.0899964e-001
 -4.2675138e-001
 -4.3935933e-001
 -4.4792533e-001
 -4.5391950e-001
 -4.5858007e-001
 -4.6253723e-001
 -4.6578497e-001
 -4.6799067e-001
 -4.6900075e-001
 -4.6931769e-001
 -4.7032131e-001
 -4.7409188e-001
 -4.8283860e-001
 -4.9809632e-001
 -5.1996852e-001
 -5.4671663e-001
 -5.7490867e-001
 -6.0016139e-001
 -6.1829795e-001
 -6.2657081e-001
 -6.2453552e-001
 -6.1424149e-001
 -5.9961431e-001
 -5.8517956e-001
 -5.7452399e-001
 -5.6901463e-001
 -5.6724552e-001
 -5.6545690e-001
 -5.5884422e-001
 -5.4335197e-001
 -5.1734844e-001
 -4.8257956e-001
 -4.4401408e-001
 -4.0855568e-001
 -3.8298791e-001
 -3.7180147e-001
 -3.7562561e-001
 -3.9081308e-001
 -4.1036299e-001
 -4.2592679e-001
 -4.3028005e-001
 -4.1948131e-001
 -3.9403692e-001
 -3.5871505e-001
 -3.2109217e-001
 -2.8931951e-001
 -2.6982919e-001
 -2.6568518e-001
 -2.7603766e-001
 -2.9675478e-001
 -3.2192316e-001
 -3.4565832e-001
 -3.6362545e-001
 -3.7383661e-001
 -3.7658732e-001
 -3.7370502e-001
 -3.6749397e-001
 -3.5980965e-001
 -3.5158033e-001
 -3.4287600e-001
 -3.3339734e-001
 -3.2310571e-001
 -3.1268987e-001
 -3.0366026e-001
 -2.9803052e-001
 -2.9771522e-001
 -3.0387995e-001
 -3.1648974e-001
 -3.3421984e-001
 -3.5475767e-001
 -3.7538881e-001
 -3.9367208e-001
 -4.0799306e-001
 -4.1784141e-001
 -4.2375717e-001
 -4.2699837e-001
 -4.2906191e-001
 -4.3121822e-001
 -4.3419738e-001
 -4.3810152e-001
 -4.4254015e-001
 -4.4691673e-001
 -4.5075488e-001
 -4.5395006e-001
 -4.5686466e-001
 -4.6023888e-001
 -4.6495011e-001
 -4.7170182e-001
 -4.8074675e-001
 -4.9174007e-001
 -5.0378028e-001
 -5.1563761e-001
 -5.2610853e-001
 -5.3439011e-001
 -5.4035298e-001
 -5.4461578e-001
 -5.4838110e-001
 -5.5306840e-001
 -5.5984912e-001
 -5.6923017e-001
 -5.8082677e-001
 -5.9341363e-001
 -6.0525721e-001
 -6.1463855e-001
 -6.2040723e-001
 -6.2238682e-001
 -6.2149111e-001
 -6.1949795e-001
 -6.1853733e-001
 -6.2044446e-001
 -6.2617696e-001
 -6.3547854e-001
 -6.4689489e-001
 -6.5813782e-001
 -6.6668474e-001
 -6.7043223e-001
 -6.6821295e-001
 -6.6003763e-001
 -6.4701603e-001
 -6.3101041e-001
 -6.1414846e-001
 -5.9834820e-001
 -5.8498133e-001
 -5.7473818e-001
 -5.6768387e-001
 -5.6343676e-001
 -5.6137686e-001
 -5.6080564e-001
 -5.6102087e-001
 -5.6131816e-001
 -5.6096726e-001
 -5.5921873e-001
 -5.5537665e-001
 -5.4893384e-001
 -5.3972615e-001
 -5.2804023e-001
 -5.1461481e-001
 -5.0050898e-001
 -4.8686005e-001
 -4.7459935e-001
 -4.6421850e-001
 -4.5566926e-001
 -4.4844001e-001
 -4.4179276e-001
 -4.3508760e-001
 -4.2808811e-001
 -4.2114191e-001
 -4.1516780e-001
 -4.1144138e-001
 -4.1123533e-001
 -4.1541751e-001
 -4.2412532e-001
 -4.3661458e-001
 -4.5133179e-001
 -4.6619623e-001
 -4.7902104e-001
 -4.8796565e-001
 -4.9190550e-001
 -4.9062946e-001
 -4.8482236e-001
 -4.7584714e-001
 -4.6539190e-001
 -4.5507743e-001
 -4.4612408e-001
 -4.3915220e-001
 -4.3414696e-001
 -4.3057085e-001
 -4.2756980e-001
 -4.2420427e-001
 -4.1964572e-001
 -4.1330643e-001
 -4.0490260e-001
 -3.9447334e-001
 -3.8238189e-001
 -3.6931086e-001
 -3.5623958e-001
 -3.4437314e-001
 -3.3499329e-001
 -3.2922413e-001
 -3.2774641e-001
 -3.3053367e-001
 -3.3670484e-001
 -3.4457444e-001
 -3.5193367e-001
 -3.5652387e-001
 -3.5659462e-001
 -3.5139565e-001
 -3.4145494e-001
 -3.2854602e-001
 -3.1533280e-001
 -3.0477256e-001
 -2.9942907e-001
 -3.0087507e-001
 -3.0933956e-001
 -3.2368849e-001
 -3.4173745e-001
 -3.6080808e-001
 -3.7837991e-001
 -3.9266962e-001
 -4.0299454e-001
 -4.0983765e-001
 -4.1461097e-001
 -4.1919201e-001
 -4.2536411e-001
 -4.3431208e-001
 -4.4630494e-001
 -4.6064275e-001
 -4.7587093e-001
 -4.9019171e-001
 -5.0195134e-001
 -5.1006483e-001
 -5.1426332e-001
 -5.1510380e-001
 -5.1375078e-001
 -5.1160386e-001
 -5.0988594e-001
 -5.0931335e-001
 -5.0994069e-001
 -5.1121946e-001
 -5.1224621e-001
 -5.1212075e-001
 -5.1030401e-001
 -5.0686456e-001
 -5.0253447e-001
 -4.9854822e-001
 -4.9630012e-001
 -4.9690865e-001
 -5.0080713e-001
 -5.0748019e-001
 -5.1543441e-001
 -5.2243553e-001
 -5.2597679e-001
 -5.2387944e-001
 -5.1488252e-001
 -4.9906700e-001
 -4.7798746e-001
 -4.5444696e-001
 -4.3193979e-001
 -4.1387862e-001
 -4.0279366e-001
 -3.9971748e-001
 -4.0393554e-001
 -4.1319227e-001
 -4.2431584e-001
 -4.3409847e-001
 -4.4018345e-001
 -4.4169741e-001
 -4.3943549e-001
 -4.3554123e-001
 -4.3278116e-001
 -4.3364258e-001
 -4.3953977e-001
 -4.5037665e-001
 -4.6459536e-001
 -4.7967933e-001
 -4.9293292e-001
 -5.0227538e-001
 -5.0679431e-001
 -5.0689588e-001
 -5.0403358e-001
 -5.0013918e-001
 -4.9697193e-001
 -4.9561336e-001
 -4.9626485e-001
 -4.9838475e-001
 -5.0107554e-001
 -5.0354675e-001
 -5.0546545e-001
 -5.0706307e-001
 -5.0897229e-001
 -5.1187663e-001
 -5.1612828e-001
 -5.2149926e-001
 -5.2717489e-001
 -5.3200103e-001
 -5.3489407e-001
 -5.3525522e-001
 -5.3322311e-001
 -5.2965406e-001
 -5.2581676e-001
 -5.2289416e-001
 -5.2145981e-001
 -5.2111580e-001
 -5.2043441e-001
 -5.1725331e-001
 -5.0926149e-001
 -4.9471781e-001
 -4.7309368e-001
 -4.4544238e-001
 -4.1436707e-001
 -3.8356829e-001
 -3.5706953e-001
 -3.3831382e-001
 -3.2936815e-001
 -3.3045033e-001
 -3.3991119e-001
 -3.5468142e-001
 -3.7106390e-001
 -3.8565507e-001
 -3.9614414e-001
 -4.0177674e-001
 -4.0337231e-001
 -4.0291707e-001
 -4.0287680e-001
 -4.0544689e-001
 -4.1195865e-001
 -4.2259428e-001
 -4.3645484e-001
 -4.5191293e-001
 -4.6710515e-001
 -4.8039945e-001
 -4.9071062e-001
 -4.9761347e-001
 -5.0128399e-001
 -5.0235316e-001
 -5.0176672e-001
 -5.0070853e-001
 -5.0058327e-001
 -5.0299746e-001
 -5.0965321e-001
 -5.2209202e-001
 -5.4129151e-001
 -5.6720227e-001
 -5.9837931e-001
 -6.3188127e-001
 -6.6356213e-001
 -6.8877246e-001
 -7.0335101e-001
 -7.0466834e-001
 -6.9242869e-001
 -6.6896976e-001
 -6.3892255e-001
 -6.0826956e-001
 -5.8301665e-001
 -5.6781430e-001
 -5.6488739e-001
 -5.7355205e-001
 -5.9043718e-001
 -6.1033868e-001
 -6.2747133e-001
 -6.3679402e-001
 -6.3508652e-001
 -6.2154247e-001
 -5.9778280e-001
 -5.6734189e-001
 -5.3479814e-001
 -5.0478269e-001
 -4.8109844e-001
 -4.6612365e-001
 -4.6058442e-001
 -4.6368369e-001
 -4.7349650e-001
 -4.8749823e-001
 -5.0308851e-001
 -5.1800388e-001
 -5.3056112e-001
 -5.3972662e-001
 -5.4504911e-001
 -5.4651627e-001
 -5.4439753e-001
 -5.3912040e-001
 -5.3120312e-001
 -5.2124058e-001
 -5.0992114e-001
 -4.9804208e-001
 -4.8649451e-001
 -4.7620093e-001
 -4.6800786e-001
 -4.6255484e-001
 -4.6015500e-001
 -4.6072497e-001
 -4.6379099e-001
 -4.6857713e-001
 -4.7415508e-001
 -4.7961352e-001
 -4.8419710e-001
 -4.8737544e-001
 -4.8882969e-001
 -4.8837782e-001
 -4.8588787e-001
 -4.8123533e-001
 -4.7434228e-001
 -4.6529502e-001
 -4.5448886e-001
 -4.4271578e-001
 -4.3111173e-001
 -4.2092235e-001
 -4.1312094e-001
 -4.0799332e-001
 -4.0485596e-001
 -4.0206629e-001
 -3.9740575e-001
 -3.8878318e-001
 -3.7506171e-001
 -3.5671435e-001
 -3.3601245e-001
 -3.1656798e-001
 -3.0226372e-001
 -2.9584719e-001
 -2.9764563e-001
 -3.0489905e-001
 -3.1206457e-001
 -3.1214776e-001
 -2.9875217e-001
 -2.6823829e-001
 -2.2126673e-001
 -1.6313382e-001
 -1.0266673e-001
 -4.9921410e-002
 -1.3356090e-002
  2.6236950e-003
 -1.0717700e-003
 -1.8598055e-002
 -4.1114320e-002
 -5.9655780e-002
 -6.7986685e-002
 -6.4471980e-002
 -5.2336745e-002
 -3.8243595e-002
 -2.9712285e-002
 -3.2318075e-002
 -4.7680865e-002
 -7.2961330e-002
 -1.0201810e-001
 -1.2775911e-001
 -1.4477586e-001
 -1.5125306e-001
 -1.4943746e-001
 -1.4451670e-001
 -1.4238004e-001
 -1.4716491e-001
 -1.5956450e-001
 -1.7655845e-001
 -1.9265697e-001
 -2.0214927e-001
 -2.0145779e-001
 -1.9067115e-001
 -1.7366346e-001
 -1.5676613e-001
 -1.4651409e-001
 -1.4732640e-001
 -1.5997937e-001
 -1.8140434e-001
 -2.0583253e-001
 -2.2681882e-001
 -2.3938542e-001
 -2.4153057e-001
 -2.3462091e-001
 -2.2260906e-001
 -2.1042512e-001
 -2.0214205e-001
 -1.9953954e-001
 -2.0150979e-001
 -2.0444528e-001
 -2.0343891e-001
 -1.9390438e-001
 -1.7313875e-001
 -1.4139743e-001
 -1.0219695e-001
 -6.1752717e-002
 -2.7655565e-002
 -7.0636000e-003
 -4.8126850e-003
 -2.1907035e-002
 -5.4815265e-002
 -9.5848998e-002
 -1.3464882e-001
 -1.6049695e-001
 -1.6490252e-001
 -1.4376480e-001
 -9.8482619e-002
 -3.5652215e-002
  3.4592505e-002
  1.0112599e-001
  1.5451714e-001
  1.8907878e-001
  2.0373233e-001
  2.0154552e-001
  1.8823424e-001
  1.7022300e-001
  1.5292701e-001
  1.3974282e-001
  1.3190109e-001
  1.2898813e-001
  1.2972592e-001
  1.3259103e-001
  1.3603672e-001
  1.3835846e-001
  1.3747089e-001
  1.3093105e-001
  1.1641260e-001
  9.2567875e-002
  5.9943030e-002
  2.1474755e-002
 -1.7815070e-002
 -5.2014320e-002
 -7.6101470e-002
 -8.7693835e-002
 -8.8058240e-002
 -8.1886245e-002
 -7.5778415e-002
 -7.5895375e-002
 -8.5609350e-002
 -1.0406275e-001
 -1.2625764e-001
 -1.4475036e-001
 -1.5241138e-001
 -1.4526798e-001
 -1.2436035e-001
 -9.5856700e-002
 -6.9287807e-002
 -5.4449741e-002
 -5.8029806e-002
 -8.1141867e-002
 -1.1866045e-001
 -1.6062572e-001
 -1.9527742e-001
 -2.1272221e-001
 -2.0803683e-001
 -1.8281935e-001
 -1.4473262e-001
 -1.0524193e-001
 -7.6303934e-002
 -6.7042130e-002
 -8.1376965e-002
 -1.1722080e-001
 -1.6734063e-001
 -2.2150652e-001
 -2.6922381e-001
 -3.0226305e-001
 -3.1634695e-001
 -3.1165414e-001
 -2.9215405e-001
 -2.6409316e-001
 -2.3413782e-001
 -2.0771005e-001
 -1.8793799e-001
 -1.7542659e-001
 -1.6880014e-001
 -1.6574859e-001
 -1.6418426e-001
 -1.6311630e-001
 -1.6297347e-001
 -1.6530733e-001
 -1.7202204e-001
 -1.8443135e-001
 -2.0249011e-001
 -2.2447557e-001
 -2.4723266e-001
 -2.6690667e-001
 -2.7993190e-001
 -2.8397261e-001
 -2.7854149e-001
 -2.6512999e-001
 -2.4683538e-001
 -2.2761013e-001
 -2.1135087e-001
 -2.0106866e-001
 -1.9833762e-001
 -2.0312926e-001
 -2.1403065e-001
 -2.2874751e-001
 -2.4473229e-001
 -2.5976320e-001
 -2.7233477e-001
 -2.8178800e-001
 -2.8818909e-001
 -2.9203513e-001
 -2.9390388e-001
 -2.9416472e-001
 -2.9283368e-001
 -2.8960212e-001
 -2.8401529e-001
 -2.7573862e-001
 -2.6483328e-001
 -2.5196524e-001
 -2.3848655e-001
 -2.2634691e-001
 -2.1781884e-001
 -2.1505279e-001
 -2.1952436e-001
 -2.3148814e-001
 -2.4959441e-001
 -2.7083138e-001
 -2.9090570e-001
 -3.0506435e-001
 -3.0921578e-001
 -3.0107459e-001
 -2.8098852e-001
 -2.5214897e-001
 -2.2004247e-001
 -1.9122912e-001
 -1.7176085e-001
 -1.6569418e-001
 -1.7414758e-001
 -1.9519419e-001
 -2.2461316e-001
 -2.5723890e-001
 -2.8845120e-001
 -3.1531248e-001
 -3.3699978e-001
 -3.5444751e-001
 -3.6941210e-001
 -3.8338068e-001
 -3.9679030e-001
 -4.0888358e-001
 -4.1825364e-001
 -4.2383126e-001
 -4.2586035e-001
 -4.2638098e-001
 -4.2891209e-001
 -4.3734166e-001
 -4.5437081e-001
 -4.8008774e-001
 -5.1126704e-001
 -5.4177599e-001
 -5.6408762e-001
 -5.7148474e-001
 -5.6024560e-001
 -5.3104896e-001
 -4.8906023e-001
 -4.4259281e-001
 -4.0073255e-001
 -3.7068916e-001
 -3.5575488e-001
 -3.5455412e-001
 -3.6182318e-001
 -3.7042183e-001
 -3.7384768e-001
 -3.6835935e-001
 -3.5397837e-001
 -3.3407127e-001
 -3.1374624e-001
 -2.9773063e-001
 -2.8856259e-001
 -2.8577476e-001
 -2.8633724e-001
 -2.8612747e-001
 -2.8180025e-001
 -2.7229146e-001
 -2.5934878e-001
 -2.4687132e-001
 -2.3930349e-001
 -2.3968966e-001
 -2.4812689e-001
 -2.6121283e-001
 -2.7273532e-001
 -2.7542024e-001
 -2.6319344e-001
 -2.3323886e-001
 -1.8719434e-001
 -1.3108939e-001
 -7.4006563e-002
 -2.5822271e-002
  5.3502320e-003
  1.5304087e-002
  4.8642290e-003
 -2.0336710e-002
 -5.1396940e-002
 -7.8597233e-002
 -9.4096369e-002
 -9.4108837e-002
 -7.9925379e-002
 -5.7453023e-002
 -3.5382683e-002
 -2.2514392e-002
 -2.5048660e-002
 -4.4686227e-002
 -7.8140573e-002
 -1.1822308e-001
 -1.5615024e-001
 -1.8431945e-001
 -1.9864574e-001
 -1.9970444e-001
 -1.9233357e-001
 -1.8387225e-001
 -1.8166487e-001
 -1.9068768e-001
 -2.1208151e-001
 -2.4303456e-001
 -2.7797947e-001
 -3.1062290e-001
 -3.3606612e-001
 -3.5228614e-001
 -3.6051014e-001
 -3.6442885e-001
 -3.6860298e-001
 -3.7667968e-001
 -3.9006776e-001
 -4.0752316e-001
 -4.2575058e-001
 -4.4076175e-001
 -4.4947351e-001
 -4.5096240e-001
 -4.4692963e-001
 -4.4121367e-001
 -4.3851500e-001
 -4.4275808e-001
 -4.5563029e-001
 -4.7577703e-001
 -4.9892549e-001
 -5.1892675e-001
 -5.2943213e-001
 -5.2573443e-001
 -5.0625251e-001
 -4.7323151e-001
 -4.3243823e-001
 -3.9189898e-001
 -3.5998319e-001
 -3.4331663e-001
 -3.4506377e-001
 -3.6403561e-001
 -3.9487300e-001
 -4.2927869e-001
 -4.5799538e-001
 -4.7302528e-001
 -4.6951910e-001
 -4.4684850e-001
 -4.0859815e-001
 -3.6150857e-001
 -3.1368708e-001
 -2.7259566e-001
 -2.4336697e-001
 -2.2787960e-001
 -2.2478164e-001
 -2.3036373e-001
 -2.3994266e-001
 -2.4929597e-001
 -2.5572155e-001
 -2.5846042e-001
 -2.5845321e-001
 -2.5761467e-001
 -2.5793725e-001
 -2.6073953e-001
 -2.6627309e-001
 -2.7374503e-001
 -2.8166659e-001
 -2.8835242e-001
 -2.9238847e-001
 -2.9294175e-001
 -2.8986606e-001
 -2.8362548e-001
 -2.7509237e-001
 -2.6528120e-001
 -2.5507126e-001
 -2.4496820e-001
 -2.3496037e-001
 -2.2452937e-001
 -2.1285542e-001
 -1.9920628e-001
 -1.8342214e-001
 -1.6633704e-001
 -1.4995030e-001
 -1.3720500e-001
 -1.3134603e-001
 -1.3498291e-001
 -1.4911734e-001
 -1.7245491e-001
 -2.0127255e-001
 -2.2996373e-001
 -2.5217774e-001
 -2.6227524e-001
 -2.5670773e-001
 -2.3493185e-001
 -1.9959432e-001
 -1.5592694e-001
 -1.1051320e-001
 -6.9757950e-002
 -3.8464115e-002
 -1.8877800e-002
 -1.0424510e-002
 -1.0168070e-002
 -1.3833255e-002
 -1.7093365e-002
 -1.6766300e-002
 -1.1599770e-002
 -2.4457850e-003
  8.2027000e-003
  1.7158710e-002
  2.1675685e-002
  2.0414370e-002
  1.3934225e-002
  4.5483900e-003
 -4.4122100e-003
 -9.6795900e-003
 -9.1051950e-003
 -2.3268400e-003
  9.1831350e-003
  2.2694765e-002
  3.5202230e-002
  4.4447690e-002
  4.9623255e-002
  5.1525620e-002
  5.2158720e-002
  5.3988315e-002
  5.9163830e-002
  6.8994245e-002
  8.3817384e-002
  1.0320811e-001
  1.2632235e-001
  1.5213819e-001
  1.7944564e-001
  2.0660820e-001
  2.3128501e-001
  2.5037952e-001
  2.6042042e-001
  2.5840040e-001
  2.4286671e-001
  2.1487765e-001
  1.7839656e-001
  1.3982878e-001
  1.0668200e-001
  8.5655056e-002
  8.0709710e-002
  9.1752728e-002
  1.1440884e-001
  1.4103717e-001
  1.6274411e-001
  1.7181271e-001
  1.6382216e-001
  1.3882340e-001
  1.0123621e-001
  5.8535130e-002
  1.9157118e-002
 -9.7252985e-003
 -2.3927023e-002
 -2.3034423e-002
 -1.0132391e-002
  9.3270135e-003
  2.9101428e-002
  4.3709313e-002
  4.9573652e-002
  4.5557186e-002
  3.2882354e-002
  1.4573052e-002
 -5.3794440e-003
 -2.2927754e-002
 -3.4797226e-002
 -3.9114061e-002
 -3.5743593e-002
 -2.6274970e-002
 -1.3631320e-002
 -1.3576350e-003
  7.2673500e-003
  1.0068200e-002
  6.5087600e-003
 -2.2575250e-003
 -1.3859534e-002
 -2.5554513e-002
 -3.5151452e-002
 -4.1671151e-002
 -4.5494361e-002
 -4.7952025e-002
 -5.0547706e-002
 -5.4171770e-002
 -5.8689460e-002
 -6.3136890e-002
 -6.6490700e-002
 -6.8694715e-002
 -7.1455440e-002
 -7.8344325e-002
 -9.3981620e-002
 -1.2244652e-001
 -1.6542180e-001
 -2.2078510e-001
 -2.8230162e-001
 -3.4074544e-001
 -3.8627924e-001
 -4.1142829e-001
 -4.1368386e-001
 -3.9679348e-001
 -3.7016141e-001
 -3.4638430e-001
 -3.3758507e-001
 -3.5165862e-001
 -3.8963732e-001
 -4.4507245e-001
 -5.0570268e-001
 -5.5694374e-001
 -5.8613381e-001
 -5.8621080e-001
 -5.5767449e-001
 -5.0824020e-001
 -4.5033761e-001
 -3.9729611e-001
 -3.5945651e-001
 -3.4143009e-001
 -3.4130515e-001
 -3.5193374e-001
 -3.6374893e-001
 -3.6809822e-001
 -3.5997566e-001
 -3.3930996e-001
 -3.1050342e-001
 -2.8051669e-001
 -2.5625364e-001
 -2.4217199e-001
 -2.3889769e-001
 -2.4322926e-001
 -2.4943515e-001
 -2.5133896e-001
 -2.4447780e-001
 -2.2765086e-001
 -2.0341112e-001
 -1.7739574e-001
 -1.5672922e-001
 -1.4797518e-001
 -1.5520960e-001
 -1.7873282e-001
 -2.1476083e-001
 -2.5618498e-001
 -2.9422080e-001
 -3.2054006e-001
 -3.2934665e-001
 -3.1885474e-001
 -2.9176622e-001
 -2.5459764e-001
 -2.1601377e-001
 -1.8460157e-001
 -1.6668261e-001
 -1.6475986e-001
 -1.7702098e-001
 -1.9802027e-001
 -2.2032414e-001
 -2.3663106e-001
 -2.4175008e-001
 -2.3388251e-001
 -2.1487690e-001
 -1.8944786e-001
 -1.6365977e-001
 -1.4317925e-001
 -1.3183398e-001
 -1.3087663e-001
 -1.3909501e-001
 -1.5362619e-001
 -1.7111946e-001
 -1.8881822e-001
 -2.0521015e-001
 -2.2008922e-001
 -2.3410468e-001
 -2.4805513e-001
 -2.6225557e-001
 -2.7624399e-001
 -2.8893042e-001
 -2.9909584e-001
 -3.0599805e-001
 -3.0979649e-001
 -3.1158606e-001
 -3.1299795e-001
 -3.1551548e-001
 -3.1978633e-001
 -3.2523126e-001
 -3.3014261e-001
 -3.3227317e-001
 -3.2971196e-001
 -3.2171383e-001
 -3.0914681e-001
 -2.9435423e-001
 -2.8044744e-001
 -2.7026657e-001
 -2.6538534e-001
 -2.6553361e-001
 -2.6866763e-001
 -2.7168273e-001
 -2.7152550e-001
 -2.6631056e-001
 -2.5603870e-001
 -2.4265318e-001
 -2.2940632e-001
 -2.1975450e-001
 -2.1616400e-001
 -2.1923607e-001
 -2.2743998e-001
 -2.3752613e-001
 -2.4546126e-001
 -2.4756711e-001
 -2.4150774e-001
 -2.2685966e-001
 -2.0516610e-001
 -1.7954960e-001
 -1.5406675e-001
 -1.3300380e-001
 -1.2024715e-001
 -1.1876830e-001
 -1.3019919e-001
 -1.5447467e-001
 -1.8958082e-001
 -2.3152286e-001
 -2.7465779e-001
 -3.1248151e-001
 -3.3882079e-001
 -3.4920567e-001
 -3.4206406e-001
 -3.1935703e-001
 -2.8638893e-001
 -2.5075475e-001
 -2.2065120e-001
 -2.0298428e-001
 -2.0177872e-001
 -2.1730704e-001
 -2.4613948e-001
 -2.8204801e-001
 -3.1746973e-001
 -3.4511781e-001
 -3.5934877e-001
 -3.5702705e-001
 -3.3780928e-001
 -3.0393063e-001
 -2.5966242e-001
 -2.1061138e-001
 -1.6297338e-001
 -1.2278610e-001
 -9.5190119e-002
 -8.3725363e-002
 -8.9744589e-002
 -1.1207753e-001
 -1.4708534e-001
 -1.8918299e-001
 -2.3178756e-001
 -2.6851519e-001
 -2.9435252e-001
 -3.0651303e-001
 -3.0476585e-001
 -2.9117131e-001
 -2.6932412e-001
 -2.4333500e-001
 -2.1683757e-001
 -1.9227502e-001
 -1.7062100e-001
 -1.5155448e-001
 -1.3398477e-001
 -1.1673873e-001
 -9.9196928e-002
 -8.1697325e-002
 -6.5599246e-002
 -5.2997311e-002
 -4.6170285e-002
 -4.6922264e-002
 -5.6006204e-002
 -7.2802057e-002
 -9.5354984e-002
 -1.2077704e-001
 -1.4590576e-001
 -1.6802973e-001
 -1.8546446e-001
 -1.9780784e-001
 -2.0581041e-001
 -2.1092833e-001
 -2.1473689e-001
 -2.1842515e-001
 -2.2255002e-001
 -2.2711389e-001
 -2.3188951e-001
 -2.3680788e-001
 -2.4219665e-001
 -2.4872474e-001
 -2.5704668e-001
 -2.6729209e-001
 -2.7864237e-001
 -2.8923134e-001
 -2.9649114e-001
 -2.9788293e-001
 -2.9177449e-001
 -2.7813574e-001
 -2.5876107e-001
 -2.3689070e-001
 -2.1633037e-001
 -2.0036795e-001
 -1.9087485e-001
 -1.8791557e-001
 -1.8999541e-001
 -1.9482761e-001
 -2.0029997e-001
 -2.0525025e-001
 -2.0974899e-001
 -2.1480300e-001
 -2.2164106e-001
 -2.3092265e-001
 -2.4224051e-001
 -2.5415539e-001
 -2.6476057e-001
 -2.7252808e-001
 -2.7704655e-001
 -2.7928911e-001
 -2.8124290e-001
 -2.8501178e-001
 -2.9175237e-001
 -3.0091107e-001
 -3.1014229e-001
 -3.1603203e-001
 -3.1542365e-001
 -3.0687425e-001
 -2.9167077e-001
 -2.7395217e-001
 -2.5978233e-001
 -2.5539123e-001
 -2.6511653e-001
 -2.8971700e-001
 -3.2564212e-001
 -3.6555468e-001
 -4.0001153e-001
 -4.1984309e-001
 -4.1855175e-001
 -3.9404234e-001
 -3.4919912e-001
 -2.9116547e-001
 -2.2955193e-001
 -1.7408693e-001
 -1.3235144e-001
 -1.0818156e-001
 -1.0111064e-001
 -1.0692837e-001
 -1.1914072e-001
 -1.3089798e-001
 -1.3686465e-001
 -1.3454735e-001
 -1.2475763e-001
 -1.1112135e-001
 -9.8800890e-002
 -9.2806720e-002
 -9.6388740e-002
 -1.0997986e-001
 -1.3101087e-001
 -1.5466207e-001
 -1.7533078e-001
 -1.8836069e-001
 -1.9147830e-001
 -1.8545526e-001
 -1.7375369e-001
 -1.6124476e-001
 -1.5241353e-001
 -1.4966165e-001
 -1.5231672e-001
 -1.5674265e-001
 -1.5757958e-001
 -1.4974875e-001
 -1.3056962e-001
 -1.0126209e-001
 -6.7275201e-002
 -3.7247310e-002
 -2.0840750e-002
 -2.6063250e-002
 -5.6866955e-002
 -1.1174785e-001
 -1.8377719e-001
 -2.6207715e-001
 -3.3433706e-001
 -3.8968068e-001
 -4.2111725e-001
 -4.2695444e-001
 -4.1086114e-001
 -3.8064422e-001
 -3.4613128e-001
 -3.1674587e-001
 -2.9938215e-001
 -2.9705019e-001
 -3.0852638e-001
 -3.2898420e-001
 -3.5136327e-001
 -3.6810395e-001
 -3.7284189e-001
 -3.6170993e-001
 -3.3400850e-001
 -2.9215320e-001
 -2.4096193e-001
 -1.8648113e-001
 -1.3464573e-001
 -9.0099087e-002
 -5.5452446e-002
 -3.1142443e-002
 -1.5874562e-002
 -7.4688625e-003
 -3.8057115e-003
 -3.5479325e-003
 -6.4040495e-003
 -1.2868304e-002
 -2.3567195e-002
 -3.8488703e-002
 -5.6414996e-002
 -7.4806209e-002
 -9.0220512e-002
 -9.9164441e-002
 -9.9115915e-002
 -8.9399522e-002
 -7.1634496e-002
 -4.9599425e-002
 -2.8520162e-002
 -1.3940949e-002
 -1.0446229e-002
 -2.0542380e-002
 -4.3980657e-002
 -7.7711773e-002
 -1.1652251e-001
 -1.5423810e-001
 -1.8521449e-001
 -2.0573599e-001
 -2.1491913e-001
 -2.1482985e-001
 -2.0973685e-001
 -2.0469474e-001
 -2.0388724e-001
 -2.0926997e-001
 -2.1997764e-001
 -2.3270829e-001
 -2.4295176e-001
 -2.4661509e-001
 -2.4144328e-001
 -2.2770737e-001
 -2.0791442e-001
 -1.8567960e-001
 -1.6423479e-001
 -1.4519277e-001
 -1.2807782e-001
 -1.1081140e-001
 -9.0935963e-002
 -6.7039625e-002
 -3.9746400e-002
 -1.1806945e-002
  1.2800485e-002
  3.0424067e-002
  3.9313458e-002
  4.0539688e-002
  3.7822630e-002
  3.6259124e-002
  4.0394362e-002
  5.2365315e-002
  7.0848507e-002
  9.1258966e-002
  1.0718210e-001
  1.1255525e-001
  1.0383019e-001
  8.1347568e-002
  4.9435650e-002
  1.5195455e-002
 -1.3614978e-002
 -3.0895824e-002
 -3.3982986e-002
 -2.4362441e-002
 -7.1617095e-003
  1.0358770e-002
  2.0819233e-002
  1.8653249e-002
  1.4633550e-003
 -2.9485635e-002
 -6.9674950e-002
 -1.1247299e-001
 -1.5071048e-001
 -1.7834138e-001
 -1.9185353e-001
 -1.9114864e-001
 -1.7969901e-001
 -1.6391280e-001
 -1.5179350e-001
 -1.5114668e-001
 -1.6772277e-001
 -2.0374258e-001
 -2.5719272e-001
 -3.2210300e-001
 -3.8976715e-001
 -4.5061615e-001
 -4.9627951e-001
 -5.2132665e-001
 -5.2427837e-001
 -5.0768137e-001
 -4.7728154e-001
 -4.4054719e-001
 -4.0492812e-001
 -3.7626981e-001
 -3.5773677e-001
 -3.4945854e-001
 -3.4893212e-001
 -3.5203278e-001
 -3.5434227e-001
 -3.5243320e-001
 -3.4476935e-001
 -3.3199408e-001
 -3.1655365e-001
 -3.0179188e-001
 -2.9080277e-001
 -2.8539235e-001
 -2.8546339e-001
 -2.8900454e-001
 -2.9268407e-001
 -2.9286569e-001
 -2.8673923e-001
 -2.7322381e-001
 -2.5336797e-001
 -2.3011954e-001
 -2.0752488e-001
 -1.8958837e-001
 -1.7912778e-001
 -1.7696746e-001
 -1.8171434e-001
 -1.9018943e-001
 -1.9838767e-001
 -2.0267497e-001
 -2.0085341e-001
 -1.9276390e-001
 -1.8024061e-001
 -1.6644102e-001
 -1.5477983e-001
 -1.4782551e-001
 -1.4652745e-001
 -1.5002269e-001
 -1.5606540e-001
 -1.6190202e-001
 -1.6526078e-001
 -1.6509405e-001
 -1.6181555e-001
 -1.5697356e-001
 -1.5251734e-001
 -1.4996403e-001
 -1.4979976e-001
 -1.5134318e-001
 -1.5310732e-001
 -1.5349602e-001
 -1.5154444e-001
 -1.4740764e-001
 -1.4241545e-001
 -1.3869112e-001
 -1.3850171e-001
 -1.4359650e-001
 -1.5476850e-001
 -1.7175753e-001
 -1.9346240e-001
 -2.1831139e-001
 -2.4460652e-001
 -2.7071440e-001
 -2.9509025e-001
 -3.1622947e-001
 -3.3268805e-001
 -3.4327331e-001
 -3.4739973e-001
 -3.4548373e-001
 -3.3917773e-001
 -3.3126004e-001
 -3.2510452e-001
 -3.2381532e-001
 -3.2926328e-001
 -3.4134015e-001
 -3.5771694e-001
 -3.7425682e-001
 -3.8603103e-001
 -3.8868417e-001
 -3.7976123e-001
 -3.5958992e-001
 -3.3142198e-001
 -3.0074608e-001
 -2.7393269e-001
 -2.5658083e-001
 -2.5204144e-001
 -2.6055527e-001
 -2.7927058e-001
 -3.0314633e-001
 -3.2647681e-001
 -3.4457682e-001
 -3.5510612e-001
 -3.5861174e-001
 -3.5810319e-001
 -3.5778093e-001
 -3.6132192e-001
 -3.7029589e-001
 -3.8327914e-001
 -3.9603802e-001
 -4.0281565e-001
 -3.9837356e-001
 -3.8013810e-001
 -3.4969428e-001
 -3.1301775e-001
 -2.7921496e-001
 -2.5804514e-001
 -2.5695284e-001
 -2.7857939e-001
 -3.1963327e-001
 -3.7158976e-001
 -4.2308349e-001
 -4.6326360e-001
 -4.8501940e-001
 -4.8699583e-001
 -4.7371399e-001
 -4.5375775e-001
 -4.3665600e-001
 -4.2953958e-001
 -4.3472312e-001
 -4.4902779e-001
 -4.6504447e-001
 -4.7385944e-001
 -4.6826478e-001
 -4.4532815e-001
 -4.0744357e-001
 -3.6153396e-001
 -3.1672576e-001
 -2.8134032e-001
 -2.6026269e-001
 -2.5359104e-001
 -2.5700003e-001
 -2.6364064e-001
 -2.6686263e-001
 -2.6276931e-001
 -2.5169062e-001
 -2.3805665e-001
 -2.2872785e-001
 -2.3038652e-001
 -2.4692475e-001
 -2.7776378e-001
 -3.1771015e-001
 -3.5841482e-001
 -3.9094200e-001
 -4.0857018e-001
 -4.0887137e-001
 -3.9436871e-001
 -3.7156557e-001
 -3.4869762e-001
 -3.3298988e-001
 -3.2835697e-001
 -3.3431603e-001
 -3.4645172e-001
 -3.5823226e-001
 -3.6351380e-001
 -3.5884576e-001
 -3.4477560e-001
 -3.2571468e-001
 -3.0843340e-001
 -2.9972615e-001
 -3.0405950e-001
 -3.2200149e-001
 -3.4993964e-001
 -3.8114212e-001
 -4.0776534e-001
 -4.2311935e-001
 -4.2346186e-001
 -4.0880107e-001
 -3.8255503e-001
 -3.5029750e-001
 -3.1808537e-001
 -2.9092664e-001
 -2.7181630e-001
 -2.6151122e-001
 -2.5894761e-001
 -2.6202192e-001
 -2.6841123e-001
 -2.7618683e-001
 -2.8411715e-001
 -2.9168874e-001
 -2.9894723e-001
 -3.0626247e-001
 -3.1408328e-001
 -3.2270712e-001
 -3.3208034e-001
 -3.4166245e-001
 -3.5041052e-001
 -3.5693205e-001
 -3.5980580e-001
 -3.5799216e-001
 -3.5118999e-001
 -3.3998588e-001
 -3.2570440e-001
 -3.0998625e-001
 -2.9424528e-001
 -2.7922424e-001
 -2.6484509e-001
 -2.5043314e-001
 -2.3523376e-001
 -2.1900444e-001
 -2.0241880e-001
 -1.8708674e-001
 -1.7515205e-001
 -1.6860999e-001
 -1.6861577e-001
 -1.7507332e-001
 -1.8669130e-001
 -2.0150771e-001
 -2.1768879e-001
 -2.3428195e-001
 -2.5159974e-001
 -2.7104183e-001
 -2.9438009e-001
 -3.2275780e-001
 -3.5579673e-001
 -3.9120181e-001
 -4.2509018e-001
 -4.5300171e-001
 -4.7126990e-001
 -4.7825739e-001
 -4.7496992e-001
 -4.6476595e-001
 -4.5221391e-001
 -4.4148730e-001
 -4.3489625e-001
 -4.3213742e-001
 -4.3059627e-001
 -4.2663952e-001
 -4.1744021e-001
 -4.0263949e-001
 -3.8516710e-001
 -3.7082193e-001
 -3.6665806e-001
 -3.7866846e-001
 -4.0954345e-001
 -4.5729421e-001
 -5.1526403e-001
 -5.7359139e-001
 -6.2169935e-001
 -6.5103639e-001
 -6.5720738e-001
 -6.4084140e-001
 -6.0697163e-001
 -5.6320308e-001
 -5.1733750e-001
 -4.7527477e-001
 -4.3986430e-001
 -4.1099755e-001
 -3.8675971e-001
 -3.6507460e-001
 -3.4512747e-001
 -3.2798774e-001
 -3.1621592e-001
 -3.1267550e-001
 -3.1910094e-001
 -3.3506384e-001
 -3.5779697e-001
 -3.8296394e-001
 -4.0605972e-001
 -4.2386738e-001
 -4.3538540e-001
 -4.4187774e-001
 -4.4607710e-001
 -4.5092300e-001
 -4.5839020e-001
 -4.6888721e-001
 -4.8142054e-001
 -4.9435956e-001
 -5.0636352e-001
 -5.1697204e-001
 -5.2653847e-001
 -5.3552301e-001
 -5.4350332e-001
 -5.4844463e-001
 -5.4670610e-001
 -5.3396175e-001
 -5.0680492e-001
 -4.6446148e-001
 -4.0991298e-001
 -3.4989157e-001
 -2.9360031e-001
 -2.5048464e-001
 -2.2774612e-001
 -2.2840531e-001
 -2.5054087e-001
 -2.8792967e-001
 -3.3184155e-001
 -3.7337924e-001
 -4.0562204e-001
 -4.2496419e-001
 -4.3136390e-001
 -4.2760282e-001
 -4.1795530e-001
 -4.0678615e-001
 -3.9751618e-001
 -3.9217614e-001
 -3.9151312e-001
 -3.9542112e-001
 -4.0340314e-001
 -4.1483724e-001
 -4.2897029e-001
 -4.4472194e-001
 -4.6048486e-001
 -4.7411344e-001
 -4.8320987e-001
 -4.8568022e-001
 -4.8040200e-001
 -4.6776948e-001
 -4.4989386e-001
 -4.3033045e-001
 -4.1335256e-001
 -4.0294301e-001
 -4.0177755e-001
 -4.1049503e-001
 -4.2747731e-001
 -4.4921877e-001
 -4.7119541e-001
 -4.8899862e-001
 -4.9942253e-001
 -5.0121059e-001
 -4.9526675e-001
 -4.8429089e-001
 -4.7195767e-001
 -4.6187883e-001
 -4.5663686e-001
 -4.5714539e-001
 -4.6248890e-001
 -4.7025710e-001
 -4.7725511e-001
 -4.8037831e-001
 -4.7741237e-001
 -4.6755831e-001
 -4.5157265e-001
 -4.3152289e-001
 -4.1025522e-001
 -3.9072852e-001
 -3.7537630e-001
 -3.6562513e-001
 -3.6164367e-001
 -3.6234304e-001
 -3.6561154e-001
 -3.6874462e-001
 -3.6901659e-001
 -3.6431994e-001
 -3.5377032e-001
 -3.3814779e-001
 -3.2003821e-001
 -3.0357212e-001
 -2.9373834e-001
 -2.9536175e-001
 -3.1194857e-001
 -3.4467557e-001
 -3.9180172e-001
 -4.4869862e-001
 -5.0854661e-001
 -5.6356515e-001
 -6.0649369e-001
 -6.3195888e-001
 -6.3738799e-001
 -6.2325174e-001
 -5.9261159e-001
 -5.5014568e-001
 -5.0097213e-001
 -4.4962899e-001
 -3.9949073e-001
 -3.5272959e-001
 -3.1072568e-001
 -2.7466701e-001
 -2.4602092e-001
 -2.2662615e-001
 -2.1832383e-001
 -2.2225348e-001
 -2.3810350e-001
 -2.6365793e-001
 -2.9489860e-001
 -3.2672941e-001
 -3.5415817e-001
 -3.7358719e-001
 -3.8379568e-001
 -3.8627290e-001
 -3.8475698e-001
 -3.8408297e-001
 -3.8866225e-001
 -4.0103272e-001
 -4.2090057e-001
 -4.4495099e-001
 -4.6748691e-001
 -4.8173061e-001
 -4.8145658e-001
 -4.6255678e-001
 -4.2417657e-001
 -3.6917975e-001
 -3.0386110e-001
 -2.3698088e-001
 -1.7831405e-001
 -1.3697193e-001
 -1.1976999e-001
 -1.2989534e-001
 -1.6608938e-001
 -2.2251098e-001
 -2.8938071e-001
 -3.5441276e-001
 -4.0490961e-001
 -4.3022922e-001
 -4.2417005e-001
 -3.8671174e-001
 -3.2456672e-001
 -2.5018599e-001
 -1.7921789e-001
 -1.2686863e-001
 -1.0402567e-001
 -1.1422194e-001
 -1.5242170e-001
 -2.0616793e-001
 -2.5894551e-001
 -2.9488855e-001
 -3.0344943e-001
 -2.8255820e-001
 -2.3920999e-001
 -1.8722222e-001
 -1.4284295e-001
 -1.1963588e-001
 -1.2433879e-001
 -1.5507049e-001
 -2.0244925e-001
 -2.5316583e-001
 -2.9469847e-001
 -3.1947792e-001
 -3.2704623e-001
 -3.2351217e-001
 -3.1860345e-001
 -3.2148143e-001
 -3.3690309e-001
 -3.6314544e-001
 -3.9242881e-001
 -4.1365101e-001
 -4.1641823e-001
 -3.9492688e-001
 -3.5034681e-001
 -2.9092224e-001
 -2.2981230e-001
 -1.8144193e-001
 -1.5756884e-001
 -1.6427217e-001
 -2.0067310e-001
 -2.5958512e-001
 -3.2969290e-001
 -3.9847152e-001
 -4.5497577e-001
 -4.9182765e-001
 -5.0608512e-001
 -4.9903978e-001
 -4.7524127e-001
 -4.4113730e-001
 -4.0367306e-001
 -3.6908140e-001
 -3.4198529e-001
 -3.2486359e-001
 -3.1789996e-001
 -3.1921342e-001
 -3.2543293e-001
 -3.3251974e-001
 -3.3667901e-001
 -3.3516731e-001
 -3.2681796e-001
 -3.1217509e-001
 -2.9322794e-001
 -2.7283510e-001
 -2.5399448e-001
 -2.3913101e-001
 -2.2954674e-001
 -2.2512495e-001
 -2.2432296e-001
 -2.2444226e-001
 -2.2213210e-001
 -2.1405680e-001
 -1.9762923e-001
 -1.7168351e-001
 -1.3693907e-001
 -9.6115825e-002
 -5.3611274e-002
 -1.4747020e-002
  1.5284847e-002
  3.2534239e-002
  3.5167728e-002
  2.3841253e-002
  1.4327270e-003
 -2.7812770e-002
 -5.9475330e-002
 -9.0107297e-002
 -1.1794203e-001
 -1.4290548e-001
 -1.6591871e-001
 -1.8775966e-001
 -2.0795765e-001
 -2.2423185e-001
 -2.3281489e-001
 -2.2966740e-001
 -2.1220559e-001
 -1.8088719e-001
 -1.3996163e-001
 -9.6934296e-002
 -6.0754158e-002
 -3.9241038e-002
 -3.6621320e-002
 -5.2079762e-002
 -7.9920902e-002
 -1.1136626e-001
 -1.3740372e-001
 -1.5169153e-001
 -1.5247267e-001
 -1.4280701e-001
 -1.2905284e-001
 -1.1818788e-001
 -1.1499670e-001
 -1.2019349e-001
 -1.3017716e-001
 -1.3847619e-001
 -1.3828535e-001
 -1.2508482e-001
 -9.8325756e-002
 -6.1561685e-002
 -2.1037183e-002
  1.6646428e-002
  4.6829964e-002
  6.8163597e-002
  8.2571187e-002
  9.3939948e-002
  1.0618141e-001
  1.2153136e-001
  1.3980060e-001
  1.5883709e-001
  1.7591839e-001
  1.8939803e-001
  1.9984380e-001
  2.1015362e-001
  2.2459504e-001
  2.4718119e-001
  2.8006895e-001
  3.2263850e-001
  3.7161221e-001
  4.2213391e-001
  4.6934747e-001
  5.0983823e-001
  5.4239392e-001
  5.6784789e-001
  5.8815020e-001
  6.0511275e-001
  6.1937755e-001
  6.3003422e-001
