 -3.5797762e-001
 -3.5772067e-001
 -3.5675026e-001
 -3.5528777e-001
 -3.5374758e-001
 -3.5268193e-001
 -3.5266898e-001
 -3.5417007e-001
 -3.5739703e-001
 -3.6223347e-001
 -3.6824084e-001
 -3.7475580e-001
 -3.8105660e-001
 -3.8655125e-001
 -3.9093075e-001
 -3.9423769e-001
 -3.9682576e-001
 -3.9921996e-001
 -4.0192026e-001
 -4.0521149e-001
 -4.0904273e-001
 -4.1301754e-001
 -4.1650197e-001
 -4.1881744e-001
 -4.1945813e-001
 -4.1826324e-001
 -4.1548902e-001
 -4.1175798e-001
 -4.0790287e-001
 -4.0475648e-001
 -4.0295511e-001
 -4.0281645e-001
 -4.0432617e-001
 -4.0722925e-001
 -4.1118632e-001
 -4.1593394e-001
 -4.2138833e-001
 -4.2765381e-001
 -4.3493331e-001
 -4.4337461e-001
 -4.5291187e-001
 -4.6316520e-001
 -4.7344339e-001
 -4.8285973e-001
 -4.9053093e-001
 -4.9579893e-001
 -4.9840396e-001
 -4.9855029e-001
 -4.9683888e-001
 -4.9408337e-001
 -4.9106358e-001
 -4.8829162e-001
 -4.8586221e-001
 -4.8343379e-001
 -4.8034598e-001
 -4.7583789e-001
 -4.6930112e-001
 -4.6049175e-001
 -4.4963897e-001
 -4.3741960e-001
 -4.2480760e-001
 -4.1284408e-001
 -4.0239503e-001
 -3.9396560e-001
 -3.8762103e-001
 -3.8303056e-001
 -3.7961352e-001
 -3.7673569e-001
 -3.7389068e-001
 -3.7080824e-001
 -3.6745838e-001
 -3.6395746e-001
 -3.6041881e-001
 -3.5681130e-001
 -3.5288891e-001
 -3.4822849e-001
 -3.4237304e-001
 -3.3503397e-001
 -3.2627776e-001
 -3.1661929e-001
 -3.0697045e-001
 -2.9844114e-001
 -2.9204366e-001
 -2.8839190e-001
 -2.8749704e-001
 -2.8873677e-001
 -2.9102094e-001
 -2.9311153e-001
 -2.9400091e-001
 -2.9322953e-001
 -2.9104078e-001
 -2.8832181e-001
 -2.8634781e-001
 -2.8641006e-001
 -2.8944303e-001
 -2.9576359e-001
 -3.0499692e-001
 -3.1620273e-001
 -3.2815487e-001
 -3.3968371e-001
 -3.4997872e-001
 -3.5876759e-001
 -3.6633110e-001
 -3.7336333e-001
 -3.8072992e-001
 -3.8920173e-001
 -3.9924119e-001
 -4.1089751e-001
 -4.2383171e-001
 -4.3745336e-001
 -4.5111939e-001
 -4.6432816e-001
 -4.7684561e-001
 -4.8872129e-001
 -5.0018833e-001
 -5.1148067e-001
 -5.2263296e-001
 -5.3334193e-001
 -5.4295618e-001
 -5.5062380e-001
 -5.5557400e-001
 -5.5745439e-001
 -5.5660948e-001
 -5.5418340e-001
 -5.5196855e-001
 -5.5199389e-001
 -5.5593538e-001
 -5.6450635e-001
 -5.7702180e-001
 -5.9130768e-001
 -6.0404386e-001
 -6.1150507e-001
 -6.1053353e-001
 -5.9948205e-001
 -5.7884227e-001
 -5.5133711e-001
 -5.2139666e-001
 -4.9411669e-001
 -4.7396324e-001
 -4.6358103e-001
 -4.6305292e-001
 -4.6983867e-001
 -4.7942731e-001
 -4.8652829e-001
 -4.8646795e-001
 -4.7640158e-001
 -4.5601389e-001
 -4.2754045e-001
 -3.9514489e-001
 -3.6386589e-001
 -3.3844904e-001
 -3.2237556e-001
 -3.1730567e-001
 -3.2300771e-001
 -3.3770044e-001
 -3.5863937e-001
 -3.8275215e-001
 -4.0716579e-001
 -4.2954433e-001
 -4.4823305e-001
 -4.6225710e-001
 -4.7123807e-001
 -4.7527770e-001
 -4.7483285e-001
 -4.7058704e-001
 -4.6332151e-001
 -4.5379897e-001
 -4.4268420e-001
 -4.3052389e-001
 -4.1779007e-001
 -4.0496141e-001
 -3.9259181e-001
 -3.8131112e-001
 -3.7172661e-001
 -3.6423997e-001
 -3.5884469e-001
 -3.5499763e-001
 -3.5165058e-001
 -3.4747835e-001
 -3.4126639e-001
 -3.3234999e-001
 -3.2095942e-001
 -3.0833835e-001
 -2.9656667e-001
 -2.8811268e-001
 -2.8523077e-001
 -2.8937695e-001
 -3.0081543e-001
 -3.1853375e-001
 -3.4048989e-001
 -3.6411492e-001
 -3.8691918e-001
 -4.0702490e-001
 -4.2347882e-001
 -4.3627366e-001
 -4.4610286e-001
 -4.5395589e-001
 -4.6070756e-001
 -4.6684674e-001
 -4.7243292e-001
 -4.7728157e-001
 -4.8129021e-001
 -4.8475957e-001
 -4.8855806e-001
 -4.9403003e-001
 -5.0264169e-001
 -5.1546448e-001
 -5.3267250e-001
 -5.5325017e-001
 -5.7505334e-001
 -5.9525422e-001
 -6.1106392e-001
 -6.2051342e-001
 -6.2302970e-001
 -6.1959038e-001
 -6.1237131e-001
 -6.0397493e-001
 -5.9648417e-001
 -5.9066822e-001
 -5.8563629e-001
 -5.7909567e-001
 -5.6816522e-001
 -5.5049195e-001
 -5.2529279e-001
 -4.9394363e-001
 -4.5987205e-001
 -4.2773728e-001
 -4.0212665e-001
 -3.8617604e-001
 -3.8056759e-001
 -3.8325078e-001
 -3.9000400e-001
 -3.9567900e-001
 -3.9574288e-001
 -3.8763105e-001
 -3.7148490e-001
 -3.5005074e-001
 -3.2779098e-001
 -3.0951121e-001
 -2.9895109e-001
 -2.9777759e-001
 -3.0526424e-001
 -3.1870027e-001
 -3.3433441e-001
 -3.4850375e-001
 -3.5857384e-001
 -3.6342126e-001
 -3.6337644e-001
 -3.5973753e-001
 -3.5409806e-001
 -3.4775952e-001
 -3.4142697e-001
 -3.3524836e-001
 -3.2911651e-001
 -3.2305865e-001
 -3.1752323e-001
 -3.1343504e-001
 -3.1199526e-001
 -3.1430883e-001
 -3.2098743e-001
 -3.3188126e-001
 -3.4603978e-001
 -3.6191655e-001
 -3.7774774e-001
 -3.9198004e-001
 -4.0361504e-001
 -4.1237394e-001
 -4.1865047e-001
 -4.2328834e-001
 -4.2726844e-001
 -4.3140961e-001
 -4.3616986e-001
 -4.4159457e-001
 -4.4740788e-001
 -4.5319980e-001
 -4.5863702e-001
 -4.6362498e-001
 -4.6836977e-001
 -4.7332380e-001
 -4.7903721e-001
 -4.8596594e-001
 -4.9430128e-001
 -5.0387841e-001
 -5.1419711e-001
 -5.2455288e-001
 -5.3424123e-001
 -5.4277263e-001
 -5.5002946e-001
 -5.5631124e-001
 -5.6224754e-001
 -5.6860009e-001
 -5.7601225e-001
 -5.8478487e-001
 -5.9475292e-001
 -6.0530825e-001
 -6.1556823e-001
 -6.2464219e-001
 -6.3191250e-001
 -6.3723876e-001
 -6.4101422e-001
 -6.4404895e-001
 -6.4730989e-001
 -6.5159563e-001
 -6.5724735e-001
 -6.6398837e-001
 -6.7094588e-001
 -6.7685122e-001
 -6.8036014e-001
 -6.8039821e-001
 -6.7643202e-001
 -6.6859342e-001
 -6.5763175e-001
 -6.4472186e-001
 -6.3119426e-001
 -6.1826840e-001
 -6.0685715e-001
 -5.9747770e-001
 -5.9026568e-001
 -5.8505813e-001
 -5.8149798e-001
 -5.7911979e-001
 -5.7739778e-001
 -5.7576282e-001
 -5.7361229e-001
 -5.7034069e-001
 -5.6540631e-001
 -5.5842755e-001
 -5.4928139e-001
 -5.3816533e-001
 -5.2558958e-001
 -5.1228717e-001
 -4.9905856e-001
 -4.8659400e-001
 -4.7532938e-001
 -4.6538455e-001
 -4.5660777e-001
 -4.4871427e-001
 -4.4147377e-001
 -4.3488237e-001
 -4.2925676e-001
 -4.2521175e-001
 -4.2351943e-001
 -4.2488589e-001
 -4.2970946e-001
 -4.3789160e-001
 -4.4875876e-001
 -4.6112274e-001
 -4.7346973e-001
 -4.8423353e-001
 -4.9208659e-001
 -4.9617890e-001
 -4.9626900e-001
 -4.9272003e-001
 -4.8636815e-001
 -4.7830229e-001
 -4.6961364e-001
 -4.6117677e-001
 -4.5351067e-001
 -4.4674179e-001
 -4.4066196e-001
 -4.3484957e-001
 -4.2881175e-001
 -4.2210928e-001
 -4.1444128e-001
 -4.0568719e-001
 -3.9591800e-001
 -3.8539321e-001
 -3.7455232e-001
 -3.6399625e-001
 -3.5444262e-001
 -3.4663780e-001
 -3.4122131e-001
 -3.3856135e-001
 -3.3860366e-001
 -3.4078933e-001
 -3.4408944e-001
 -3.4717667e-001
 -3.4871149e-001
 -3.4767841e-001
 -3.4368173e-001
 -3.3711120e-001
 -3.2911837e-001
 -3.2139570e-001
 -3.1580672e-001
 -3.1396004e-001
 -3.1683733e-001
 -3.2457203e-001
 -3.3643517e-001
 -3.5102925e-001
 -3.6663702e-001
 -3.8163292e-001
 -3.9485131e-001
 -4.0581973e-001
 -4.1480227e-001
 -4.2264907e-001
 -4.3049835e-001
 -4.3941458e-001
 -4.5006198e-001
 -4.6250015e-001
 -4.7615407e-001
 -4.8996118e-001
 -5.0265021e-001
 -5.1307019e-001
 -5.2047734e-001
 -5.2470213e-001
 -5.2615585e-001
 -5.2568253e-001
 -5.2430598e-001
 -5.2294893e-001
 -5.2220539e-001
 -5.2222848e-001
 -5.2275948e-001
 -5.2328233e-001
 -5.2325159e-001
 -5.2232161e-001
 -5.2050572e-001
 -5.1821444e-001
 -5.1615669e-001
 -5.1512711e-001
 -5.1573572e-001
 -5.1815572e-001
 -5.2196423e-001
 -5.2613109e-001
 -5.2917585e-001
 -5.2947004e-001
 -5.2562235e-001
 -5.1685634e-001
 -5.0328242e-001
 -4.8598292e-001
 -4.6686836e-001
 -4.4831917e-001
 -4.3268623e-001
 -4.2176940e-001
 -4.1641145e-001
 -4.1632400e-001
 -4.2020540e-001
 -4.2612919e-001
 -4.3210035e-001
 -4.3662077e-001
 -4.3909588e-001
 -4.3995820e-001
 -4.4046891e-001
 -4.4226057e-001
 -4.4676651e-001
 -4.5471997e-001
 -4.6588194e-001
 -4.7908112e-001
 -4.9254562e-001
 -5.0441178e-001
 -5.1324112e-001
 -5.1838118e-001
 -5.2006535e-001
 -5.1923979e-001
 -5.1719703e-001
 -5.1515506e-001
 -5.1392782e-001
 -5.1378800e-001
 -5.1454544e-001
 -5.1578371e-001
 -5.1714364e-001
 -5.1853384e-001
 -5.2018600e-001
 -5.2253975e-001
 -5.2601193e-001
 -5.3075094e-001
 -5.3648224e-001
 -5.4251407e-001
 -5.4790939e-001
 -5.5176385e-001
 -5.5348679e-001
 -5.5297763e-001
 -5.5062601e-001
 -5.4712712e-001
 -5.4317104e-001
 -5.3911332e-001
 -5.3474575e-001
 -5.2925784e-001
 -5.2142016e-001
 -5.0994933e-001
 -4.9395402e-001
 -4.7333010e-001
 -4.4898096e-001
 -4.2278330e-001
 -3.9728809e-001
 -3.7522056e-001
 -3.5890188e-001
 -3.4974236e-001
 -3.4794131e-001
 -3.5247657e-001
 -3.6138907e-001
 -3.7228682e-001
 -3.8293200e-001
 -3.9175207e-001
 -3.9814083e-001
 -4.0247813e-001
 -4.0588147e-001
 -4.0977942e-001
 -4.1544293e-001
 -4.2361313e-001
 -4.3432233e-001
 -4.4693728e-001
 -4.6038293e-001
 -4.7345578e-001
 -4.8512227e-001
 -4.9472121e-001
 -5.0203639e-001
 -5.0725716e-001
 -5.1087941e-001
 -5.1360666e-001
 -5.1628895e-001
 -5.1989912e-001
 -5.2551066e-001
 -5.3422405e-001
 -5.4700292e-001
 -5.6442097e-001
 -5.8637321e-001
 -6.1184732e-001
 -6.3886338e-001
 -6.6466013e-001
 -6.8613919e-001
 -7.0049310e-001
 -7.0586850e-001
 -7.0187948e-001
 -6.8980822e-001
 -6.7240417e-001
 -6.5330575e-001
 -6.3621805e-001
 -6.2405645e-001
 -6.1828102e-001
 -6.1859555e-001
 -6.2308436e-001
 -6.2874062e-001
 -6.3223821e-001
 -6.3074352e-001
 -6.2256628e-001
 -6.0750494e-001
 -5.8682939e-001
 -5.6293843e-001
 -5.3880264e-001
 -5.1734135e-001
 -5.0087861e-001
 -4.9078537e-001
 -4.8735674e-001
 -4.8991271e-001
 -4.9706247e-001
 -5.0704697e-001
 -5.1807391e-001
 -5.2857913e-001
 -5.3738038e-001
 -5.4372226e-001
 -5.4723718e-001
 -5.4786060e-001
 -5.4573909e-001
 -5.4115936e-001
 -5.3451060e-001
 -5.2627578e-001
 -5.1703539e-001
 -5.0746243e-001
 -4.9829024e-001
 -4.9024592e-001
 -4.8395551e-001
 -4.7984183e-001
 -4.7804340e-001
 -4.7838210e-001
 -4.8039618e-001
 -4.8343521e-001
 -4.8679314e-001
 -4.8984021e-001
 -4.9211207e-001
 -4.9332912e-001
 -4.9334488e-001
 -4.9205290e-001
 -4.8930262e-001
 -4.8487597e-001
 -4.7855362e-001
 -4.7025874e-001
 -4.6022176e-001
 -4.4908138e-001
 -4.3784270e-001
 -4.2765671e-001
 -4.1945749e-001
 -4.1356843e-001
 -4.0943449e-001
 -4.0562733e-001
 -4.0019441e-001
 -3.9129975e-001
 -3.7797212e-001
 -3.6068992e-001
 -3.4153538e-001
 -3.2376133e-001
 -3.1080950e-001
 -3.0503776e-001
 -3.0657427e-001
 -3.1274519e-001
 -3.1838743e-001
 -3.1708454e-001
 -3.0303660e-001
 -2.7300926e-001
 -2.2771066e-001
 -1.7207225e-001
 -1.1423577e-001
 -6.3474215e-002
 -2.7651550e-002
 -1.1016730e-002
 -1.3052585e-002
 -2.8772765e-002
 -5.0385795e-002
 -6.9786530e-002
 -8.1053370e-002
 -8.2128090e-002
 -7.5139035e-002
 -6.5300550e-002
 -5.8816625e-002
 -6.0556785e-002
 -7.2334850e-002
 -9.2383500e-002
 -1.1616638e-001
 -1.3817399e-001
 -1.5399383e-001
 -1.6186324e-001
 -1.6313318e-001
 -1.6150545e-001
 -1.6138416e-001
 -1.6601781e-001
 -1.7617315e-001
 -1.8985405e-001
 -2.0315479e-001
 -2.1188704e-001
 -2.1332300e-001
 -2.0736473e-001
 -1.9668903e-001
 -1.8582383e-001
 -1.7952366e-001
 -1.8106649e-001
 -1.9110362e-001
 -2.0746406e-001
 -2.2594716e-001
 -2.4177757e-001
 -2.5117762e-001
 -2.5250525e-001
 -2.4659515e-001
 -2.3624266e-001
 -2.2506632e-001
 -2.1617373e-001
 -2.1108387e-001
 -2.0923807e-001
 -2.0821930e-001
 -2.0457653e-001
 -1.9498389e-001
 -1.7739215e-001
 -1.5185386e-001
 -1.2079921e-001
 -8.8676199e-002
 -6.1014275e-002
 -4.3105250e-002
 -3.8597825e-002
 -4.8353645e-002
 -6.9890545e-002
 -9.7628752e-002
 -1.2396556e-001
 -1.4097262e-001
 -1.4230392e-001
 -1.2479733e-001
 -8.9300799e-002
 -4.0459589e-002
  1.4491795e-002
  6.7581313e-002
  1.1204197e-001
  1.4377446e-001
  1.6193250e-001
  1.6853650e-001
  1.6734279e-001
  1.6241905e-001
  1.5692485e-001
  1.5246157e-001
  1.4910194e-001
  1.4594107e-001
  1.4183568e-001
  1.3597762e-001
  1.2807903e-001
  1.1816097e-001
  1.0613771e-001
  9.1484910e-002
  7.3232925e-002
  5.0358960e-002
  2.2442695e-002
 -9.7060500e-003
 -4.3768765e-002
 -7.6194915e-002
 -1.0302442e-001
 -1.2101851e-001
 -1.2871523e-001
 -1.2702305e-001
 -1.1911088e-001
 -1.0959161e-001
 -1.0323949e-001
 -1.0363934e-001
 -1.1218517e-001
 -1.2772335e-001
 -1.4692258e-001
 -1.6522718e-001
 -1.7808873e-001
 -1.8212126e-001
 -1.7588947e-001
 -1.6018109e-001
 -1.3777321e-001
 -1.1282295e-001
 -9.0064980e-002
 -7.3983481e-002
 -6.8075827e-002
 -7.4274977e-002
 -9.2575757e-002
 -1.2091658e-001
 -1.5538052e-001
 -1.9076511e-001
 -2.2150534e-001
 -2.4282434e-001
 -2.5186765e-001
 -2.4850455e-001
 -2.3550623e-001
 -2.1795176e-001
 -2.0194108e-001
 -1.9293423e-001
 -1.9419794e-001
 -2.0584972e-001
 -2.2482757e-001
 -2.4582401e-001
 -2.6290542e-001
 -2.7130521e-001
 -2.6881940e-001
 -2.5636838e-001
 -2.3757348e-001
 -2.1752671e-001
 -2.0119239e-001
 -1.9197850e-001
 -1.9092708e-001
 -1.9673440e-001
 -2.0651530e-001
 -2.1697974e-001
 -2.2557596e-001
 -2.3120688e-001
 -2.3431376e-001
 -2.3636858e-001
 -2.3902973e-001
 -2.4332121e-001
 -2.4916038e-001
 -2.5540521e-001
 -2.6038171e-001
 -2.6266437e-001
 -2.6178732e-001
 -2.5859236e-001
 -2.5505979e-001
 -2.5366543e-001
 -2.5648971e-001
 -2.6440310e-001
 -2.7663215e-001
 -2.9087723e-001
 -3.0395572e-001
 -3.1275640e-001
 -3.1518040e-001
 -3.1075281e-001
 -3.0071210e-001
 -2.8757397e-001
 -2.7434977e-001
 -2.6370810e-001
 -2.5736325e-001
 -2.5586277e-001
 -2.5877807e-001
 -2.6514624e-001
 -2.7393028e-001
 -2.8428790e-001
 -2.9555097e-001
 -3.0696696e-001
 -3.1737650e-001
 -3.2504303e-001
 -3.2779661e-001
 -3.2352381e-001
 -3.1088215e-001
 -2.9000240e-001
 -2.6290817e-001
 -2.3344893e-001
 -2.0668481e-001
 -1.8783659e-001
 -1.8106231e-001
 -1.8839499e-001
 -2.0914884e-001
 -2.3998012e-001
 -2.7560856e-001
 -3.1002069e-001
 -3.3784241e-001
 -3.5552663e-001
 -3.6206185e-001
 -3.5904988e-001
 -3.5017702e-001
 -3.4025800e-001
 -3.3412082e-001
 -3.3560354e-001
 -3.4686365e-001
 -3.6809056e-001
 -3.9760585e-001
 -4.3226510e-001
 -4.6805057e-001
 -5.0075404e-001
 -5.2666863e-001
 -5.4321566e-001
 -5.4942225e-001
 -5.4614816e-001
 -5.3596463e-001
 -5.2263409e-001
 -5.1023531e-001
 -5.0209999e-001
 -4.9983206e-001
 -5.0271696e-001
 -5.0776292e-001
 -5.1044839e-001
 -5.0602592e-001
 -4.9102547e-001
 -4.6449299e-001
 -4.2854329e-001
 -3.8800243e-001
 -3.4920417e-001
 -3.1828956e-001
 -2.9953433e-001
 -2.9422807e-001
 -3.0044820e-001
 -3.1377450e-001
 -3.2868246e-001
 -3.4014610e-001
 -3.4494134e-001
 -3.4227583e-001
 -3.3362006e-001
 -3.2188317e-001
 -3.1026914e-001
 -3.0120702e-001
 -2.9566959e-001
 -2.9302414e-001
 -2.9137066e-001
 -2.8818355e-001
 -2.8102326e-001
 -2.6812006e-001
 -2.4872151e-001
 -2.2319033e-001
 -1.9290369e-001
 -1.6002411e-001
 -1.2719702e-001
 -9.7205269e-002
 -7.2599060e-002
 -5.5329514e-002
 -4.6435868e-002
 -4.5851351e-002
 -5.2383501e-002
 -6.3889070e-002
 -7.7613906e-002
 -9.0628042e-002
 -1.0027298e-001
 -1.0455661e-001
 -1.0246486e-001
 -9.4185287e-002
 -8.1235411e-002
 -6.6459434e-002
 -5.3821117e-002
 -4.7914755e-002
 -5.3165855e-002
 -7.2801270e-002
 -1.0780147e-001
 -1.5614816e-001
 -2.1268880e-001
 -2.6982345e-001
 -3.1899265e-001
 -3.5267399e-001
 -3.6637185e-001
 -3.6000541e-001
 -3.3821089e-001
 -3.0936475e-001
 -2.8351954e-001
 -2.6979970e-001
 -2.7400574e-001
 -2.9714157e-001
 -3.3531272e-001
 -3.8102144e-001
 -4.2544896e-001
 -4.6100808e-001
 -4.8337657e-001
 -4.9240584e-001
 -4.9167619e-001
 -4.8691206e-001
 -4.8382907e-001
 -4.8614502e-001
 -4.9440166e-001
 -5.0595019e-001
 -5.1605663e-001
 -5.1971481e-001
 -5.1353682e-001
 -4.9708572e-001
 -4.7321738e-001
 -4.4733271e-001
 -4.2579566e-001
 -4.1403051e-001
 -4.1489833e-001
 -4.2784539e-001
 -4.4906181e-001
 -4.7257127e-001
 -4.9189611e-001
 -5.0178816e-001
 -4.9952347e-001
 -4.8541760e-001
 -4.6246847e-001
 -4.3529461e-001
 -4.0872981e-001
 -3.8650616e-001
 -3.7039454e-001
 -3.6000468e-001
 -3.5323351e-001
 -3.4716026e-001
 -3.3907563e-001
 -3.2732657e-001
 -3.1175081e-001
 -2.9362563e-001
 -2.7521142e-001
 -2.5907989e-001
 -2.4745159e-001
 -2.4172356e-001
 -2.4227499e-001
 -2.4853418e-001
 -2.5921590e-001
 -2.7261525e-001
 -2.8687112e-001
 -3.0016593e-001
 -3.1087709e-001
 -3.1771425e-001
 -3.1985858e-001
 -3.1708226e-001
 -3.0979419e-001
 -2.9895831e-001
 -2.8587062e-001
 -2.7184485e-001
 -2.5791155e-001
 -2.4464915e-001
 -2.3222120e-001
 -2.2060660e-001
 -2.0991540e-001
 -2.0062922e-001
 -1.9362357e-001
 -1.8991838e-001
 -1.9022995e-001
 -1.9450423e-001
 -2.0164915e-001
 -2.0962729e-001
 -2.1593694e-001
 -2.1835065e-001
 -2.1565998e-001
 -2.0814613e-001
 -1.9757438e-001
 -1.8667121e-001
 -1.7822846e-001
 -1.7411994e-001
 -1.7456047e-001
 -1.7786782e-001
 -1.8082842e-001
 -1.7957319e-001
 -1.7070634e-001
 -1.5235062e-001
 -1.2479913e-001
 -9.0584662e-002
 -5.3949970e-002
 -1.9871660e-002
  7.0914950e-003
  2.3819400e-002
  2.9264130e-002
  2.4555100e-002
  1.2580870e-002
 -2.8122650e-003
 -1.7773785e-002
 -2.9299435e-002
 -3.5768095e-002
 -3.7054910e-002
 -3.4236125e-002
 -2.9016870e-002
 -2.3083035e-002
 -1.7582835e-002
 -1.2880880e-002
 -8.6211000e-003
 -4.0228950e-003
  1.7408150e-003
  9.2466550e-003
  1.8712725e-002
  3.0089845e-002
  4.3265980e-002
  5.8244560e-002
  7.5172145e-002
  9.4168420e-002
  1.1501788e-001
  1.3686993e-001
  1.5812004e-001
  1.7659157e-001
  1.9002289e-001
  1.9672967e-001
  1.9621596e-001
  1.8949183e-001
  1.7893567e-001
  1.6769270e-001
  1.5877249e-001
  1.5413360e-001
  1.5406972e-001
  1.5712298e-001
  1.6057231e-001
  1.6134193e-001
  1.5702161e-001
  1.4664646e-001
  1.3096935e-001
  1.1214286e-001
  9.2941392e-002
  7.5817070e-002
  6.2134575e-002
  5.1850804e-002
  4.3730783e-002
  3.5988860e-002
  2.7092913e-002
  1.6424156e-002
  4.5574300e-003
 -6.9182750e-003
 -1.5946949e-002
 -2.0705992e-002
 -2.0214592e-002
 -1.4666594e-002
 -5.4216990e-003
  5.2927525e-003
  1.4844898e-002
  2.0694215e-002
  2.0829880e-002
  1.4115965e-002
  5.3875500e-004
 -1.8657155e-002
 -4.0991610e-002
 -6.3001924e-002
 -8.0777265e-002
 -9.0746035e-002
 -9.0572467e-002
 -7.9917238e-002
 -6.0787138e-002
 -3.7276655e-002
 -1.4681020e-002
  1.8187750e-003
  8.5178300e-003
  4.1540250e-003
 -9.8635950e-003
 -3.0070580e-002
 -5.2216245e-002
 -7.2750247e-002
 -8.9995538e-002
 -1.0457776e-001
 -1.1895084e-001
 -1.3619989e-001
 -1.5858665e-001
 -1.8641577e-001
 -2.1769171e-001
 -2.4873869e-001
 -2.7558015e-001
 -2.9556173e-001
 -3.0857907e-001
 -3.1739236e-001
 -3.2683702e-001
 -3.4215562e-001
 -3.6702384e-001
 -4.0198808e-001
 -4.4391338e-001
 -4.8669329e-001
 -5.2302318e-001
 -5.4664897e-001
 -5.5432087e-001
 -5.4677588e-001
 -5.2841220e-001
 -5.0577936e-001
 -4.8542235e-001
 -4.7183345e-001
 -4.6620735e-001
 -4.6638859e-001
 -4.6796441e-001
 -4.6605282e-001
 -4.5711213e-001
 -4.4012887e-001
 -4.1680217e-001
 -3.9073010e-001
 -3.6596497e-001
 -3.4551284e-001
 -3.3033600e-001
 -3.1919798e-001
 -3.0935922e-001
 -2.9781844e-001
 -2.8261140e-001
 -2.6368451e-001
 -2.4303897e-001
 -2.2411598e-001
 -2.1065891e-001
 -2.0545378e-001
 -2.0936700e-001
 -2.2097866e-001
 -2.3690613e-001
 -2.5269897e-001
 -2.6402869e-001
 -2.6783326e-001
 -2.6310936e-001
 -2.5115498e-001
 -2.3521298e-001
 -2.1961689e-001
 -2.0866010e-001
 -2.0547508e-001
 -2.1120701e-001
 -2.2469439e-001
 -2.4274238e-001
 -2.6092031e-001
 -2.7467422e-001
 -2.8045648e-001
 -2.7656848e-001
 -2.6349320e-001
 -2.4364246e-001
 -2.2061475e-001
 -1.9820115e-001
 -1.7944278e-001
 -1.6601339e-001
 -1.5808331e-001
 -1.5465813e-001
 -1.5423045e-001
 -1.5549065e-001
 -1.5784020e-001
 -1.6153805e-001
 -1.6745282e-001
 -1.7653902e-001
 -1.8925347e-001
 -2.0514648e-001
 -2.2279598e-001
 -2.4012743e-001
 -2.5502181e-001
 -2.6600581e-001
 -2.7278006e-001
 -2.7638627e-001
 -2.7892898e-001
 -2.8291579e-001
 -2.9041319e-001
 -3.0228778e-001
 -3.1778850e-001
 -3.3462514e-001
 -3.4954276e-001
 -3.5922952e-001
 -3.6128282e-001
 -3.5493306e-001
 -3.4129800e-001
 -3.2308882e-001
 -3.0386388e-001
 -2.8706775e-001
 -2.7515433e-001
 -2.6905433e-001
 -2.6812462e-001
 -2.7055380e-001
 -2.7405313e-001
 -2.7658263e-001
 -2.7687485e-001
 -2.7461261e-001
 -2.7025506e-001
 -2.6463504e-001
 -2.5852153e-001
 -2.5233009e-001
 -2.4607954e-001
 -2.3957255e-001
 -2.3267573e-001
 -2.2553361e-001
 -2.1859191e-001
 -2.1240717e-001
 -2.0733725e-001
 -2.0328199e-001
 -1.9963817e-001
 -1.9554284e-001
 -1.9034213e-001
 -1.8409903e-001
 -1.7790292e-001
 -1.7379521e-001
 -1.7426496e-001
 -1.8144265e-001
 -1.9625757e-001
 -2.1786744e-001
 -2.4359585e-001
 -2.6944875e-001
 -2.9108553e-001
 -3.0496269e-001
 -3.0930684e-001
 -3.0462335e-001
 -2.9359072e-001
 -2.8037391e-001
 -2.6955459e-001
 -2.6497206e-001
 -2.6877551e-001
 -2.8091299e-001
 -2.9915650e-001
 -3.1962623e-001
 -3.3766508e-001
 -3.4885045e-001
 -3.4991948e-001
 -3.3941953e-001
 -3.1796513e-001
 -2.8806794e-001
 -2.5359387e-001
 -2.1897591e-001
 -1.8836028e-001
 -1.6487481e-001
 -1.5017735e-001
 -1.4437092e-001
 -1.4627670e-001
 -1.5396058e-001
 -1.6534278e-001
 -1.7870487e-001
 -1.9295154e-001
 -2.0757176e-001
 -2.2234799e-001
 -2.3694559e-001
 -2.5055193e-001
 -2.6171312e-001
 -2.6844704e-001
 -2.6861823e-001
 -2.6047555e-001
 -2.4320022e-001
 -2.1730469e-001
 -1.8475963e-001
 -1.4879388e-001
 -1.1339315e-001
 -8.2597937e-002
 -5.9752692e-002
 -4.6875759e-002
 -4.4298554e-002
 -5.0665123e-002
 -6.3300900e-002
 -7.8870246e-002
 -9.4167588e-002
 -1.0684821e-001
 -1.1591547e-001
 -1.2184221e-001
 -1.2630151e-001
 -1.3158899e-001
 -1.3990254e-001
 -1.5268203e-001
 -1.7018595e-001
 -1.9140691e-001
 -2.1432490e-001
 -2.3640362e-001
 -2.5517661e-001
 -2.6876448e-001
 -2.7620568e-001
 -2.7755177e-001
 -2.7374829e-001
 -2.6636969e-001
 -2.5729266e-001
 -2.4837883e-001
 -2.4121036e-001
 -2.3689560e-001
 -2.3594789e-001
 -2.3823944e-001
 -2.4303669e-001
 -2.4912368e-001
 -2.5501018e-001
 -2.5920043e-001
 -2.6047782e-001
 -2.5814716e-001
 -2.5217983e-001
 -2.4322743e-001
 -2.3250053e-001
 -2.2154226e-001
 -2.1194967e-001
 -2.0510496e-001
 -2.0197090e-001
 -2.0298384e-001
 -2.0805086e-001
 -2.1663296e-001
 -2.2787997e-001
 -2.4078000e-001
 -2.5429519e-001
 -2.6746973e-001
 -2.7951006e-001
 -2.8984188e-001
 -2.9814543e-001
 -3.0436270e-001
 -3.0866695e-001
 -3.1139167e-001
 -3.1293338e-001
 -3.1366111e-001
 -3.1387255e-001
 -3.1382309e-001
 -3.1381952e-001
 -3.1432834e-001
 -3.1602105e-001
 -3.1968564e-001
 -3.2597968e-001
 -3.3507555e-001
 -3.4632018e-001
 -3.5806607e-001
 -3.6780210e-001
 -3.7262080e-001
 -3.6993189e-001
 -3.5821723e-001
 -3.3756992e-001
 -3.0980177e-001
 -2.7803237e-001
 -2.4585169e-001
 -2.1630907e-001
 -1.9106460e-001
 -1.7000423e-001
 -1.5147363e-001
 -1.3307525e-001
 -1.1277186e-001
 -8.9920655e-002
 -6.5870560e-002
 -4.3890310e-002
 -2.8412180e-002
 -2.3801790e-002
 -3.3021940e-002
 -5.6597190e-002
 -9.2194860e-002
 -1.3495153e-001
 -1.7845349e-001
 -2.1609621e-001
 -2.4245438e-001
 -2.5431263e-001
 -2.5112329e-001
 -2.3482888e-001
 -2.0916015e-001
 -1.7864670e-001
 -1.4762513e-001
 -1.1949551e-001
 -9.6376544e-002
 -7.9177936e-002
 -6.7984159e-002
 -6.2562566e-002
 -6.2791640e-002
 -6.8854856e-002
 -8.1143830e-002
 -9.9928690e-002
 -1.2494495e-001
 -1.5508330e-001
 -1.8833749e-001
 -2.2207474e-001
 -2.5357358e-001
 -2.8066722e-001
 -3.0227495e-001
 -3.1862503e-001
 -3.3106517e-001
 -3.4149670e-001
 -3.5160577e-001
 -3.6215160e-001
 -3.7257037e-001
 -3.8105695e-001
 -3.8512363e-001
 -3.8246004e-001
 -3.7179795e-001
 -3.5346597e-001
 -3.2941720e-001
 -3.0269493e-001
 -2.7650402e-001
 -2.5320256e-001
 -2.3356515e-001
 -2.1658082e-001
 -1.9986608e-001
 -1.8056441e-001
 -1.5643921e-001
 -1.2680488e-001
 -9.2995201e-002
 -5.8217447e-002
 -2.6829376e-002
 -3.2452724e-003
  9.2230394e-003
  9.2742735e-003
 -1.9674810e-003
 -2.1143875e-002
 -4.3421738e-002
 -6.3645424e-002
 -7.7607296e-002
 -8.3118738e-002
 -8.0590027e-002
 -7.2926005e-002
 -6.4707362e-002
 -6.0825495e-002
 -6.4923254e-002
 -7.8102662e-002
 -9.8340127e-002
 -1.2087975e-001
 -1.3958605e-001
 -1.4891204e-001
 -1.4588784e-001
 -1.3146216e-001
 -1.1068019e-001
 -9.1529825e-002
 -8.2724058e-002
 -9.1063331e-002
 -1.1919998e-001
 -1.6453338e-001
 -2.1962215e-001
 -2.7402031e-001
 -3.1699131e-001
 -3.4028225e-001
 -3.4014008e-001
 -3.1801570e-001
 -2.7983199e-001
 -2.3413519e-001
 -1.8975688e-001
 -1.5369388e-001
 -1.2976061e-001
 -1.1825911e-001
 -1.1657076e-001
 -1.2032292e-001
 -1.2469400e-001
 -1.2549521e-001
 -1.1984319e-001
 -1.0642410e-001
 -8.5468641e-002
 -5.8575225e-002
 -2.8456410e-002
  1.3994550e-003
  2.7203035e-002
  4.5497680e-002
  5.3884340e-002
  5.1669980e-002
  4.0221155e-002
  2.2844548e-002
  4.1435120e-003
 -1.1029716e-002
 -1.8761421e-002
 -1.7077374e-002
 -6.4789025e-003
  1.0127410e-002
  2.8074801e-002
  4.1976374e-002
  4.6901072e-002
  3.9427133e-002
  1.8375198e-002
 -1.4890919e-002
 -5.6627224e-002
 -1.0130515e-001
 -1.4255863e-001
 -1.7435196e-001
 -1.9218342e-001
 -1.9409417e-001
 -1.8123926e-001
 -1.5782952e-001
 -1.3037639e-001
 -1.0635000e-001
 -9.2543044e-002
 -9.3554655e-002
 -1.1081435e-001
 -1.4243665e-001
 -1.8396007e-001
 -2.2975214e-001
 -2.7464722e-001
 -3.1530276e-001
 -3.5084818e-001
 -3.8263201e-001
 -4.1317297e-001
 -4.4468699e-001
 -4.7770682e-001
 -5.1028523e-001
 -5.3808764e-001
 -5.5539533e-001
 -5.5674903e-001
 -5.3875236e-001
 -5.0148962e-001
 -4.4910759e-001
 -3.8933794e-001
 -3.3202728e-001
 -2.8701579e-001
 -2.6188713e-001
 -2.6015579e-001
 -2.8035563e-001
 -3.1627400e-001
 -3.5829844e-001
 -3.9557506e-001
 -4.1848242e-001
 -4.2084502e-001
 -4.0136231e-001
 -3.6390312e-001
 -3.1657474e-001
 -2.6976631e-001
 -2.3362169e-001
 -2.1555346e-001
 -2.1841869e-001
 -2.3982655e-001
 -2.7276462e-001
 -3.0738667e-001
 -3.3349257e-001
 -3.4304440e-001
 -3.3205812e-001
 -3.0139398e-001
 -2.5628565e-001
 -2.0480268e-001
 -1.5572548e-001
 -1.1644383e-001
 -9.1434997e-002
 -8.1664266e-002
 -8.4954430e-002
 -9.7089080e-002
 -1.1323360e-001
 -1.2922370e-001
 -1.4238006e-001
 -1.5170745e-001
 -1.5755341e-001
 -1.6096055e-001
 -1.6300385e-001
 -1.6435228e-001
 -1.6516660e-001
 -1.6529597e-001
 -1.6462400e-001
 -1.6337569e-001
 -1.6223811e-001
 -1.6224440e-001
 -1.6447828e-001
 -1.6973042e-001
 -1.7825022e-001
 -1.8968786e-001
 -2.0323553e-001
 -2.1789537e-001
 -2.3275709e-001
 -2.4717987e-001
 -2.6082822e-001
 -2.7358349e-001
 -2.8540535e-001
 -2.9622823e-001
 -3.0594402e-001
 -3.1446502e-001
 -3.2181045e-001
 -3.2814329e-001
 -3.3370997e-001
 -3.3869177e-001
 -3.4303354e-001
 -3.4634407e-001
 -3.4794493e-001
 -3.4708486e-001
 -3.4326094e-001
 -3.3652821e-001
 -3.2766598e-001
 -3.1811092e-001
 -3.0965067e-001
 -3.0396379e-001
 -3.0215518e-001
 -3.0444359e-001
 -3.1010585e-001
 -3.1769233e-001
 -3.2543568e-001
 -3.3171719e-001
 -3.3545102e-001
 -3.3629226e-001
 -3.3464541e-001
 -3.3151341e-001
 -3.2825894e-001
 -3.2634467e-001
 -3.2708995e-001
 -3.3145177e-001
 -3.3982730e-001
 -3.5188927e-001
 -3.6649301e-001
 -3.8171360e-001
 -3.9506359e-001
 -4.0390050e-001
 -4.0596875e-001
 -3.9995860e-001
 -3.8593181e-001
 -3.6547908e-001
 -3.4153819e-001
 -3.1789510e-001
 -2.9848253e-001
 -2.8665050e-001
 -2.8458978e-001
 -2.9304030e-001
 -3.1132941e-001
 -3.3768767e-001
 -3.6971542e-001
 -4.0484447e-001
 -4.4066404e-001
 -4.7504696e-001
 -5.0609675e-001
 -5.3200642e-001
 -5.5095195e-001
 -5.6112349e-001
 -5.6093640e-001
 -5.4938261e-001
 -5.2641419e-001
 -4.9321976e-001
 -4.5227371e-001
 -4.0710134e-001
 -3.6178712e-001
 -3.2032933e-001
 -2.8598810e-001
 -2.6077357e-001
 -2.4518156e-001
 -2.3822308e-001
 -2.3773037e-001
 -2.4087183e-001
 -2.4477658e-001
 -2.4715452e-001
 -2.4679664e-001
 -2.4385120e-001
 -2.3980097e-001
 -2.3711876e-001
 -2.3864990e-001
 -2.4684998e-001
 -2.6306337e-001
 -2.8704037e-001
 -3.1683963e-001
 -3.4915756e-001
 -3.7999944e-001
 -4.0550376e-001
 -4.2269189e-001
 -4.2995559e-001
 -4.2719816e-001
 -4.1566768e-001
 -3.9761052e-001
 -3.7589442e-001
 -3.5369899e-001
 -3.3427938e-001
 -3.2072836e-001
 -3.1564176e-001
 -3.2064990e-001
 -3.3589198e-001
 -3.5962304e-001
 -3.8818881e-001
 -4.1653879e-001
 -4.3927596e-001
 -4.5202066e-001
 -4.5268553e-001
 -4.4220583e-001
 -4.2439007e-001
 -4.0482636e-001
 -3.8911431e-001
 -3.8096686e-001
 -3.8082999e-001
 -3.8554580e-001
 -3.8926116e-001
 -3.8536435e-001
 -3.6885903e-001
 -3.3839561e-001
 -2.9724942e-001
 -2.5285101e-001
 -2.1493800e-001
 -1.9285434e-001
 -1.9281937e-001
 -2.1601962e-001
 -2.5812769e-001
 -3.1040449e-001
 -3.6203984e-001
 -4.0300096e-001
 -4.2651211e-001
 -4.3043118e-001
 -4.1716640e-001
 -3.9225919e-001
 -3.6218562e-001
 -3.3215597e-001
 -3.0465226e-001
 -2.7915556e-001
 -2.5308635e-001
 -2.2355601e-001
 -1.8925247e-001
 -1.5174237e-001
 -1.1567812e-001
 -8.7777047e-002
 -7.4865815e-002
 -8.1616630e-002
 -1.0873194e-001
 -1.5221720e-001
 -2.0405021e-001
 -2.5411415e-001
 -2.9284958e-001
 -3.1383532e-001
 -3.1551042e-001
 -3.0150645e-001
 -2.7949009e-001
 -2.5888126e-001
 -2.4815947e-001
 -2.5258582e-001
 -2.7301314e-001
 -3.0608656e-001
 -3.4567858e-001
 -3.8500968e-001
 -4.1871041e-001
 -4.4414193e-001
 -4.6158462e-001
 -4.7332052e-001
 -4.8203257e-001
 -4.8918215e-001
 -4.9402629e-001
 -4.9369620e-001
 -4.8436196e-001
 -4.6309185e-001
 -4.2972496e-001
 -3.8802029e-001
 -3.4555183e-001
 -3.1222660e-001
 -2.9777620e-001
 -3.0895096e-001
 -3.4729390e-001
 -4.0823159e-001
 -4.8182909e-001
 -5.5504316e-001
 -6.1484056e-001
 -6.5128206e-001
 -6.5969331e-001
 -6.4134053e-001
 -6.0249971e-001
 -5.5229405e-001
 -5.0002184e-001
 -4.5279917e-001
 -4.1418300e-001
 -3.8408468e-001
 -3.5985828e-001
 -3.3808978e-001
 -3.1642945e-001
 -2.9484451e-001
 -2.7589588e-001
 -2.6397892e-001
 -2.6380314e-001
 -2.7862042e-001
 -3.0878130e-001
 -3.5109305e-001
 -3.9921182e-001
 -4.4499794e-001
 -4.8048563e-001
 -4.9993922e-001
 -5.0143242e-001
 -4.8750166e-001
 -4.6465659e-001
 -4.4182542e-001
 -4.2809477e-001
 -4.3030443e-001
 -4.5112177e-001
 -4.8812466e-001
 -5.3417984e-001
 -5.7906982e-001
 -6.1197992e-001
 -6.2420376e-001
 -6.1133951e-001
 -5.7436766e-001
 -5.1930374e-001
 -4.5552518e-001
 -3.9326078e-001
 -3.4098356e-001
 -3.0347378e-001
 -2.8110549e-001
 -2.7051664e-001
 -2.6637639e-001
 -2.6361256e-001
 -2.5932594e-001
 -2.5374664e-001
 -2.4993573e-001
 -2.5238297e-001
 -2.6503902e-001
 -2.8951185e-001
 -3.2408517e-001
 -3.6391176e-001
 -4.0230979e-001
 -4.3270187e-001
 -4.5052295e-001
 -4.5445616e-001
 -4.4661342e-001
 -4.3165780e-001
 -4.1522504e-001
 -4.0221367e-001
 -3.9551148e-001
 -3.9552608e-001
 -4.0057560e-001
 -4.0789434e-001
 -4.1482417e-001
 -4.1975035e-001
 -4.2248917e-001
 -4.2407070e-001
 -4.2608849e-001
 -4.2992458e-001
 -4.3616241e-001
 -4.4438684e-001
 -4.5339655e-001
 -4.6169448e-001
 -4.6803487e-001
 -4.7181547e-001
 -4.7319278e-001
 -4.7291976e-001
 -4.7200827e-001
 -4.7136346e-001
 -4.7151880e-001
 -4.7253556e-001
 -4.7405593e-001
 -4.7544687e-001
 -4.7595977e-001
 -4.7485527e-001
 -4.7148368e-001
 -4.6534440e-001
 -4.5615608e-001
 -4.4395017e-001
 -4.2916633e-001
 -4.1269948e-001
 -3.9584262e-001
 -3.8009485e-001
 -3.6685209e-001
 -3.5705180e-001
 -3.5087831e-001
 -3.4763652e-001
 -3.4586406e-001
 -3.4368610e-001
 -3.3934336e-001
 -3.3176549e-001
 -3.2103734e-001
 -3.0862050e-001
 -2.9724360e-001
 -2.9044966e-001
 -2.9187076e-001
 -3.0437242e-001
 -3.2925708e-001
 -3.6572352e-001
 -4.1074002e-001
 -4.5940530e-001
 -5.0575510e-001
 -5.4385401e-001
 -5.6892354e-001
 -5.7823183e-001
 -5.7152213e-001
 -5.5087783e-001
 -5.2007534e-001
 -4.8361639e-001
 -4.4571081e-001
 -4.0947525e-001
 -3.7652928e-001
 -3.4703923e-001
 -3.2013227e-001
 -2.9451732e-001
 -2.6912750e-001
 -2.4363223e-001
 -2.1872872e-001
 -1.9618159e-001
 -1.7861719e-001
 -1.6909687e-001
 -1.7050941e-001
 -1.8485419e-001
 -2.1253808e-001
 -2.5186098e-001
 -2.9888255e-001
 -3.4781413e-001
 -3.9195478e-001
 -4.2501667e-001
 -4.4252258e-001
 -4.4287474e-001
 -4.2774067e-001
 -4.0158214e-001
 -3.7041709e-001
 -3.4016475e-001
 -3.1508295e-001
 -2.9679916e-001
 -2.8425347e-001
 -2.7456910e-001
 -2.6454644e-001
 -2.5225183e-001
 -2.3812448e-001
 -2.2517589e-001
 -2.1815710e-001
 -2.2192169e-001
 -2.3949990e-001
 -2.7052600e-001
 -3.1058458e-001
 -3.5178320e-001
 -3.8449329e-001
 -3.9983660e-001
 -3.9223696e-001
 -3.6128571e-001
 -3.1231411e-001
 -2.5539821e-001
 -2.0296065e-001
 -1.6655851e-001
 -1.5373276e-001
 -1.6584078e-001
 -1.9756346e-001
 -2.3831716e-001
 -2.7523147e-001
 -2.9685275e-001
 -2.9646770e-001
 -2.7401898e-001
 -2.3600152e-001
 -1.9336446e-001
 -1.5809125e-001
 -1.3956763e-001
 -1.4191427e-001
 -1.6312498e-001
 -1.9622546e-001
 -2.3197171e-001
 -2.6208960e-001
 -2.8190416e-001
 -2.9146777e-001
 -2.9487122e-001
 -2.9809224e-001
 -3.0625621e-001
 -3.2136523e-001
 -3.4133941e-001
 -3.6069758e-001
 -3.7258740e-001
 -3.7138668e-001
 -3.5491566e-001
 -3.2547543e-001
 -2.8937912e-001
 -2.5518793e-001
 -2.3129868e-001
 -2.2370125e-001
 -2.3459460e-001
 -2.6219090e-001
 -3.0160641e-001
 -3.4639913e-001
 -3.9018058e-001
 -4.2782177e-001
 -4.5602088e-001
 -4.7327911e-001
 -4.7952569e-001
 -4.7567877e-001
 -4.6333792e-001
 -4.4464457e-001
 -4.2220967e-001
 -3.9895843e-001
 -3.7779350e-001
 -3.6109457e-001
 -3.5018859e-001
 -3.4498159e-001
 -3.4391524e-001
 -3.4431094e-001
 -3.4303640e-001
 -3.3732249e-001
 -3.2550892e-001
 -3.0751667e-001
 -2.8491880e-001
 -2.6058451e-001
 -2.3797390e-001
 -2.2024207e-001
 -2.0935832e-001
 -2.0545430e-001
 -2.0658135e-001
 -2.0898337e-001
 -2.0788182e-001
 -1.9864062e-001
 -1.7805693e-001
 -1.4544754e-001
 -1.0320371e-001
 -5.6589829e-002
 -1.2749597e-002
  2.0885530e-002
  3.8388848e-002
  3.6833585e-002
  1.7040356e-002
 -1.6674049e-002
 -5.7697511e-002
 -9.8918122e-002
 -1.3455362e-001
 -1.6143022e-001
 -1.7930778e-001
 -1.9018266e-001
 -1.9687326e-001
 -2.0146548e-001
 -2.0425501e-001
 -2.0363243e-001
 -1.9697722e-001
 -1.8220118e-001
 -1.5928121e-001
 -1.3108086e-001
 -1.0301136e-001
 -8.1539854e-002
 -7.2038324e-002
 -7.6779516e-002
 -9.3887850e-002
 -1.1772652e-001
 -1.4066311e-001
 -1.5561494e-001
 -1.5844835e-001
 -1.4933139e-001
 -1.3251715e-001
 -1.1462432e-001
 -1.0205490e-001
 -9.8522430e-002
 -1.0362397e-001
 -1.1299023e-001
 -1.1994378e-001
 -1.1802091e-001
 -1.0339245e-001
 -7.6273027e-002
 -4.0813371e-002
 -3.5608590e-003
  2.8884057e-002
  5.2105355e-002
  6.5173480e-002
  7.0582794e-002
  7.2944901e-002
  7.7032845e-002
  8.5984694e-002
  1.0035543e-001
  1.1831852e-001
  1.3683509e-001
  1.5323046e-001
  1.6649260e-001
  1.7776851e-001
  1.8989899e-001
  2.0623536e-001
  2.2925748e-001
  2.5955748e-001
  2.9556740e-001
  3.3408611e-001
  3.7134208e-001
  4.0414221e-001
  4.3066613e-001
  4.5064808e-001
  4.6495668e-001
  4.7482151e-001
  4.8107229e-001
  4.8371612e-001
