 -4.1578814e-001
 -4.1547906e-001
 -4.1449071e-001
 -4.1307645e-001
 -4.1167423e-001
 -4.1084893e-001
 -4.1118161e-001
 -4.1313022e-001
 -4.1690143e-001
 -4.2237475e-001
 -4.2910911e-001
 -4.3643811e-001
 -4.4363252e-001
 -4.5008487e-001
 -4.5546078e-001
 -4.5976844e-001
 -4.6332178e-001
 -4.6660583e-001
 -4.7008549e-001
 -4.7401913e-001
 -4.7833921e-001
 -4.8264207e-001
 -4.8629429e-001
 -4.8862472e-001
 -4.8914206e-001
 -4.8770860e-001
 -4.8461369e-001
 -4.8052290e-001
 -4.7631886e-001
 -4.7288513e-001
 -4.7090189e-001
 -4.7071725e-001
 -4.7233079e-001
 -4.7548722e-001
 -4.7983983e-001
 -4.8511998e-001
 -4.9124806e-001
 -4.9834339e-001
 -5.0662838e-001
 -5.1626202e-001
 -5.2716590e-001
 -5.3891199e-001
 -5.5072227e-001
 -5.6159333e-001
 -5.7051546e-001
 -5.7672060e-001
 -5.7988039e-001
 -5.8018769e-001
 -5.7829003e-001
 -5.7509035e-001
 -5.7147280e-001
 -5.6803678e-001
 -5.6492065e-001
 -5.6177048e-001
 -5.5786382e-001
 -5.5235196e-001
 -5.4454757e-001
 -5.3417119e-001
 -5.2148283e-001
 -5.0725944e-001
 -4.9262510e-001
 -4.7878409e-001
 -4.6673477e-001
 -4.5704724e-001
 -4.4976674e-001
 -4.4446604e-001
 -4.4042422e-001
 -4.3686996e-001
 -4.3320873e-001
 -4.2916020e-001
 -4.2476405e-001
 -4.2025897e-001
 -4.1588591e-001
 -4.1169500e-001
 -4.0743737e-001
 -4.0259317e-001
 -3.9653743e-001
 -3.8879137e-001
 -3.7926868e-001
 -3.6841935e-001
 -3.5720332e-001
 -3.4688244e-001
 -3.3868459e-001
 -3.3344449e-001
 -3.3134171e-001
 -3.3183067e-001
 -3.3379713e-001
 -3.3590029e-001
 -3.3699540e-001
 -3.3650252e-001
 -3.3460164e-001
 -3.3219071e-001
 -3.3061975e-001
 -3.3128626e-001
 -3.3521971e-001
 -3.4278320e-001
 -3.5357892e-001
 -3.6657762e-001
 -3.8042253e-001
 -3.9380891e-001
 -4.0582397e-001
 -4.1615264e-001
 -4.2510090e-001
 -4.3344525e-001
 -4.4216570e-001
 -4.5214757e-001
 -4.6393870e-001
 -4.7762530e-001
 -4.9285113e-001
 -5.0896160e-001
 -5.2521960e-001
 -5.4102092e-001
 -5.5604049e-001
 -5.7026289e-001
 -5.8388904e-001
 -5.9715197e-001
 -6.1010871e-001
 -6.2248961e-001
 -6.3367500e-001
 -6.4283126e-001
 -6.4918486e-001
 -6.5235773e-001
 -6.5265025e-001
 -6.5115448e-001
 -6.4961724e-001
 -6.5004378e-001
 -6.5411960e-001
 -6.6260462e-001
 -6.7489047e-001
 -6.8889247e-001
 -7.0136789e-001
 -7.0863147e-001
 -7.0750896e-001
 -6.9627392e-001
 -6.7528589e-001
 -6.4710778e-001
 -6.1601654e-001
 -5.8699773e-001
 -5.6447842e-001
 -5.5114917e-001
 -5.4721900e-001
 -5.5033294e-001
 -5.5619247e-001
 -5.5971207e-001
 -5.5638676e-001
 -5.4348700e-001
 -5.2075609e-001
 -4.9044062e-001
 -4.5668418e-001
 -4.2449208e-001
 -3.9857698e-001
 -3.8239459e-001
 -3.7758675e-001
 -3.8390558e-001
 -3.9954860e-001
 -4.2173903e-001
 -4.4735754e-001
 -4.7346846e-001
 -4.9765867e-001
 -5.1818394e-001
 -5.3397048e-001
 -5.4453536e-001
 -5.4987577e-001
 -5.5035161e-001
 -5.4656632e-001
 -5.3924767e-001
 -5.2913891e-001
 -5.1692240e-001
 -5.0319644e-001
 -4.8851014e-001
 -4.7343252e-001
 -4.5860915e-001
 -4.4475413e-001
 -4.3254868e-001
 -4.2246083e-001
 -4.1454879e-001
 -4.0833855e-001
 -4.0285776e-001
 -3.9686115e-001
 -3.8921057e-001
 -3.7930446e-001
 -3.6741433e-001
 -3.5479823e-001
 -3.4352342e-001
 -3.3602225e-001
 -3.3449514e-001
 -3.4033099e-001
 -3.5371714e-001
 -3.7355711e-001
 -3.9772160e-001
 -4.2355773e-001
 -4.4850512e-001
 -4.7064003e-001
 -4.8899712e-001
 -5.0359394e-001
 -5.1517915e-001
 -5.2481245e-001
 -5.3343242e-001
 -5.4156411e-001
 -5.4926169e-001
 -5.5629160e-001
 -5.6247028e-001
 -5.6800730e-001
 -5.7369648e-001
 -5.8084692e-001
 -5.9094160e-001
 -6.0511865e-001
 -6.2365260e-001
 -6.4563529e-001
 -6.6900657e-001
 -6.9097217e-001
 -7.0870937e-001
 -7.2014506e-001
 -7.2454368e-001
 -7.2268625e-001
 -7.1654980e-001
 -7.0856845e-001
 -7.0071426e-001
 -6.9371861e-001
 -6.8672696e-001
 -6.7754401e-001
 -6.6342360e-001
 -6.4215794e-001
 -6.1309547e-001
 -5.7771614e-001
 -5.3952389e-001
 -5.0323918e-001
 -4.7351548e-001
 -4.5357922e-001
 -4.4423796e-001
 -4.4359699e-001
 -4.4760017e-001
 -4.5124178e-001
 -4.5007303e-001
 -4.4152736e-001
 -4.2564769e-001
 -4.0499664e-001
 -3.8379937e-001
 -3.6661443e-001
 -3.5696960e-001
 -3.5638890e-001
 -3.6408664e-001
 -3.7736950e-001
 -3.9255637e-001
 -4.0607496e-001
 -4.1537258e-001
 -4.1938134e-001
 -4.1845938e-001
 -4.1391713e-001
 -4.0736449e-001
 -4.0014112e-001
 -3.9302003e-001
 -3.8624166e-001
 -3.7979845e-001
 -3.7380080e-001
 -3.6874191e-001
 -3.6553964e-001
 -3.6533596e-001
 -3.6913616e-001
 -3.7743229e-001
 -3.8995780e-001
 -4.0566813e-001
 -4.2295775e-001
 -4.4004243e-001
 -4.5538308e-001
 -4.6802097e-001
 -4.7773098e-001
 -4.8496330e-001
 -4.9061098e-001
 -4.9568983e-001
 -5.0103442e-001
 -5.0709782e-001
 -5.1390189e-001
 -5.2113418e-001
 -5.2834359e-001
 -5.3516072e-001
 -5.4146832e-001
 -5.4746794e-001
 -5.5362541e-001
 -5.6051681e-001
 -5.6862809e-001
 -5.7817566e-001
 -5.8900860e-001
 -6.0062783e-001
 -6.1232051e-001
 -6.2337083e-001
 -6.3328178e-001
 -6.4193608e-001
 -6.4964093e-001
 -6.5703592e-001
 -6.6488768e-001
 -6.7383267e-001
 -6.8415000e-001
 -6.9564030e-001
 -7.0765562e-001
 -7.1927732e-001
 -7.2959055e-001
 -7.3796860e-001
 -7.4427483e-001
 -7.4891094e-001
 -7.5269029e-001
 -7.5656979e-001
 -7.6132190e-001
 -7.6724934e-001
 -7.7403508e-001
 -7.8077655e-001
 -7.8619668e-001
 -7.8896953e-001
 -7.8806329e-001
 -7.8300255e-001
 -7.7397994e-001
 -7.6179670e-001
 -7.4766317e-001
 -7.3292777e-001
 -7.1881470e-001
 -7.0623528e-001
 -6.9570559e-001
 -6.8736361e-001
 -6.8105101e-001
 -6.7641345e-001
 -6.7298166e-001
 -6.7021723e-001
 -6.6753109e-001
 -6.6429846e-001
 -6.5989546e-001
 -6.5376979e-001
 -6.4553667e-001
 -6.3507239e-001
 -6.2256914e-001
 -6.0852193e-001
 -5.9363933e-001
 -5.7869700e-001
 -5.6437555e-001
 -5.5113382e-001
 -5.3915943e-001
 -5.2841384e-001
 -5.1875670e-001
 -5.1010632e-001
 -5.0257833e-001
 -4.9655062e-001
 -4.9262492e-001
 -4.9148887e-001
 -4.9371438e-001
 -4.9954902e-001
 -5.0876157e-001
 -5.2058863e-001
 -5.3380322e-001
 -5.4689382e-001
 -5.5831521e-001
 -5.6675365e-001
 -5.7134681e-001
 -5.7180933e-001
 -5.6843830e-001
 -5.6200153e-001
 -5.5353953e-001
 -5.4413099e-001
 -5.3467822e-001
 -5.2575964e-001
 -5.1757571e-001
 -5.0998798e-001
 -5.0262682e-001
 -4.9502984e-001
 -4.8677280e-001
 -4.7756640e-001
 -4.6730996e-001
 -4.5610827e-001
 -4.4426467e-001
 -4.3226034e-001
 -4.2071951e-001
 -4.1035124e-001
 -4.0185689e-001
 -3.9580212e-001
 -3.9247124e-001
 -3.9174138e-001
 -3.9302428e-001
 -3.9531630e-001
 -3.9737117e-001
 -3.9797189e-001
 -3.9624028e-001
 -3.9190096e-001
 -3.8541806e-001
 -3.7795395e-001
 -3.7114630e-001
 -3.6675256e-001
 -3.6625067e-001
 -3.7049853e-001
 -3.7954110e-001
 -3.9261398e-001
 -4.0834066e-001
 -4.2507036e-001
 -4.4126843e-001
 -4.5585963e-001
 -4.6843911e-001
 -4.7930128e-001
 -4.8928429e-001
 -4.9947556e-001
 -5.1085923e-001
 -5.2400097e-001
 -5.3885451e-001
 -5.5474127e-001
 -5.7050631e-001
 -5.8480577e-001
 -5.9644473e-001
 -6.0467186e-001
 -6.0935051e-001
 -6.1096330e-001
 -6.1045439e-001
 -6.0896003e-001
 -6.0750752e-001
 -6.0676834e-001
 -6.0693301e-001
 -6.0773655e-001
 -6.0861995e-001
 -6.0897312e-001
 -6.0838293e-001
 -6.0680948e-001
 -6.0463506e-001
 -6.0256730e-001
 -6.0141942e-001
 -6.0182704e-001
 -6.0398120e-001
 -6.0745743e-001
 -6.1119967e-001
 -6.1368085e-001
 -6.1321666e-001
 -6.0836684e-001
 -5.9832922e-001
 -5.8322363e-001
 -5.6418073e-001
 -5.4319276e-001
 -5.2274201e-001
 -5.0528410e-001
 -4.9271055e-001
 -4.8593220e-001
 -4.8470320e-001
 -4.8774441e-001
 -4.9314196e-001
 -4.9891308e-001
 -5.0357620e-001
 -5.0655436e-001
 -5.0828880e-001
 -5.1002773e-001
 -5.1335875e-001
 -5.1963595e-001
 -5.2948710e-001
 -5.4255851e-001
 -5.5757570e-001
 -5.7269256e-001
 -5.8600802e-001
 -5.9607855e-001
 -6.0226415e-001
 -6.0480959e-001
 -6.0465733e-001
 -6.0307883e-001
 -6.0126546e-001
 -6.0002114e-001
 -5.9964862e-001
 -6.0004125e-001
 -6.0091410e-001
 -6.0206081e-001
 -6.0352248e-001
 -6.0559977e-001
 -6.0870934e-001
 -6.1315250e-001
 -6.1890101e-001
 -6.2549803e-001
 -6.3212495e-001
 -6.3781692e-001
 -6.4174751e-001
 -6.4347210e-001
 -6.4303209e-001
 -6.4087326e-001
 -6.3760307e-001
 -6.3367489e-001
 -6.2911827e-001
 -6.2342221e-001
 -6.1562516e-001
 -6.0459319e-001
 -5.8940084e-001
 -5.6969276e-001
 -5.4591031e-001
 -5.1931255e-001
 -4.9178797e-001
 -4.6551796e-001
 -4.4259227e-001
 -4.2468014e-001
 -4.1282813e-001
 -4.0740424e-001
 -4.0815704e-001
 -4.1432936e-001
 -4.2476729e-001
 -4.3799484e-001
 -4.5226600e-001
 -4.6563932e-001
 -4.7612628e-001
 -4.8193854e-001
 -4.8180797e-001
 -4.7529998e-001
 -4.6300955e-001
 -4.4653993e-001
 -4.2821976e-001
 -4.1059739e-001
 -3.9583358e-001
 -3.8516261e-001
 -3.7858569e-001
 -3.7489929e-001
 -3.7206246e-001
 -3.6780495e-001
 -3.6030504e-001
 -3.4874522e-001
 -3.3359025e-001
 -3.1651138e-001
 -2.9997933e-001
 -2.8663623e-001
 -2.7861264e-001
 -2.7696690e-001
 -2.8139064e-001
 -2.9025702e-001
 -3.0100337e-001
 -3.1075760e-001
 -3.1705596e-001
 -3.1847357e-001
 -3.1500590e-001
 -3.0809694e-001
 -3.0029640e-001
 -2.9462252e-001
 -2.9378489e-001
 -2.9946091e-001
 -3.1180848e-001
 -3.2933842e-001
 -3.4917934e-001
 -3.6766917e-001
 -3.8113059e-001
 -3.8664795e-001
 -3.8267215e-001
 -3.6932874e-001
 -3.4837972e-001
 -3.2286859e-001
 -2.9654366e-001
 -2.7319242e-001
 -2.5602444e-001
 -2.4721503e-001
 -2.4767591e-001
 -2.5706517e-001
 -2.7399915e-001
 -2.9639477e-001
 -3.2185705e-001
 -3.4803331e-001
 -3.7287857e-001
 -3.9480755e-001
 -4.1273952e-001
 -4.2606478e-001
 -4.3457260e-001
 -4.3837720e-001
 -4.3786578e-001
 -4.3367341e-001
 -4.2667222e-001
 -4.1795126e-001
 -4.0876283e-001
 -4.0042169e-001
 -3.9416150e-001
 -3.9097193e-001
 -3.9145357e-001
 -3.9572920e-001
 -4.0343764e-001
 -4.1381348e-001
 -4.2582960e-001
 -4.3835967e-001
 -4.5031356e-001
 -4.6071165e-001
 -4.6869280e-001
 -4.7348186e-001
 -4.7436479e-001
 -4.7072013e-001
 -4.6213065e-001
 -4.4855685e-001
 -4.3050926e-001
 -4.0913102e-001
 -3.8611189e-001
 -3.6340395e-001
 -3.4278606e-001
 -3.2540090e-001
 -3.1143270e-001
 -3.0007838e-001
 -2.8988224e-001
 -2.7937420e-001
 -2.6781626e-001
 -2.5577671e-001
 -2.4526032e-001
 -2.3924232e-001
 -2.4065795e-001
 -2.5112198e-001
 -2.6981199e-001
 -2.9296923e-001
 -3.1432307e-001
 -3.2645830e-001
 -3.2280807e-001
 -2.9968816e-001
 -2.5769991e-001
 -2.0197146e-001
 -1.4105199e-001
 -8.4713835e-002
 -4.1301930e-002
 -1.5456825e-002
 -6.9484650e-003
 -1.1011345e-002
 -2.0079115e-002
 -2.6346622e-002
 -2.4306075e-002
 -1.2414036e-002
  6.6510170e-003
  2.7188712e-002
  4.2674062e-002
  4.8149378e-002
  4.1955317e-002
  2.6202517e-002
  5.8568160e-003
 -1.3177024e-002
 -2.6227650e-002
 -3.1465103e-002
 -3.0360702e-002
 -2.6869471e-002
 -2.5700029e-002
 -3.0379152e-002
 -4.1877358e-002
 -5.8320269e-002
 -7.5868772e-002
 -9.0387648e-002
 -9.9220281e-002
 -1.0236075e-001
 -1.0256665e-001
 -1.0437834e-001
 -1.1243234e-001
 -1.2971454e-001
 -1.5640125e-001
 -1.8969375e-001
 -2.2467111e-001
 -2.5581795e-001
 -2.7866400e-001
 -2.9097150e-001
 -2.9310625e-001
 -2.8753872e-001
 -2.7772222e-001
 -2.6678082e-001
 -2.5646105e-001
 -2.4667088e-001
 -2.3571148e-001
 -2.2108379e-001
 -2.0059060e-001
 -1.7339310e-001
 -1.4071408e-001
 -1.0598349e-001
 -7.4360300e-002
 -5.1707685e-002
 -4.3227095e-002
 -5.2052550e-002
 -7.8151535e-002
 -1.1785160e-001
 -1.6419750e-001
 -2.0815012e-001
 -2.4040502e-001
 -2.5340301e-001
 -2.4300444e-001
 -2.0935520e-001
 -1.5668779e-001
 -9.2115181e-002
 -2.3785080e-002
  4.1044265e-002
  9.7440596e-002
  1.4336896e-001
  1.7933177e-001
  2.0732954e-001
  2.2960014e-001
  2.4761632e-001
  2.6166040e-001
  2.7102744e-001
  2.7464596e-001
  2.7175889e-001
  2.6232682e-001
  2.4698721e-001
  2.2663855e-001
  2.0191169e-001
  1.7284979e-001
  1.3901780e-001
  1.0004498e-001
  5.6370800e-002
  9.8244150e-003
 -3.6307505e-002
 -7.7879260e-002
 -1.1102389e-001
 -1.3344756e-001
 -1.4538237e-001
 -1.4978157e-001
 -1.5160063e-001
 -1.5634631e-001
 -1.6836261e-001
 -1.8944077e-001
 -2.1823950e-001
 -2.5071689e-001
 -2.8141380e-001
 -3.0512906e-001
 -3.1840367e-001
 -3.2032651e-001
 -3.1244798e-001
 -2.9792597e-001
 -2.8029907e-001
 -2.6238017e-001
 -2.4566276e-001
 -2.3038248e-001
 -2.1609182e-001
 -2.0240511e-001
 -1.8953461e-001
 -1.7837244e-001
 -1.7010824e-001
 -1.6560056e-001
 -1.6483711e-001
 -1.6677523e-001
 -1.6967154e-001
 -1.7177455e-001
 -1.7207306e-001
 -1.7075046e-001
 -1.6911126e-001
 -1.6897171e-001
 -1.7174337e-001
 -1.7758478e-001
 -1.8498852e-001
 -1.9101139e-001
 -1.9210952e-001
 -1.8530608e-001
 -1.6928776e-001
 -1.4504560e-001
 -1.1583273e-001
 -8.6445954e-002
 -6.2060408e-002
 -4.6982226e-002
 -4.3690460e-002
 -5.2423934e-002
 -7.1379229e-002
 -9.7391618e-002
 -1.2683682e-001
 -1.5645699e-001
 -1.8388167e-001
 -2.0775041e-001
 -2.2749496e-001
 -2.4295027e-001
 -2.5399863e-001
 -2.6040436e-001
 -2.6189126e-001
 -2.5839761e-001
 -2.5036065e-001
 -2.3886746e-001
 -2.2556558e-001
 -2.1233110e-001
 -2.0079871e-001
 -1.9192518e-001
 -1.8575362e-001
 -1.8147383e-001
 -1.7776185e-001
 -1.7327529e-001
 -1.6712370e-001
 -1.5914784e-001
 -1.4992186e-001
 -1.4050271e-001
 -1.3204810e-001
 -1.2546589e-001
 -1.2123131e-001
 -1.1942480e-001
 -1.1994152e-001
 -1.2274540e-001
 -1.2802009e-001
 -1.3611359e-001
 -1.4726578e-001
 -1.6121023e-001
 -1.7681432e-001
 -1.9193416e-001
 -2.0360660e-001
 -2.0859484e-001
 -2.0418152e-001
 -1.8900313e-001
 -1.6367636e-001
 -1.3099913e-001
 -9.5611888e-002
 -6.3152071e-002
 -3.9085675e-002
 -2.7506496e-002
 -3.0220292e-002
 -4.6363238e-002
 -7.2657981e-002
 -1.0423060e-001
 -1.3575522e-001
 -1.6261270e-001
 -1.8176980e-001
 -1.9219504e-001
 -1.9478234e-001
 -1.9189374e-001
 -1.8671028e-001
 -1.8257566e-001
 -1.8245018e-001
 -1.8850615e-001
 -2.0183925e-001
 -2.2226839e-001
 -2.4824265e-001
 -2.7693008e-001
 -3.0458048e-001
 -3.2720342e-001
 -3.4148644e-001
 -3.4574103e-001
 -3.4057062e-001
 -3.2896545e-001
 -3.1566613e-001
 -3.0587133e-001
 -3.0361868e-001
 -3.1034177e-001
 -3.2411952e-001
 -3.3995798e-001
 -3.5112267e-001
 -3.5117498e-001
 -3.3609179e-001
 -3.0577011e-001
 -2.6438279e-001
 -2.1941044e-001
 -1.7961101e-001
 -1.5254818e-001
 -1.4245532e-001
 -1.4910641e-001
 -1.6803531e-001
 -1.9200729e-001
 -2.1325246e-001
 -2.2575037e-001
 -2.2687410e-001
 -2.1793912e-001
 -2.0356472e-001
 -1.9011821e-001
 -1.8375894e-001
 -1.8866799e-001
 -2.0593866e-001
 -2.3336972e-001
 -2.6613320e-001
 -2.9806196e-001
 -3.2317584e-001
 -3.3705321e-001
 -3.3773971e-001
 -3.2602925e-001
 -3.0511066e-001
 -2.7971255e-001
 -2.5497364e-001
 -2.3530695e-001
 -2.2350902e-001
 -2.2029640e-001
 -2.2434458e-001
 -2.3278147e-001
 -2.4197940e-001
 -2.4842616e-001
 -2.4945591e-001
 -2.4368557e-001
 -2.3110873e-001
 -2.1290704e-001
 -1.9110937e-001
 -1.6823489e-001
 -1.4700199e-001
 -1.3010019e-001
 -1.1995329e-001
 -1.1838867e-001
 -1.2618515e-001
 -1.4257784e-001
 -1.6490500e-001
 -1.8862868e-001
 -2.0790633e-001
 -2.1673268e-001
 -2.1045316e-001
 -1.8725261e-001
 -1.4913226e-001
 -1.0196117e-001
 -5.4429480e-002
 -1.6073235e-002
  5.1272500e-003
  4.8755650e-003
 -1.6262150e-002
 -5.3046233e-002
 -9.7117771e-002
 -1.3946962e-001
 -1.7306941e-001
 -1.9479898e-001
 -2.0608473e-001
 -2.1201936e-001
 -2.1927718e-001
 -2.3353018e-001
 -2.5724242e-001
 -2.8859395e-001
 -3.2190434e-001
 -3.4942016e-001
 -3.6386999e-001
 -3.6093419e-001
 -3.4080717e-001
 -3.0833820e-001
 -2.7171191e-001
 -2.4011027e-001
 -2.2111962e-001
 -2.1870488e-001
 -2.3235600e-001
 -2.5760309e-001
 -2.8764219e-001
 -3.1547271e-001
 -3.3582783e-001
 -3.4631256e-001
 -3.4748472e-001
 -3.4199841e-001
 -3.3323676e-001
 -3.2398572e-001
 -3.1561541e-001
 -3.0798818e-001
 -3.0001156e-001
 -2.9051628e-001
 -2.7905192e-001
 -2.6627213e-001
 -2.5378246e-001
 -2.4355410e-001
 -2.3717199e-001
 -2.3522686e-001
 -2.3707447e-001
 -2.4102070e-001
 -2.4482394e-001
 -2.4630537e-001
 -2.4385432e-001
 -2.3669780e-001
 -2.2492046e-001
 -2.0931760e-001
 -1.9119744e-001
 -1.7221578e-001
 -1.5425368e-001
 -1.3928351e-001
 -1.2914994e-001
 -1.2523382e-001
 -1.2804991e-001
 -1.3691012e-001
 -1.4981717e-001
 -1.6371141e-001
 -1.7508276e-001
 -1.8082011e-001
 -1.7905821e-001
 -1.6974914e-001
 -1.5475187e-001
 -1.3738259e-001
 -1.2154660e-001
 -1.1071382e-001
 -1.0705063e-001
 -1.1096155e-001
 -1.2114842e-001
 -1.3511911e-001
 -1.4993720e-001
 -1.6294972e-001
 -1.7227518e-001
 -1.7695376e-001
 -1.7680246e-001
 -1.7212238e-001
 -1.6343377e-001
 -1.5136222e-001
 -1.3669552e-001
 -1.2052640e-001
 -1.0433914e-001
 -8.9915266e-002
 -7.9016945e-002
 -7.2919843e-002
 -7.1958552e-002
 -7.5275217e-002
 -8.0909253e-002
 -8.6250955e-002
 -8.8747733e-002
 -8.6651179e-002
 -7.9565619e-002
 -6.8615265e-002
 -5.6167466e-002
 -4.5189934e-002
 -3.8432250e-002
 -3.7669945e-002
 -4.3222720e-002
 -5.3870170e-002
 -6.7171859e-002
 -8.0089515e-002
 -8.9736656e-002
 -9.4060210e-002
 -9.2287706e-002
 -8.5040827e-002
 -7.4101974e-002
 -6.1904876e-002
 -5.0885833e-002
 -4.2864325e-002
 -3.8613996e-002
 -3.7737140e-002
 -3.8877984e-002
 -4.0219558e-002
 -4.0129716e-002
 -3.7775713e-002
 -3.3529132e-002
 -2.9035811e-002
 -2.6915853e-002
 -3.0161414e-002
 -4.1384944e-002
 -6.2112465e-002
 -9.2303326e-002
 -1.3021519e-001
 -1.7264160e-001
 -2.1545797e-001
 -2.5434524e-001
 -2.8553379e-001
 -3.0642293e-001
 -3.1597178e-001
 -3.1480981e-001
 -3.0506484e-001
 -2.8994768e-001
 -2.7316225e-001
 -2.5823337e-001
 -2.4785915e-001
 -2.4340153e-001
 -2.4461907e-001
 -2.4971626e-001
 -2.5573071e-001
 -2.5920801e-001
 -2.5703928e-001
 -2.4727711e-001
 -2.2972511e-001
 -2.0612883e-001
 -1.7988420e-001
 -1.5530480e-001
 -1.3661878e-001
 -1.2695796e-001
 -1.2761877e-001
 -1.3780678e-001
 -1.5493412e-001
 -1.7536998e-001
 -1.9540219e-001
 -2.1210588e-001
 -2.2385756e-001
 -2.3036633e-001
 -2.3227188e-001
 -2.3051365e-001
 -2.2575052e-001
 -2.1807356e-001
 -2.0712309e-001
 -1.9254444e-001
 -1.7456706e-001
 -1.5442984e-001
 -1.3442765e-001
 -1.1750374e-001
 -1.0649967e-001
 -1.0332550e-001
 -1.0836557e-001
 -1.2036359e-001
 -1.3685945e-001
 -1.5504114e-001
 -1.7270884e-001
 -1.8899111e-001
 -2.0453032e-001
 -2.2104340e-001
 -2.4039752e-001
 -2.6353261e-001
 -2.8964142e-001
 -3.1594820e-001
 -3.3822915e-001
 -3.5195616e-001
 -3.5371286e-001
 -3.4241155e-001
 -3.1987945e-001
 -2.9057518e-001
 -2.6047888e-001
 -2.3547708e-001
 -2.1974031e-001
 -2.1460518e-001
 -2.1831628e-001
 -2.2670949e-001
 -2.3461823e-001
 -2.3755646e-001
 -2.3315166e-001
 -2.2188848e-001
 -2.0694875e-001
 -1.9321842e-001
 -1.8578683e-001
 -1.8840705e-001
 -2.0237923e-001
 -2.2616987e-001
 -2.5584241e-001
 -2.8612863e-001
 -3.1179257e-001
 -3.2888180e-001
 -3.3553149e-001
 -3.3215161e-001
 -3.2102560e-001
 -3.0551306e-001
 -2.8913306e-001
 -2.7479369e-001
 -2.6434428e-001
 -2.5850146e-001
 -2.5708157e-001
 -2.5939685e-001
 -2.6465423e-001
 -2.7222935e-001
 -2.8175443e-001
 -2.9303166e-001
 -3.0584168e-001
 -3.1974536e-001
 -3.3397075e-001
 -3.4744127e-001
 -3.5894779e-001
 -3.6741209e-001
 -3.7215166e-001
 -3.7304788e-001
 -3.7054761e-001
 -3.6548440e-001
 -3.5877217e-001
 -3.5107681e-001
 -3.4258811e-001
 -3.3298501e-001
 -3.2161772e-001
 -3.0784581e-001
 -2.9140247e-001
 -2.7263491e-001
 -2.5251068e-001
 -2.3236992e-001
 -2.1351120e-001
 -1.9677867e-001
 -1.8233279e-001
 -1.6972349e-001
 -1.5826180e-001
 -1.4755129e-001
 -1.3795145e-001
 -1.3074475e-001
 -1.2787637e-001
 -1.3130073e-001
 -1.4213865e-001
 -1.5995590e-001
 -1.8246773e-001
 -2.0584962e-001
 -2.2562893e-001
 -2.3791895e-001
 -2.4061326e-001
 -2.3414088e-001
 -2.2150298e-001
 -2.0753267e-001
 -1.9756883e-001
 -1.9592905e-001
 -2.0464182e-001
 -2.2282703e-001
 -2.4692109e-001
 -2.7168676e-001
 -2.9171084e-001
 -3.0294674e-001
 -3.0384862e-001
 -2.9577083e-001
 -2.8253007e-001
 -2.6927904e-001
 -2.6104118e-001
 -2.6134585e-001
 -2.7135710e-001
 -2.8972229e-001
 -3.1313648e-001
 -3.3739900e-001
 -3.5860024e-001
 -3.7406273e-001
 -3.8277222e-001
 -3.8522704e-001
 -3.8283978e-001
 -3.7716828e-001
 -3.6928602e-001
 -3.5951579e-001
 -3.4758554e-001
 -3.3308631e-001
 -3.1599446e-001
 -2.9700638e-001
 -2.7752848e-001
 -2.5932416e-001
 -2.4397478e-001
 -2.3239469e-001
 -2.2461781e-001
 -2.1995296e-001
 -2.1744219e-001
 -2.1641985e-001
 -2.1692220e-001
 -2.1975742e-001
 -2.2618993e-001
 -2.3735745e-001
 -2.5365594e-001
 -2.7434619e-001
 -2.9755151e-001
 -3.2066465e-001
 -3.4102692e-001
 -3.5664462e-001
 -3.6670095e-001
 -3.7170333e-001
 -3.7323714e-001
 -3.7342695e-001
 -3.7428865e-001
 -3.7716788e-001
 -3.8240907e-001
 -3.8931174e-001
 -3.9634318e-001
 -4.0151770e-001
 -4.0283470e-001
 -3.9868551e-001
 -3.8817333e-001
 -3.7132098e-001
 -3.4915520e-001
 -3.2365250e-001
 -2.9752495e-001
 -2.7383171e-001
 -2.5543716e-001
 -2.4439588e-001
 -2.4140821e-001
 -2.4552256e-001
 -2.5423431e-001
 -2.6403361e-001
 -2.7130874e-001
 -2.7336651e-001
 -2.6924815e-001
 -2.6004369e-001
 -2.4854999e-001
 -2.3833571e-001
 -2.3249689e-001
 -2.3252221e-001
 -2.3767733e-001
 -2.4515571e-001
 -2.5097977e-001
 -2.5136589e-001
 -2.4409120e-001
 -2.2938808e-001
 -2.1005177e-001
 -1.9071890e-001
 -1.7655992e-001
 -1.7182049e-001
 -1.7867894e-001
 -1.9675485e-001
 -2.2336469e-001
 -2.5436945e-001
 -2.8528697e-001
 -3.1230246e-001
 -3.3290098e-001
 -3.4601537e-001
 -3.5175848e-001
 -3.5092652e-001
 -3.4448935e-001
 -3.3323471e-001
 -3.1764140e-001
 -2.9796561e-001
 -2.7446587e-001
 -2.4767187e-001
 -2.1861191e-001
 -1.8893423e-001
 -1.6087891e-001
 -1.3707672e-001
 -1.2018047e-001
 -1.1237529e-001
 -1.1486497e-001
 -1.2747189e-001
 -1.4849438e-001
 -1.7491921e-001
 -2.0299181e-001
 -2.2902793e-001
 -2.5025241e-001
 -2.6541481e-001
 -2.7498137e-001
 -2.8082760e-001
 -2.8551656e-001
 -2.9138674e-001
 -2.9974092e-001
 -3.1039539e-001
 -3.2173027e-001
 -3.3121488e-001
 -3.3622779e-001
 -3.3490046e-001
 -3.2671684e-001
 -3.1269176e-001
 -2.9509619e-001
 -2.7684258e-001
 -2.6074138e-001
 -2.4886125e-001
 -2.4217003e-001
 -2.4052703e-001
 -2.4297990e-001
 -2.4823033e-001
 -2.5509795e-001
 -2.6283612e-001
 -2.7122345e-001
 -2.8044356e-001
 -2.9084116e-001
 -3.0267935e-001
 -3.1600819e-001
 -3.3069329e-001
 -3.4656849e-001
 -3.6360540e-001
 -3.8196592e-001
 -4.0184376e-001
 -4.2309675e-001
 -4.4478878e-001
 -4.6484665e-001
 -4.8004718e-001
 -4.8646307e-001
 -4.8033333e-001
 -4.5914317e-001
 -4.2257087e-001
 -3.7294666e-001
 -3.1499138e-001
 -2.5482903e-001
 -1.9852164e-001
 -1.5056414e-001
 -1.1282434e-001
 -8.4291383e-002
 -6.1738775e-002
 -4.1099600e-002
 -1.9101910e-002
  5.3886900e-003
  3.0782975e-002
  5.3149520e-002
  6.7444660e-002
  6.9180350e-002
  5.5968830e-002
  2.8427405e-002
 -9.8507000e-003
 -5.3232700e-002
 -9.5558953e-002
 -1.3171945e-001
 -1.5878359e-001
 -1.7635013e-001
 -1.8606883e-001
 -1.9057231e-001
 -1.9224480e-001
 -1.9228421e-001
 -1.9038007e-001
 -1.8509135e-001
 -1.7474969e-001
 -1.5853065e-001
 -1.3728515e-001
 -1.1381801e-001
 -9.2498082e-002
 -7.8312461e-002
 -7.5655540e-002
 -8.7216775e-002
 -1.1328390e-001
 -1.5163797e-001
 -1.9803662e-001
 -2.4712318e-001
 -2.9350549e-001
 -3.3273555e-001
 -3.6198059e-001
 -3.8027743e-001
 -3.8837323e-001
 -3.8824808e-001
 -3.8247107e-001
 -3.7355679e-001
 -3.6346599e-001
 -3.5334141e-001
 -3.4350287e-001
 -3.3365839e-001
 -3.2323813e-001
 -3.1173663e-001
 -2.9896112e-001
 -2.8512469e-001
 -2.7077893e-001
 -2.5663186e-001
 -2.4332901e-001
 -2.3127685e-001
 -2.2056314e-001
 -2.1098807e-001
 -2.0218083e-001
 -1.9375196e-001
 -1.8542907e-001
 -1.7713977e-001
 -1.6903052e-001
 -1.6143213e-001
 -1.5479343e-001
 -1.4960320e-001
 -1.4631189e-001
 -1.4525728e-001
 -1.4659807e-001
 -1.5026484e-001
 -1.5594482e-001
 -1.6311579e-001
 -1.7113173e-001
 -1.7934160e-001
 -1.8720346e-001
 -1.9435083e-001
 -2.0058543e-001
 -2.0580361e-001
 -2.0990188e-001
 -2.1272679e-001
 -2.1412452e-001
 -2.1410156e-001
 -2.1304719e-001
 -2.1191411e-001
 -2.1223617e-001
 -2.1589570e-001
 -2.2463575e-001
 -2.3942067e-001
 -2.5984050e-001
 -2.8379171e-001
 -3.0762075e-001
 -3.2679064e-001
 -3.3695676e-001
 -3.3517570e-001
 -3.2088111e-001
 -2.9628943e-001
 -2.6604785e-001
 -2.3616744e-001
 -2.1251948e-001
 -1.9932900e-001
 -1.9811733e-001
 -2.0741204e-001
 -2.2330194e-001
 -2.4064664e-001
 -2.5454893e-001
 -2.6162977e-001
 -2.6073243e-001
 -2.5288808e-001
 -2.4062673e-001
 -2.2692527e-001
 -2.1418024e-001
 -2.0354850e-001
 -1.9483935e-001
 -1.8692863e-001
 -1.7847948e-001
 -1.6866059e-001
 -1.5758050e-001
 -1.4628790e-001
 -1.3636811e-001
 -1.2932441e-001
 -1.2600876e-001
 -1.2633584e-001
 -1.2939200e-001
 -1.3388874e-001
 -1.3877163e-001
 -1.4373402e-001
 -1.4942038e-001
 -1.5722226e-001
 -1.6872415e-001
 -1.8499109e-001
 -2.0595564e-001
 -2.3013766e-001
 -2.5482386e-001
 -2.7668163e-001
 -2.9263492e-001
 -3.0073633e-001
 -3.0076204e-001
 -2.9433826e-001
 -2.8455307e-001
 -2.7517053e-001
 -2.6968889e-001
 -2.7053126e-001
 -2.7860646e-001
 -2.9334922e-001
 -3.1318373e-001
 -3.3621216e-001
 -3.6085988e-001
 -3.8623750e-001
 -4.1209631e-001
 -4.3841697e-001
 -4.6481934e-001
 -4.9005969e-001
 -5.1185633e-001
 -5.2716703e-001
 -5.3287157e-001
 -5.2665703e-001
 -5.0781992e-001
 -4.7771909e-001
 -4.3972535e-001
 -3.9867486e-001
 -3.5997949e-001
 -3.2863038e-001
 -3.0832903e-001
 -3.0091022e-001
 -3.0612197e-001
 -3.2174389e-001
 -3.4397962e-001
 -3.6805206e-001
 -3.8893691e-001
 -4.0216511e-001
 -4.0459730e-001
 -3.9503450e-001
 -3.7450965e-001
 -3.4613445e-001
 -3.1446626e-001
 -2.8449205e-001
 -2.6045637e-001
 -2.4483645e-001
 -2.3775321e-001
 -2.3699835e-001
 -2.3868669e-001
 -2.3836272e-001
 -2.3226075e-001
 -2.1837674e-001
 -1.9706650e-001
 -1.7101951e-001
 -1.4462639e-001
 -1.2291527e-001
 -1.1033706e-001
 -1.0970824e-001
 -1.2157002e-001
 -1.4410841e-001
 -1.7363263e-001
 -2.0546542e-001
 -2.3499762e-001
 -2.5862708e-001
 -2.7434947e-001
 -2.8188137e-001
 -2.8234132e-001
 -2.7764362e-001
 -2.6983254e-001
 -2.6057560e-001
 -2.5095042e-001
 -2.4153445e-001
 -2.3269016e-001
 -2.2487430e-001
 -2.1881133e-001
 -2.1544663e-001
 -2.1569925e-001
 -2.2012016e-001
 -2.2859623e-001
 -2.4021530e-001
 -2.5334013e-001
 -2.6586491e-001
 -2.7557706e-001
 -2.8053477e-001
 -2.7939077e-001
 -2.7162352e-001
 -2.5765898e-001
 -2.3887009e-001
 -2.1743578e-001
 -1.9604394e-001
 -1.7744995e-001
 -1.6395171e-001
 -1.5689724e-001
 -1.5637013e-001
 -1.6117678e-001
 -1.6918217e-001
 -1.7792847e-001
 -1.8536523e-001
 -1.9046624e-001
 -1.9353311e-001
 -1.9608483e-001
 -2.0037068e-001
 -2.0866719e-001
 -2.2258265e-001
 -2.4257398e-001
 -2.6779360e-001
 -2.9626918e-001
 -3.2532204e-001
 -3.5208536e-001
 -3.7399494e-001
 -3.8917455e-001
 -3.9669137e-001
 -3.9668772e-001
 -3.9039392e-001
 -3.8000661e-001
 -3.6840293e-001
 -3.5867427e-001
 -3.5351309e-001
 -3.5455730e-001
 -3.6186007e-001
 -3.7367337e-001
 -3.8668966e-001
 -3.9677303e-001
 -4.0005817e-001
 -3.9414654e-001
 -3.7904368e-001
 -3.5750193e-001
 -3.3457483e-001
 -3.1642156e-001
 -3.0865531e-001
 -3.1471547e-001
 -3.3478517e-001
 -3.6563930e-001
 -4.0152294e-001
 -4.3581918e-001
 -4.6298451e-001
 -4.8011801e-001
 -4.8763527e-001
 -4.8881288e-001
 -4.8835436e-001
 -4.9046994e-001
 -4.9713697e-001
 -5.0715209e-001
 -5.1631797e-001
 -5.1871964e-001
 -5.0867376e-001
 -4.8270619e-001
 -4.4090534e-001
 -3.8720823e-001
 -3.2852859e-001
 -2.7300742e-001
 -2.2793548e-001
 -1.9797991e-001
 -1.8422645e-001
 -1.8427559e-001
 -1.9329975e-001
 -2.0568731e-001
 -2.1674969e-001
 -2.2398646e-001
 -2.2757032e-001
 -2.2996946e-001
 -2.3488466e-001
 -2.4586805e-001
 -2.6505883e-001
 -2.9240728e-001
 -3.2559059e-001
 -3.6060629e-001
 -3.9282911e-001
 -4.1819262e-001
 -4.3414028e-001
 -4.4008391e-001
 -4.3727697e-001
 -4.2819949e-001
 -4.1570004e-001
 -4.0219978e-001
 -3.8921564e-001
 -3.7732468e-001
 -3.6651944e-001
 -3.5675845e-001
 -3.4845265e-001
 -3.4266743e-001
 -3.4094604e-001
 -3.4481930e-001
 -3.5519575e-001
 -3.7187476e-001
 -3.9337648e-001
 -4.1716146e-001
 -4.4017020e-001
 -4.5950634e-001
 -4.7305182e-001
 -4.7984417e-001
 -4.8013734e-001
 -4.7516900e-001
 -4.6673251e-001
 -4.5668381e-001
 -4.4650662e-001
 -4.3702918e-001
 -4.2834711e-001
 -4.1996755e-001
 -4.1114529e-001
 -4.0133131e-001
 -3.9060448e-001
 -3.7992864e-001
 -3.7109606e-001
 -3.6629868e-001
 -3.6739963e-001
 -3.7511618e-001
 -3.8841138e-001
 -4.0437165e-001
 -4.1870842e-001
 -4.2679947e-001
 -4.2496449e-001
 -4.1154384e-001
 -3.8738514e-001
 -3.5554050e-001
 -3.2027045e-001
 -2.8572195e-001
 -2.5478381e-001
 -2.2855825e-001
 -2.0664044e-001
 -1.8806164e-001
 -1.7246415e-001
 -1.6095912e-001
 -1.5622865e-001
 -1.6173651e-001
 -1.8029150e-001
 -2.1251153e-001
 -2.5583598e-001
 -3.0457696e-001
 -3.5113396e-001
 -3.8805482e-001
 -4.1027670e-001
 -4.1676311e-001
 -4.1092353e-001
 -3.9960728e-001
 -3.9096182e-001
 -3.9185444e-001
 -4.0572385e-001
 -4.3158700e-001
 -4.6452327e-001
 -4.9743853e-001
 -5.2346216e-001
 -5.3811796e-001
 -5.4051213e-001
 -5.3316083e-001
 -5.2059370e-001
 -5.0732707e-001
 -4.9602727e-001
 -4.8659649e-001
 -4.7654307e-001
 -4.6248711e-001
 -4.4219484e-001
 -4.1630771e-001
 -3.8902245e-001
 -3.6735625e-001
 -3.5915769e-001
 -3.7050424e-001
 -4.0338515e-001
 -4.5450629e-001
 -5.1569285e-001
 -5.7583043e-001
 -6.2376451e-001
 -6.5125135e-001
 -6.5503314e-001
 -6.3740034e-001
 -6.0510301e-001
 -5.6700874e-001
 -5.3129728e-001
 -5.0310281e-001
 -4.8333257e-001
 -4.6897556e-001
 -4.5471388e-001
 -4.3523166e-001
 -4.0741706e-001
 -3.7172611e-001
 -3.3228573e-001
 -2.9574178e-001
 -2.6926134e-001
 -2.5834731e-001
 -2.6515036e-001
 -2.8777746e-001
 -3.2077287e-001
 -3.5659712e-001
 -3.8765747e-001
 -4.0831768e-001
 -4.1635245e-001
 -4.1348343e-001
 -4.0487949e-001
 -3.9776055e-001
 -3.9945274e-001
 -4.1536813e-001
 -4.4740130e-001
 -4.9314788e-001
 -5.4616991e-001
 -5.9729097e-001
 -6.3664934e-001
 -6.5602936e-001
 -6.5088830e-001
 -6.2153874e-001
 -5.7314078e-001
 -5.1446521e-001
 -4.5573136e-001
 -4.0609987e-001
 -3.7152166e-001
 -3.5355918e-001
 -3.4951529e-001
 -3.5380990e-001
 -3.6015441e-001
 -3.6381947e-001
 -3.6326121e-001
 -3.6058055e-001
 -3.6067483e-001
 -3.6937451e-001
 -3.9119388e-001
 -4.2745177e-001
 -4.7539438e-001
 -5.2862021e-001
 -5.7868062e-001
 -6.1735025e-001
 -6.3885334e-001
 -6.4135813e-001
 -6.2729687e-001
 -6.0244833e-001
 -5.7410713e-001
 -5.4893572e-001
 -5.3116849e-001
 -5.2169762e-001
 -5.1826831e-001
 -5.1665109e-001
 -5.1235664e-001
 -5.0230949e-001
 -4.8594185e-001
 -4.6538496e-001
 -4.4474446e-001
 -4.2874393e-001
 -4.2121054e-001
 -4.2390315e-001
 -4.3604551e-001
 -4.5467811e-001
 -4.7566988e-001
 -4.9502166e-001
 -5.1001471e-001
 -5.1982777e-001
 -5.2543891e-001
 -5.2887774e-001
 -5.3211676e-001
 -5.3601614e-001
 -5.3972008e-001
 -5.4074974e-001
 -5.3579524e-001
 -5.2195583e-001
 -4.9800126e-001
 -4.6519225e-001
 -4.2732366e-001
 -3.8990570e-001
 -3.5869456e-001
 -3.3802123e-001
 -3.2946102e-001
 -3.3129510e-001
 -3.3896613e-001
 -3.4640527e-001
 -3.4782070e-001
 -3.3938845e-001
 -3.2032855e-001
 -2.9306402e-001
 -2.6246927e-001
 -2.3450474e-001
 -2.1470410e-001
 -2.0697712e-001
 -2.1302684e-001
 -2.3243090e-001
 -2.6320288e-001
 -3.0251989e-001
 -3.4731784e-001
 -3.9458995e-001
 -4.4140796e-001
 -4.8482818e-001
 -5.2188472e-001
 -5.4979836e-001
 -5.6638585e-001
 -5.7051735e-001
 -5.6241107e-001
 -5.4360304e-001
 -5.1656473e-001
 -4.8409551e-001
 -4.4871585e-001
 -4.1228381e-001
 -3.7595350e-001
 -3.4043954e-001
 -3.0641942e-001
 -2.7485682e-001
 -2.4708119e-001
 -2.2458638e-001
 -2.0864838e-001
 -1.9994765e-001
 -1.9837530e-001
 -2.0311356e-001
 -2.1295102e-001
 -2.2668613e-001
 -2.4343447e-001
 -2.6270287e-001
 -2.8420312e-001
 -3.0749935e-001
 -3.3166314e-001
 -3.5511452e-001
 -3.7575391e-001
 -3.9137138e-001
 -4.0020363e-001
 -4.0144450e-001
 -3.9552518e-001
 -3.8406197e-001
 -3.6948780e-001
 -3.5449396e-001
 -3.4146681e-001
 -3.3209376e-001
 -3.2723714e-001
 -3.2706874e-001
 -3.3135947e-001
 -3.3976708e-001
 -3.5197617e-001
 -3.6761629e-001
 -3.8598854e-001
 -4.0573156e-001
 -4.2461581e-001
 -4.3964255e-001
 -4.4753457e-001
 -4.4556171e-001
 -4.3248811e-001
 -4.0932084e-001
 -3.7953248e-001
 -3.4854796e-001
 -3.2251031e-001
 -3.0660509e-001
 -3.0343319e-001
 -3.1198834e-001
 -3.2766701e-001
 -3.4343346e-001
 -3.5187270e-001
 -3.4752407e-001
 -3.2873233e-001
 -2.9836040e-001
 -2.6306182e-001
 -2.3129975e-001
 -2.1074917e-001
 -2.0595787e-001
 -2.1706890e-001
 -2.4003790e-001
 -2.6824207e-001
 -2.9487388e-001
 -3.1523276e-001
 -3.2808241e-001
 -3.3560789e-001
 -3.4204746e-001
 -3.5157714e-001
 -3.6630029e-001
 -3.8513522e-001
 -4.0403091e-001
 -4.1741935e-001
 -4.2033996e-001
 -4.1042622e-001
 -3.8901589e-001
 -3.6099219e-001
 -3.3344100e-001
 -3.1362778e-001
 -3.0700468e-001
 -3.1588904e-001
 -3.3916041e-001
 -3.7293571e-001
 -4.1185846e-001
 -4.5049351e-001
 -4.8438308e-001
 -5.1053918e-001
 -5.2740691e-001
 -5.3452263e-001
 -5.3214256e-001
 -5.2103416e-001
 -5.0246773e-001
 -4.7830222e-001
 -4.5099667e-001
 -4.2341508e-001
 -3.9840120e-001
 -3.7822126e-001
 -3.6405067e-001
 -3.5568369e-001
 -3.5157764e-001
 -3.4923800e-001
 -3.4584856e-001
 -3.3898369e-001
 -3.2722324e-001
 -3.1051860e-001
 -2.9021818e-001
 -2.6873521e-001
 -2.4891796e-001
 -2.3325240e-001
 -2.2307994e-001
 -2.1803571e-001
 -2.1589140e-001
 -2.1291183e-001
 -2.0471152e-001
 -1.8744932e-001
 -1.5906829e-001
 -1.2022260e-001
 -7.4570020e-002
 -2.8256100e-002
  1.1356789e-002
  3.7420249e-002
  4.5320351e-002
  3.3878675e-002
  5.6516620e-003
 -3.3787611e-002
 -7.7376166e-002
 -1.1841467e-001
 -1.5214912e-001
 -1.7657507e-001
 -1.9224070e-001
 -2.0119841e-001
 -2.0557901e-001
 -2.0640518e-001
 -2.0315482e-001
 -1.9426276e-001
 -1.7833468e-001
 -1.5551350e-001
 -1.2833286e-001
 -1.0157346e-001
 -8.1043974e-002
 -7.1676873e-002
 -7.5662709e-002
 -9.1394909e-002
 -1.1372411e-001
 -1.3552495e-001
 -1.5005378e-001
 -1.5323731e-001
 -1.4502395e-001
 -1.2926617e-001
 -1.1215708e-001
 -9.9802097e-002
 -9.5845418e-002
 -1.0005483e-001
 -1.0840091e-001
 -1.1459032e-001
 -1.1245500e-001
 -9.8277002e-002
 -7.2168606e-002
 -3.8007698e-002
 -1.9956125e-003
  2.9569354e-002
  5.2430987e-002
  6.5627326e-002
  7.1439713e-002
  7.4152389e-002
  7.8194929e-002
  8.6446010e-002
  9.9359086e-002
  1.1519313e-001
  1.3116148e-001
  1.4494701e-001
  1.5591533e-001
  1.6552384e-001
  1.7678632e-001
  1.9305161e-001
  2.1662219e-001
  2.4777605e-001
  2.8456121e-001
  3.2340412e-001
  3.6025150e-001
  3.9177996e-001
  4.1622065e-001
  4.3353594e-001
  4.4496057e-001
  4.5216484e-001
  4.5641867e-001
  4.5809545e-001
