 -2.7997385e-001
 -3.1950339e-001
 -3.6000409e-001
 -3.9504393e-001
 -4.1940970e-001
 -4.3033256e-001
 -4.2806790e-001
 -4.1568493e-001
 -3.9813841e-001
 -3.8089782e-001
 -3.6853351e-001
 -3.6366231e-001
 -3.6653241e-001
 -3.7531675e-001
 -3.8695950e-001
 -3.9825904e-001
 -4.0682859e-001
 -4.1166061e-001
 -4.1319068e-001
 -4.1293812e-001
 -4.1292328e-001
 -4.1508479e-001
 -4.2085369e-001
 -4.3093198e-001
 -4.4522986e-001
 -4.6288230e-001
 -4.8229471e-001
 -5.0123022e-001
 -5.1700047e-001
 -5.2682228e-001
 -5.2834502e-001
 -5.2026418e-001
 -5.0285686e-001
 -4.7824622e-001
 -4.5024463e-001
 -4.2373197e-001
 -4.0366442e-001
 -3.9393589e-001
 -3.9638905e-001
 -4.1026579e-001
 -4.3229412e-001
 -4.5744614e-001
 -4.8021082e-001
 -4.9605833e-001
 -5.0268503e-001
 -5.0065680e-001
 -4.9322029e-001
 -4.8529109e-001
 -4.8188693e-001
 -4.8646777e-001
 -4.9970103e-001
 -5.1906021e-001
 -5.3941370e-001
 -5.5444539e-001
 -5.5847560e-001
 -5.4811404e-001
 -5.2322873e-001
 -4.8694020e-001
 -4.4467337e-001
 -4.0260844e-001
 -3.6605807e-001
 -3.3829643e-001
 -3.2017934e-001
 -3.1059353e-001
 -3.0746836e-001
 -3.0888925e-001
 -3.1384045e-001
 -3.2227841e-001
 -3.3453069e-001
 -3.5031388e-001
 -3.6785016e-001
 -3.8355692e-001
 -3.9258048e-001
 -3.9011160e-001
 -3.7308113e-001
 -3.4162116e-001
 -2.9968407e-001
 -2.5445506e-001
 -2.1460007e-001
 -1.8781886e-001
 -1.7846634e-001
 -1.8604214e-001
 -2.0510253e-001
 -2.2669214e-001
 -2.4088361e-001
 -2.3963238e-001
 -2.1904209e-001
 -1.8033699e-001
 -1.2927916e-001
 -7.4291040e-002
 -2.3958725e-002
  1.5246890e-002
  4.0331910e-002
  5.1897350e-002
  5.3142520e-002
  4.8250500e-002
  4.0803090e-002
  3.2769770e-002
  2.4323205e-002
  1.4382940e-002
  1.5227000e-003
 -1.5209350e-002
 -3.5898615e-002
 -5.9902070e-002
 -8.6362190e-002
 -1.1478117e-001
 -1.4533596e-001
 -1.7875922e-001
 -2.1583274e-001
 -2.5673486e-001
 -3.0056577e-001
 -3.4530594e-001
 -3.8827504e-001
 -4.2693214e-001
 -4.5969253e-001
 -4.8640718e-001
 -5.0827560e-001
 -5.2719519e-001
 -5.4479680e-001
 -5.6157241e-001
 -5.7649554e-001
 -5.8735841e-001
 -5.9176324e-001
 -5.8841635e-001
 -5.7820346e-001
 -5.6454980e-001
 -5.5279923e-001
 -5.4870719e-001
 -5.5650183e-001
 -5.7718665e-001
 -6.0773692e-001
 -6.4157407e-001
 -6.7026992e-001
 -6.8598845e-001
 -6.8388242e-001
 -6.6363871e-001
 -6.2962767e-001
 -5.8957163e-001
 -5.5214563e-001
 -5.2428177e-001
 -5.0904321e-001
 -5.0473406e-001
 -5.0549358e-001
 -5.0313809e-001
 -4.8963106e-001
 -4.5940562e-001
 -4.1087255e-001
 -3.4676011e-001
 -2.7332497e-001
 -1.9880268e-001
 -1.3162718e-001
 -7.8913338e-002
 -4.5508960e-002
 -3.3679150e-002
 -4.3286385e-002
 -7.2237935e-002
 -1.1699602e-001
 -1.7304340e-001
 -2.3530155e-001
 -2.9855378e-001
 -3.5791132e-001
 -4.0929453e-001
 -4.4983215e-001
 -4.7805650e-001
 -4.9381623e-001
 -4.9792803e-001
 -4.9169831e-001
 -4.7650886e-001
 -4.5363703e-001
 -4.2437053e-001
 -3.9032512e-001
 -3.5374969e-001
 -3.1757532e-001
 -2.8505836e-001
 -2.5905418e-001
 -2.4115874e-001
 -2.3107558e-001
 -2.2653703e-001
 -2.2392482e-001
 -2.1946045e-001
 -2.1058012e-001
 -1.9698815e-001
 -1.8095923e-001
 -1.6671874e-001
 -1.5907661e-001
 -1.6178647e-001
 -1.7622552e-001
 -2.0088440e-001
 -2.3185645e-001
 -2.6413740e-001
 -2.9323852e-001
 -3.1650227e-001
 -3.3363478e-001
 -3.4628556e-001
 -3.5688627e-001
 -3.6725641e-001
 -3.7757572e-001
 -3.8617525e-001
 -3.9026623e-001
 -3.8733927e-001
 -3.7667602e-001
 -3.6033685e-001
 -3.4315663e-001
 -3.3163717e-001
 -3.3203896e-001
 -3.4829336e-001
 -3.8045976e-001
 -4.2429818e-001
 -4.7216857e-001
 -5.1502656e-001
 -5.4491534e-001
 -5.5717931e-001
 -5.5170610e-001
 -5.3280714e-001
 -5.0777454e-001
 -4.8456248e-001
 -4.6930867e-001
 -4.6445558e-001
 -4.6804472e-001
 -4.7439926e-001
 -4.7599071e-001
 -4.6592689e-001
 -4.4030552e-001
 -3.9970843e-001
 -3.4935702e-001
 -2.9784405e-001
 -2.5478399e-001
 -2.2806037e-001
 -2.2148708e-001
 -2.3359572e-001
 -2.5793519e-001
 -2.8481913e-001
 -3.0401694e-001
 -3.0759430e-001
 -2.9206351e-001
 -2.5922059e-001
 -2.1545630e-001
 -1.6980182e-001
 -1.3135099e-001
 -1.0686756e-001
 -9.9286484e-002
 -1.0749260e-001
 -1.2732349e-001
 -1.5334754e-001
 -1.8074631e-001
 -2.0665105e-001
 -2.3052780e-001
 -2.5357672e-001
 -2.7747073e-001
 -3.0297885e-001
 -3.2903000e-001
 -3.5258146e-001
 -3.6934413e-001
 -3.7510185e-001
 -3.6715706e-001
 -3.4540242e-001
 -3.1265778e-001
 -2.7416094e-001
 -2.3636905e-001
 -2.0542609e-001
 -1.8572916e-001
 -1.7897354e-001
 -1.8390598e-001
 -1.9682026e-001
 -2.1264171e-001
 -2.2630897e-001
 -2.3409595e-001
 -2.3453384e-001
 -2.2869015e-001
 -2.1972273e-001
 -2.1182147e-001
 -2.0883168e-001
 -2.1296725e-001
 -2.2402372e-001
 -2.3937208e-001
 -2.5477985e-001
 -2.6583198e-001
 -2.6950242e-001
 -2.6534280e-001
 -2.5585125e-001
 -2.4584426e-001
 -2.4099529e-001
 -2.4600684e-001
 -2.6303354e-001
 -2.9090709e-001
 -3.2544491e-001
 -3.6074358e-001
 -3.9100508e-001
 -4.1225090e-001
 -4.2332511e-001
 -4.2585623e-001
 -4.2324410e-001
 -4.1910676e-001
 -4.1582331e-001
 -4.1375895e-001
 -4.1147445e-001
 -4.0681470e-001
 -3.9839933e-001
 -3.8685487e-001
 -3.7521025e-001
 -3.6820054e-001
 -3.7066295e-001
 -3.8559203e-001
 -4.1259239e-001
 -4.4735578e-001
 -4.8243303e-001
 -5.0910680e-001
 -5.1977493e-001
 -5.1007523e-001
 -4.8008112e-001
 -4.3422760e-001
 -3.8005658e-001
 -3.2623842e-001
 -2.8050905e-001
 -2.4811148e-001
 -2.3109306e-001
 -2.2849164e-001
 -2.3716773e-001
 -2.5289624e-001
 -2.7134734e-001
 -2.8872773e-001
 -3.0204432e-001
 -3.0911019e-001
 -3.0848205e-001
 -2.9948514e-001
 -2.8237422e-001
 -2.5855515e-001
 -2.3070606e-001
 -2.0263164e-001
 -1.7876142e-001
 -1.6333518e-001
 -1.5945456e-001
 -1.6826450e-001
 -1.8852696e-001
 -2.1675667e-001
 -2.4793242e-001
 -2.7662943e-001
 -2.9828991e-001
 -3.1030160e-001
 -3.1259913e-001
 -3.0762612e-001
 -2.9966098e-001
 -2.9367248e-001
 -2.9399200e-001
 -3.0313913e-001
 -3.2110556e-001
 -3.4529277e-001
 -3.7113631e-001
 -3.9326909e-001
 -4.0692290e-001
 -4.0918665e-001
 -3.9976231e-001
 -3.8098923e-001
 -3.5711692e-001
 -3.3303640e-001
 -3.1285585e-001
 -2.9876564e-001
 -2.9055014e-001
 -2.8589113e-001
 -2.8134040e-001
 -2.7361115e-001
 -2.6073527e-001
 -2.4269646e-001
 -2.2135416e-001
 -1.9974100e-001
 -1.8104016e-001
 -1.6764110e-001
 -1.6060048e-001
 -1.5963682e-001
 -1.6355413e-001
 -1.7082591e-001
 -1.8004368e-001
 -1.9004988e-001
 -1.9976755e-001
 -2.0791231e-001
 -2.1284051e-001
 -2.1271689e-001
 -2.0601389e-001
 -1.9216693e-001
 -1.7209642e-001
 -1.4832649e-001
 -1.2457295e-001
 -1.0488014e-001
 -9.2566290e-002
 -8.9320074e-002
 -9.4744344e-002
 -1.0649355e-001
 -1.2095796e-001
 -1.3428182e-001
 -1.4341527e-001
 -1.4690875e-001
 -1.4524818e-001
 -1.4066337e-001
 -1.3647935e-001
 -1.3618823e-001
 -1.4247706e-001
 -1.5644995e-001
 -1.7723206e-001
 -2.0205372e-001
 -2.2680013e-001
 -2.4690258e-001
 -2.5836379e-001
 -2.5867547e-001
 -2.4741109e-001
 -2.2635690e-001
 -1.9915896e-001
 -1.7058308e-001
 -1.4557451e-001
 -1.2834259e-001
 -1.2167205e-001
 -1.2658963e-001
 -1.4241492e-001
 -1.6712846e-001
 -1.9792434e-001
 -2.3179212e-001
 -2.6599437e-001
 -2.9835617e-001
 -3.2734465e-001
 -3.5196938e-001
 -3.7156861e-001
 -3.8556023e-001
 -3.9323283e-001
 -3.9363992e-001
 -3.8564185e-001
 -3.6811437e-001
 -3.4030832e-001
 -3.0229951e-001
 -2.5542042e-001
 -2.0253006e-001
 -1.4797826e-001
 -9.7169585e-002
 -5.5733535e-002
 -2.8438635e-002
 -1.8107610e-002
 -2.4850205e-002
 -4.5891240e-002
 -7.6128040e-002
 -1.0933707e-001
 -1.3973100e-001
 -1.6342413e-001
 -1.7935610e-001
 -1.8936805e-001
 -1.9738389e-001
 -2.0793855e-001
 -2.2451539e-001
 -2.4822765e-001
 -2.7727221e-001
 -3.0733447e-001
 -3.3281332e-001
 -3.4847336e-001
 -3.5100401e-001
 -3.4001111e-001
 -3.1816201e-001
 -2.9047686e-001
 -2.6301386e-001
 -2.4135564e-001
 -2.2932797e-001
 -2.2827871e-001
 -2.3705947e-001
 -2.5264678e-001
 -2.7117242e-001
 -2.8904357e-001
 -3.0383740e-001
 -3.1474247e-001
 -3.2246393e-001
 -3.2866901e-001
 -3.3518085e-001
 -3.4319378e-001
 -3.5276195e-001
 -3.6271182e-001
 -3.7098057e-001
 -3.7523786e-001
 -3.7355948e-001
 -3.6492051e-001
 -3.4936169e-001
 -3.2782029e-001
 -3.0174884e-001
 -2.7271681e-001
 -2.4217179e-001
 -2.1143884e-001
 -1.8190396e-001
 -1.5522317e-001
 -1.3337336e-001
 -1.1842897e-001
 -1.1208428e-001
 -1.1508080e-001
 -1.2677911e-001
 -1.4509018e-001
 -1.6685716e-001
 -1.8860293e-001
 -2.0740561e-001
 -2.2160112e-001
 -2.3106940e-001
 -2.3701602e-001
 -2.4135085e-001
 -2.4590878e-001
 -2.5179753e-001
 -2.5908065e-001
 -2.6685042e-001
 -2.7358691e-001
 -2.7760669e-001
 -2.7741298e-001
 -2.7185541e-001
 -2.6013515e-001
 -2.4178191e-001
 -2.1673615e-001
 -1.8558960e-001
 -1.4991288e-001
 -1.1249667e-001
 -7.7308252e-002
 -4.9039972e-002
 -3.2272300e-002
 -3.0433592e-002
 -4.4844702e-002
 -7.4145001e-002
 -1.1430193e-001
 -1.5924243e-001
 -2.0196869e-001
 -2.3589038e-001
 -2.5605857e-001
 -2.6002987e-001
 -2.4819975e-001
 -2.2358064e-001
 -1.9112156e-001
 -1.5674071e-001
 -1.2626437e-001
 -1.0444392e-001
 -9.4182403e-002
 -9.6062146e-002
 -1.0823643e-001
 -1.2672423e-001
 -1.4611097e-001
 -1.6059535e-001
 -1.6523192e-001
 -1.5712486e-001
 -1.3627192e-001
 -1.0578248e-001
 -7.1321547e-002
 -3.9843244e-002
 -1.7910413e-002
 -1.0063506e-002
 -1.7727300e-002
 -3.8998165e-002
 -6.9375975e-002
 -1.0318927e-001
 -1.3522777e-001
 -1.6203561e-001
 -1.8245776e-001
 -1.9731883e-001
 -2.0843606e-001
 -2.1740210e-001
 -2.2463043e-001
 -2.2902263e-001
 -2.2835377e-001
 -2.2018966e-001
 -2.0295981e-001
 -1.7677681e-001
 -1.4371463e-001
 -1.0747173e-001
 -7.2555170e-002
 -4.3255225e-002
 -2.2699645e-002
 -1.2206035e-002
 -1.1038745e-002
 -1.6577965e-002
 -2.4847950e-002
 -3.1321975e-002
 -3.1894880e-002
 -2.3870145e-002
 -6.7529200e-003
  1.7389540e-002
  4.4197630e-002
  6.7979655e-002
  8.3211260e-002
  8.6204465e-002
  7.6444865e-002
  5.7123380e-002
  3.4594435e-002
  1.6821765e-002
  1.1215233e-002
  2.2491734e-002
  5.1219573e-002
  9.3510860e-002
  1.4197273e-001
  1.8763641e-001
  2.2228643e-001
  2.4050650e-001
  2.4087277e-001
  2.2600853e-001
  2.0156808e-001
  1.7452186e-001
  1.5128172e-001
  1.3619593e-001
  1.3078118e-001
  1.3380960e-001
  1.4211642e-001
  1.5181028e-001
  1.5949572e-001
  1.6316008e-001
  1.6251043e-001
  1.5872329e-001
  1.5374218e-001
  1.4937838e-001
  1.4651254e-001
  1.4464898e-001
  1.4195812e-001
  1.3579078e-001
  1.2350472e-001
  1.0335275e-001
  7.5164987e-002
  4.0618727e-002
  3.0055465e-003
 -3.3457557e-002
 -6.4604749e-002
 -8.7339851e-002
 -1.0043288e-001
 -1.0487515e-001
 -1.0367218e-001
 -1.0108923e-001
 -1.0151117e-001
 -1.0819937e-001
 -1.2228827e-001
 -1.4233217e-001
 -1.6458214e-001
 -1.8396934e-001
 -1.9555005e-001
 -1.9600243e-001
 -1.8471848e-001
 -1.6413521e-001
 -1.3917366e-001
 -1.1593417e-001
 -1.0003586e-001
 -9.5105634e-002
 -1.0187373e-001
 -1.1813443e-001
 -1.3955032e-001
 -1.6101199e-001
 -1.7810171e-001
 -1.8820061e-001
 -1.9092223e-001
 -1.8779519e-001
 -1.8136986e-001
 -1.7410037e-001
 -1.6740076e-001
 -1.6118263e-001
 -1.5399426e-001
 -1.4366848e-001
 -1.2822406e-001
 -1.0670266e-001
 -7.9671672e-002
 -4.9252430e-002
 -1.8693530e-002
  8.3573550e-003
  2.8659191e-002
  4.0043809e-002
  4.1796937e-002
  3.4713154e-002
  2.0883982e-002
  3.3401158e-003
 -1.4326543e-002
 -2.8284856e-002
 -3.4732554e-002
 -3.0179957e-002
 -1.1836098e-002
  2.1867791e-002
  7.0690143e-002
  1.3211519e-001
  2.0126385e-001
  2.7138504e-001
  3.3497075e-001
  3.8530315e-001
  4.1802290e-001
  4.3220612e-001
  4.3052158e-001
  4.1830813e-001
  4.0178495e-001
  3.8594721e-001
  3.7286745e-001
  3.6103285e-001
  3.4601122e-001
  3.2226437e-001
  2.8548983e-001
  2.3464108e-001
  1.7285229e-001
  1.0686168e-001
  4.5063146e-002
 -5.1761050e-003
 -4.0001565e-002
 -6.0465650e-002
 -7.2291845e-002
 -8.4025405e-002
 -1.0414566e-001
 -1.3808178e-001
 -1.8612230e-001
 -2.4292478e-001
 -2.9881433e-001
 -3.4248437e-001
 -3.6426807e-001
 -3.5897664e-001
 -3.2744785e-001
 -2.7635827e-001
 -2.1638899e-001
 -1.5932534e-001
 -1.1496629e-001
 -8.8738949e-002
 -8.0662928e-002
 -8.5881167e-002
 -9.6505110e-002
 -1.0415698e-001
 -1.0243262e-001
 -8.8587650e-002
 -6.4028345e-002
 -3.3568034e-002
 -3.7717900e-003
  1.9050525e-002
  3.0590150e-002
  2.9545505e-002
  1.7675125e-002
 -1.0104500e-003
 -2.1576658e-002
 -3.9552913e-002
 -5.1958275e-002
 -5.7710525e-002
 -5.7396197e-002
 -5.2591747e-002
 -4.5049282e-002
 -3.6061088e-002
 -2.6206825e-002
 -1.5516552e-002
 -3.9174485e-003
  8.2670080e-003
  1.9999971e-002
  2.9543507e-002
  3.4808537e-002
  3.3914631e-002
  2.5749444e-002
  1.0317960e-002
 -1.1248068e-002
 -3.7021391e-002
 -6.4824854e-002
 -9.2787018e-002
 -1.1970456e-001
 -1.4508749e-001
 -1.6889063e-001
 -1.9106103e-001
 -2.1110772e-001
 -2.2789651e-001
 -2.3978848e-001
 -2.4510553e-001
 -2.4277106e-001
 -2.3288842e-001
 -2.1702045e-001
 -1.9802357e-001
 -1.7944105e-001
 -1.6461993e-001
 -1.5582628e-001
 -1.5365090e-001
 -1.5691149e-001
 -1.6309403e-001
 -1.6919190e-001
 -1.7266171e-001
 -1.7217331e-001
 -1.6790539e-001
 -1.6130271e-001
 -1.5440772e-001
 -1.4903210e-001
 -1.4608564e-001
 -1.4530897e-001
 -1.4549111e-001
 -1.4505834e-001
 -1.4277490e-001
 -1.3825673e-001
 -1.3208237e-001
 -1.2545547e-001
 -1.1956339e-001
 -1.1490776e-001
 -1.1090396e-001
 -1.0594619e-001
 -9.7950991e-002
 -8.5196257e-002
 -6.7142240e-002
 -4.4909851e-002
 -2.1209468e-002
  2.8179000e-004
  1.5883035e-002
  2.2866060e-002
  2.0060205e-002
  7.9036500e-003
 -1.2030640e-002
 -3.7784475e-002
 -6.7674990e-002
 -1.0054925e-001
 -1.3551444e-001
 -1.7129221e-001
 -2.0556385e-001
 -2.3473489e-001
 -2.5441028e-001
 -2.6057422e-001
 -2.5112877e-001
 -2.2720904e-001
 -1.9367546e-001
 -1.5841978e-001
 -1.3053818e-001
 -1.1787041e-001
 -1.2469753e-001
 -1.5040326e-001
 -1.8960758e-001
 -2.3377488e-001
 -2.7376827e-001
 -3.0247440e-001
 -3.1660013e-001
 -3.1705851e-001
 -3.0789940e-001
 -2.9428592e-001
 -2.8035896e-001
 -2.6783171e-001
 -2.5582308e-001
 -2.4191099e-001
 -2.2388254e-001
 -2.0138208e-001
 -1.7671592e-001
 -1.5443415e-001
 -1.3982260e-001
 -1.3689307e-001
 -1.4667704e-001
 -1.6652554e-001
 -1.9073946e-001
 -2.1234961e-001
 -2.2542704e-001
 -2.2709513e-001
 -2.1851231e-001
 -2.0445753e-001
 -1.9164771e-001
 -1.8636443e-001
 -1.9220651e-001
 -2.0873403e-001
 -2.3145085e-001
 -2.5310843e-001
 -2.6587132e-001
 -2.6362110e-001
 -2.4367234e-001
 -2.0741632e-001
 -1.5979078e-001
 -1.0785042e-001
 -5.8951560e-002
 -1.9101165e-002
  8.1262775e-003
  2.1946941e-002
  2.4080988e-002
  1.8047262e-002
  8.2917165e-003
 -6.6240000e-004
 -4.9491300e-003
 -1.9524400e-003
  9.2568500e-003
  2.7681625e-002
  5.0429400e-002
  7.3081534e-002
  9.0412566e-002
  9.7376848e-002
  9.0184488e-002
  6.7231745e-002
  2.9659092e-002
 -1.8616478e-002
 -7.1431242e-002
 -1.2137608e-001
 -1.6107622e-001
 -1.8450029e-001
 -1.8804744e-001
 -1.7120942e-001
 -1.3668560e-001
 -8.9930105e-002
 -3.8211720e-002
  1.0642195e-002
  4.9583210e-002
  7.3501175e-002
  7.9971971e-002
  6.9440206e-002
  4.4808501e-002
  1.0549170e-002
 -2.8421105e-002
 -6.7798059e-002
 -1.0459574e-001
 -1.3733101e-001
 -1.6568762e-001
 -1.8983614e-001
 -2.0970459e-001
 -2.2450905e-001
 -2.3275251e-001
 -2.3271628e-001
 -2.2326432e-001
 -2.0463748e-001
 -1.7889069e-001
 -1.4973967e-001
 -1.2179867e-001
 -9.9429638e-002
 -8.5590700e-002
 -8.1098420e-002
 -8.4584123e-002
 -9.3174665e-002
 -1.0365489e-001
 -1.1367917e-001
 -1.2256953e-001
 -1.3138598e-001
 -1.4222693e-001
 -1.5701634e-001
 -1.7624362e-001
 -1.9816436e-001
 -2.1882339e-001
 -2.3297544e-001
 -2.3565262e-001
 -2.2387699e-001
 -1.9793124e-001
 -1.6171587e-001
 -1.2200473e-001
 -8.6769857e-002
 -6.3062320e-002
 -5.5099808e-002
 -6.3163627e-002
 -8.3659005e-002
 -1.1032195e-001
 -1.3618690e-001
 -1.5568590e-001
 -1.6621426e-001
 -1.6868209e-001
 -1.6691047e-001
 -1.6610942e-001
 -1.7096404e-001
 -1.8396168e-001
 -2.0448788e-001
 -2.2894765e-001
 -2.5182989e-001
 -2.6734125e-001
 -2.7108199e-001
 -2.6125899e-001
 -2.3910599e-001
 -2.0844091e-001
 -1.7454609e-001
 -1.4273500e-001
 -1.1702532e-001
 -9.9271775e-002
 -8.8956061e-002
 -8.3637659e-002
 -7.9893817e-002
 -7.4461922e-002
 -6.5265302e-002
 -5.2053955e-002
 -3.6504833e-002
 -2.1770092e-002
 -1.1600119e-002
 -9.2693225e-003
 -1.6575733e-002
 -3.3164013e-002
 -5.6343634e-002
 -8.1459779e-002
 -1.0274988e-001
 -1.1451014e-001
 -1.1232520e-001
 -9.4093185e-002
 -6.0611659e-002
 -1.5572555e-002
  3.5067454e-002
  8.4238949e-002
  1.2520608e-001
  1.5299115e-001
  1.6543898e-001
  1.6364206e-001
  1.5158698e-001
  1.3507511e-001
  1.2016950e-001
  1.1156696e-001
  1.1134029e-001
  1.1841592e-001
  1.2896057e-001
  1.3759539e-001
  1.3911166e-001
  1.3020236e-001
  1.1070006e-001
  8.3937454e-002
  5.6088108e-002
  3.4634409e-002
  2.6363568e-002
  3.5437890e-002
  6.2079782e-002
  1.0225643e-001
  1.4848548e-001
  1.9158198e-001
  2.2290870e-001
  2.3654413e-001
  2.3078776e-001
  2.0858263e-001
  1.7671601e-001
  1.4399040e-001
  1.1885168e-001
  1.0713223e-001
  1.1055551e-001
  1.2644339e-001
  1.4871592e-001
  1.6987746e-001
  1.8336622e-001
  1.8551968e-001
  1.7652706e-001
  1.6007471e-001
  1.4183305e-001
  1.2732962e-001
  1.1996160e-001
  1.1984263e-001
  1.2387231e-001
  1.2697433e-001
  1.2403274e-001
  1.1181818e-001
  9.0220882e-002
  6.2377427e-002
  3.3688114e-002
  1.0113926e-002
 -3.6242852e-003
 -5.3242240e-003
  4.3379795e-003
  2.2411708e-002
  4.4941673e-002
  6.8392912e-002
  9.0705053e-002
  1.1162357e-001
  1.3224380e-001
  1.5399696e-001
  1.7750285e-001
  2.0175086e-001
  2.2394407e-001
  2.4010228e-001
  2.4625157e-001
  2.3982017e-001
  2.2077650e-001
  1.9210996e-001
  1.5944676e-001
  1.2985240e-001
  1.1012266e-001
  1.0503172e-001
  1.1603956e-001
  1.4084761e-001
  1.7396060e-001
  2.0812635e-001
  2.3626538e-001
  2.5334546e-001
  2.5765522e-001
  2.5109277e-001
  2.3837015e-001
  2.2536236e-001
  2.1710059e-001
  2.1603554e-001
  2.2113067e-001
  2.2809788e-001
  2.3073051e-001
  2.2293246e-001
  2.0080484e-001
  1.6411482e-001
  1.1665481e-001
  6.5348433e-002
  1.8361315e-002
 -1.7202375e-002
 -3.7299890e-002
 -4.2025020e-002
 -3.5434010e-002
 -2.4198365e-002
 -1.5530280e-002
 -1.5043790e-002
 -2.5211620e-002
 -4.4859399e-002
 -6.9787701e-002
 -9.4249959e-002
 -1.1276464e-001
 -1.2167904e-001
 -1.2003766e-001
 -1.0957531e-001
 -9.3951617e-002
 -7.7562737e-002
 -6.4343998e-002
 -5.6907425e-002
 -5.6188138e-002
 -6.1581284e-002
 -7.1407878e-002
 -8.3493917e-002
 -9.5680200e-002
 -1.0616563e-001
 -1.1367615e-001
 -1.1750870e-001
 -1.1751040e-001
 -1.1402947e-001
 -1.0784092e-001
 -1.0003012e-001
 -9.1822585e-002
 -8.4372580e-002
 -7.8551345e-002
 -7.4790315e-002
 -7.3026465e-002
 -7.2768120e-002
 -7.3262545e-002
 -7.3716545e-002
 -7.3508669e-002
 -7.2340582e-002
 -7.0298211e-002
 -6.7821395e-002
 -6.5602987e-002
 -6.4449474e-002
 -6.5135408e-002
 -6.8277117e-002
 -7.4242313e-002
 -8.3103989e-002
 -9.4640074e-002
 -1.0837365e-001
 -1.2364212e-001
 -1.3967900e-001
 -1.5569063e-001
 -1.7091390e-001
 -1.8464906e-001
 -1.9626988e-001
 -2.0522051e-001
 -2.1101002e-001
 -2.1321437e-001
 -2.1149172e-001
 -2.0561454e-001
 -1.9551986e-001
 -1.8137712e-001
 -1.6366748e-001
 -1.4325912e-001
 -1.2145089e-001
 -9.9947875e-002
 -8.0734884e-002
 -6.5832269e-002
 -5.6953364e-002
 -5.5124749e-002
 -6.0364733e-002
 -7.1526295e-002
 -8.6387298e-002
 -1.0201450e-001
 -1.1535144e-001
 -1.2390609e-001
 -1.2636583e-001
 -1.2296397e-001
 -1.1547020e-001
 -1.0676907e-001
 -1.0010489e-001
 -9.8175963e-002
 -1.0232404e-001
 -1.1206019e-001
 -1.2508932e-001
 -1.3785732e-001
 -1.4648627e-001
 -1.4783376e-001
 -1.4035920e-001
 -1.2452777e-001
 -1.0262237e-001
 -7.8023680e-002
 -5.4193860e-002
 -3.3698655e-002
 -1.7587770e-002
 -5.3274250e-003
  4.7151750e-003
  1.4428305e-002
  2.5068541e-002
  3.6654167e-002
  4.7857571e-002
  5.6434343e-002
  6.0037379e-002
  5.7132294e-002
  4.7699010e-002
  3.3478854e-002
  1.7676658e-002
  4.1992060e-003
 -3.3505915e-003
 -2.6396805e-003
  6.7320540e-003
  2.3042281e-002
  4.2770351e-002
  6.1344711e-002
  7.4126030e-002
  7.7394066e-002
  6.9119046e-002
  4.9359911e-002
  2.0223519e-002
 -1.4581422e-002
 -5.0477226e-002
 -8.2867013e-002
 -1.0792279e-001
 -1.2316619e-001
 -1.2775807e-001
 -1.2248467e-001
 -1.0948761e-001
 -9.1819881e-002
 -7.2915123e-002
 -5.6044501e-002
 -4.3817149e-002
 -3.7771824e-002
 -3.8111497e-002
 -4.3640343e-002
 -5.1956461e-002
 -5.9917828e-002
 -6.4330811e-002
 -6.2726844e-002
 -5.4027071e-002
 -3.8883847e-002
 -1.9554883e-002
  6.9741800e-004
  1.8522492e-002
  3.1423534e-002
  3.8397991e-002
  4.0039126e-002
  3.8056015e-002
  3.4401060e-002
  3.0368100e-002
  2.6060124e-002
  2.0493340e-002
  1.2344110e-002
  1.0570585e-003
 -1.2162295e-002
 -2.3956604e-002
 -2.9316952e-002
 -2.2926161e-002
 -9.4718500e-004
  3.7361195e-002
  8.8812381e-002
  1.4661162e-001
  2.0180187e-001
  2.4541384e-001
  2.7065012e-001
  2.7442755e-001
  2.5783814e-001
  2.2547116e-001
  1.8391887e-001
  1.4002284e-001
  9.9429740e-002
  6.5827878e-002
  4.0927688e-002
  2.4963308e-002
  1.7344807e-002
  1.7126135e-002
  2.3136852e-002
  3.3855788e-002
  4.7267187e-002
  6.0956359e-002
  7.2565650e-002
  8.0509891e-002
  8.4653658e-002
  8.6584363e-002
  8.9224357e-002
  9.5781444e-002
  1.0833923e-001
  1.2660535e-001
  1.4736031e-001
  1.6494889e-001
  1.7278895e-001
  1.6547262e-001
  1.4075983e-001
  1.0073489e-001
  5.1642515e-002
  2.3649900e-003
 -3.8011887e-002
 -6.2753550e-002
 -6.9296096e-002
 -5.9721772e-002
 -3.9755957e-002
 -1.6677440e-002
  3.0858600e-003
  1.5813795e-002
  2.1175305e-002
  2.1571118e-002
  2.0489196e-002
  2.0589561e-002
  2.2311847e-002
  2.3564451e-002
  2.0605992e-002
  9.7473125e-003
 -1.0826471e-002
 -3.9864899e-002
 -7.3000948e-002
 -1.0391121e-001
 -1.2629535e-001
 -1.3596802e-001
 -1.3230545e-001
 -1.1851760e-001
 -1.0063702e-001
 -8.5572663e-002
 -7.8905984e-002
 -8.3190899e-002
 -9.7333947e-002
 -1.1724404e-001
 -1.3749298e-001
 -1.5337630e-001
 -1.6263029e-001
 -1.6619137e-001
 -1.6772794e-001
 -1.7211353e-001
 -1.8338964e-001
 -2.0295542e-001
 -2.2865555e-001
 -2.5513692e-001
 -2.7541189e-001
 -2.8314472e-001
 -2.7491062e-001
 -2.5165295e-001
 -2.1879633e-001
 -1.8488916e-001
 -1.5911984e-001
 -1.4842904e-001
 -1.5510595e-001
 -1.7565346e-001
 -2.0136013e-001
 -2.2052211e-001
 -2.2175964e-001
 -1.9751681e-001
 -1.4672971e-001
 -7.5835970e-002
  2.2659200e-003
  7.1133805e-002
  1.1486348e-001
  1.2226761e-001
  9.0017390e-002
  2.3861505e-002
 -6.2461025e-002
 -1.5037737e-001
 -2.2090288e-001
 -2.5917194e-001
 -2.5788571e-001
 -2.1878400e-001
 -1.5180133e-001
 -7.2217887e-002
  3.3279065e-003
  6.0805084e-002
  9.1635567e-002
  9.3718175e-002
  7.0534611e-002
  2.8852510e-002
 -2.4044591e-002
 -8.2590719e-002
 -1.4390081e-001
 -2.0725753e-001
 -2.7249916e-001
 -3.3811314e-001
 -3.9995144e-001
 -4.5124016e-001
 -4.8404307e-001
 -4.9174705e-001
 -4.7168791e-001
 -4.2690080e-001
 -3.6622329e-001
 -3.0252359e-001
 -2.4948477e-001
 -2.1790828e-001
 -2.1271277e-001
 -2.3160918e-001
 -2.6589265e-001
 -3.0309421e-001
 -3.3062530e-001
 -3.3924199e-001
 -3.2525631e-001
 -2.9088651e-001
 -2.4279157e-001
 -1.8944186e-001
 -1.3832470e-001
 -9.3957305e-002
 -5.7309515e-002
 -2.6672685e-002
  5.3385500e-004
  2.5852135e-002
  4.8596630e-002
  6.5887930e-002
  7.3897290e-002
  6.9789205e-002
  5.3548733e-002
  2.8895369e-002
  2.8118710e-003
 -1.6264617e-002
 -2.1021585e-002
 -7.7261400e-003
  2.2344110e-002
  6.3066734e-002
  1.0525727e-001
  1.3950797e-001
  1.5912251e-001
  1.6212372e-001
  1.5161916e-001
  1.3438936e-001
  1.1820666e-001
  1.0886555e-001
  1.0802137e-001
  1.1264334e-001
  1.1628668e-001
  1.1170221e-001
  9.3789039e-002
  6.1758747e-002
  1.9674507e-002
 -2.4852919e-002
 -6.3326059e-002
 -8.9373596e-002
 -1.0097743e-001
 -1.0107833e-001
 -9.6341968e-002
 -9.4560108e-002
 -1.0166520e-001
 -1.1946447e-001
 -1.4491246e-001
 -1.7115872e-001
 -1.8995585e-001
 -1.9453598e-001
 -1.8192899e-001
 -1.5393696e-001
 -1.1648937e-001
 -7.7683720e-002
 -4.5252495e-002
 -2.4343520e-002
 -1.6324345e-002
 -1.8910480e-002
 -2.7436810e-002
 -3.6719100e-002
 -4.2810585e-002
 -4.4075310e-002
 -4.1307625e-002
 -3.6994025e-002
 -3.4101385e-002
 -3.4888695e-002
 -4.0157640e-002
 -4.9136975e-002
 -5.9935725e-002
 -7.0306219e-002
 -7.8393661e-002
 -8.3220628e-002
 -8.4811547e-002
 -8.4025397e-002
 -8.2261663e-002
 -8.1201492e-002
 -8.2658062e-002
 -8.8493839e-002
 -1.0048453e-001
 -1.2001745e-001
 -1.4760890e-001
 -1.8236620e-001
 -2.2163373e-001
 -2.6107924e-001
 -2.9536841e-001
 -3.1936686e-001
 -3.2957707e-001
 -3.2536155e-001
 -3.0949936e-001
 -2.8779690e-001
 -2.6777414e-001
 -2.5677299e-001
 -2.6006006e-001
 -2.7952975e-001
 -3.1343014e-001
 -3.5719152e-001
 -4.0505642e-001
 -4.5192994e-001
 -4.9479734e-001
 -5.3322027e-001
 -5.6876642e-001
 -6.0362287e-001
 -6.3894686e-001
 -6.7360689e-001
 -7.0383089e-001
 -7.2395660e-001
 -7.2809029e-001
 -7.1215825e-001
 -6.7568636e-001
 -6.2270810e-001
 -5.6145021e-001
 -5.0279552e-001
 -4.5786838e-001
 -4.3533959e-001
 -4.3914314e-001
 -4.6722060e-001
 -5.1167851e-001
 -5.6040934e-001
 -5.9985860e-001
 -6.1830414e-001
 -6.0883199e-001
 -5.7121278e-001
 -5.1212121e-001
 -4.4356027e-001
 -3.7984459e-001
 -3.3392287e-001
 -3.1403797e-001
 -3.2165179e-001
 -3.5120905e-001
 -3.9178134e-001
 -4.3008811e-001
 -4.5400901e-001
 -4.5559714e-001
 -4.3280200e-001
 -3.8953123e-001
 -3.3417906e-001
 -2.7716452e-001
 -2.2823767e-001
 -1.9428570e-001
 -1.7814181e-001
 -1.7856315e-001
 -1.9121223e-001
 -2.1024038e-001
 -2.2997925e-001
 -2.4629636e-001
 -2.5732480e-001
 -2.6347888e-001
 -2.6685989e-001
 -2.7029587e-001
 -2.7632097e-001
 -2.8637919e-001
 -3.0044657e-001
 -3.1713288e-001
 -3.3418463e-001
 -3.4920284e-001
 -3.6034164e-001
 -3.6677741e-001
 -3.6882533e-001
 -3.6769941e-001
 -3.6502415e-001
 -3.6227456e-001
 -3.6032565e-001
 -3.5923689e-001
 -3.5830474e-001
 -3.5632496e-001
 -3.5194693e-001
 -3.4399546e-001
 -3.3167519e-001
 -3.1463879e-001
 -2.9296081e-001
 -2.6708767e-001
 -2.3782103e-001
 -2.0634697e-001
 -1.7427112e-001
 -1.4358945e-001
 -1.1653336e-001
 -9.5274888e-002
 -8.1543587e-002
 -7.6260404e-002
 -7.9309819e-002
 -8.9539228e-002
 -1.0500412e-001
 -1.2339588e-001
 -1.4252648e-001
 -1.6072584e-001
 -1.7703775e-001
 -1.9117019e-001
 -2.0323943e-001
 -2.1341665e-001
 -2.2161903e-001
 -2.2737137e-001
 -2.2990566e-001
 -2.2848004e-001
 -2.2281375e-001
 -2.1347864e-001
 -2.0208220e-001
 -1.9112854e-001
 -1.8354219e-001
 -1.8195414e-001
 -1.8794596e-001
 -2.0148940e-001
 -2.2078668e-001
 -2.4261425e-001
 -2.6312298e-001
 -2.7889873e-001
 -2.8798212e-001
 -2.9052854e-001
 -2.8887176e-001
 -2.8692237e-001
 -2.8904076e-001
 -2.9870625e-001
 -3.1739679e-001
 -3.4405343e-001
 -3.7533282e-001
 -4.0659457e-001
 -4.3331341e-001
 -4.5244126e-001
 -4.6323959e-001
 -4.6727261e-001
 -4.6754714e-001
 -4.6710243e-001
 -4.6757580e-001
 -4.6830548e-001
 -4.6635696e-001
 -4.5752715e-001
 -4.3800900e-001
 -4.0612811e-001
 -3.6349884e-001
 -3.1512343e-001
 -2.6831856e-001
 -2.3077029e-001
 -2.0833976e-001
 -2.0334878e-001
 -2.1392469e-001
 -2.3463069e-001
 -2.5817570e-001
 -2.7764045e-001
 -2.8849604e-001
 -2.8977859e-001
 -2.8408052e-001
 -2.7641785e-001
 -2.7239394e-001
 -2.7628713e-001
 -2.8968109e-001
 -3.1104874e-001
 -3.3637127e-001
 -3.6053637e-001
 -3.7902106e-001
 -3.8929417e-001
 -3.9148514e-001
 -3.8811617e-001
 -3.8300309e-001
 -3.7970202e-001
 -3.8003171e-001
 -3.8319005e-001
 -3.8580772e-001
 -3.8298924e-001
 -3.7006587e-001
 -3.4452348e-001
 -3.0745987e-001
 -2.6401822e-001
 -2.2252732e-001
 -1.9248135e-001
 -1.8189035e-001
 -1.9479231e-001
 -2.2973629e-001
 -2.7979432e-001
 -3.3420132e-001
 -3.8120013e-001
 -4.1125777e-001
 -4.1966796e-001
 -4.0772511e-001
 -3.8209984e-001
 -3.5261793e-001
 -3.2915399e-001
 -3.1862417e-001
 -3.2301324e-001
 -3.3901947e-001
 -3.5937248e-001
 -3.7534979e-001
 -3.7966119e-001
 -3.6878924e-001
 -3.4408377e-001
 -3.1132360e-001
 -2.7894076e-001
 -2.5549806e-001
 -2.4720487e-001
 -2.5620463e-001
 -2.8009788e-001
 -3.1277429e-001
 -3.4623423e-001
 -3.7280665e-001
 -3.8708776e-001
 -3.8705366e-001
 -3.7409120e-001
 -3.5204795e-001
 -3.2570973e-001
 -2.9927358e-001
 -2.7534412e-001
 -2.5476008e-001
 -2.3723214e-001
 -2.2245972e-001
 -2.1120650e-001
 -2.0582341e-001
 -2.0991586e-001
 -2.2718782e-001
 -2.5983850e-001
 -3.0710869e-001
 -3.6458226e-001
 -4.2462870e-001
 -4.7799167e-001
 -5.1611561e-001
 -5.3350743e-001
 -5.2936483e-001
 -5.0790393e-001
 -4.7722604e-001
 -4.4704247e-001
 -4.2596082e-001
 -4.1918900e-001
 -4.2737470e-001
 -4.4691334e-001
 -4.7155547e-001
 -4.9470417e-001
 -5.1156995e-001
 -5.2042672e-001
 -5.2256448e-001
 -5.2103544e-001
 -5.1875782e-001
 -5.1679970e-001
 -5.1361040e-001
 -5.0560797e-001
 -4.8899192e-001
 -4.6212907e-001
 -4.2755433e-001
 -3.9267233e-001
 -3.6864200e-001
 -3.6755602e-001
 -3.9867164e-001
 -4.6487553e-001
 -5.6060723e-001
 -6.7208271e-001
 -7.7996338e-001
 -8.6383100e-001
 -9.0721880e-001
 -9.0172731e-001
 -8.4900310e-001
 -7.6000705e-001
 -6.5183247e-001
 -5.4308033e-001
 -4.4921113e-001
 -3.7924057e-001
 -3.3465737e-001
 -3.1069035e-001
 -2.9929612e-001
 -2.9273114e-001
 -2.8646820e-001
 -2.8053220e-001
 -2.7893256e-001
 -2.8753966e-001
 -3.1125900e-001
 -3.5154052e-001
 -4.0508382e-001
 -4.6415139e-001
 -5.1835423e-001
 -5.5731665e-001
 -5.7339752e-001
 -5.6368980e-001
 -5.3078819e-001
 -4.8219314e-001
 -4.2858096e-001
 -3.8141809e-001
 -3.5049294e-001
 -3.4189372e-001
 -3.5681952e-001
 -3.9142532e-001
 -4.3770603e-001
 -4.8523923e-001
 -5.2344590e-001
 -5.4391042e-001
 -5.4225403e-001
 -5.1911293e-001
 -4.7994622e-001
 -4.3367344e-001
 -3.9045262e-001
 -3.5916724e-001
 -3.4530087e-001
 -3.4978776e-001
 -3.6914708e-001
 -3.9681864e-001
 -4.2524818e-001
 -4.4804769e-001
 -4.6156174e-001
 -4.6540176e-001
 -4.6188314e-001
 -4.5467605e-001
 -4.4722617e-001
 -4.4153009e-001
 -4.3766482e-001
 -4.3415240e-001
 -4.2891879e-001
 -4.2040317e-001
 -4.0835899e-001
 -3.9405133e-001
 -3.7981842e-001
 -3.6821730e-001
 -3.6111671e-001
 -3.5909029e-001
 -3.6131720e-001
 -3.6598713e-001
 -3.7101710e-001
 -3.7478987e-001
 -3.7664250e-001
 -3.7694988e-001
 -3.7680792e-001
 -3.7746266e-001
 -3.7970935e-001
 -3.8348023e-001
 -3.8776428e-001
 -3.9088807e-001
 -3.9107208e-001
 -3.8709320e-001
 -3.7885069e-001
 -3.6765475e-001
 -3.5612586e-001
 -3.4769362e-001
 -3.4579251e-001
 -3.5294195e-001
 -3.6994528e-001
 -3.9542920e-001
 -4.2587009e-001
 -4.5613409e-001
 -4.8042350e-001
 -4.9341458e-001
 -4.9132053e-001
 -4.7263501e-001
 -4.3839619e-001
 -3.9193276e-001
 -3.3817372e-001
 -2.8269263e-001
 -2.3069519e-001
 -1.8614726e-001
 -1.5119260e-001
 -1.2594332e-001
 -1.0865961e-001
 -9.6275903e-002
 -8.5181858e-002
 -7.2127104e-002
 -5.5091167e-002
 -3.3948615e-002
 -1.0774570e-002
  1.0317130e-002
  2.3829970e-002
  2.3957270e-002
  5.8865500e-003
 -3.2931785e-002
 -9.1848160e-002
 -1.6666509e-001
 -2.5001745e-001
 -3.3245764e-001
 -4.0404669e-001
 -4.5611514e-001
 -4.8280382e-001
 -4.8204251e-001
 -4.5576503e-001
 -4.0934867e-001
 -3.5044911e-001
 -2.8752352e-001
 -2.2836771e-001
 -1.7894201e-001
 -1.4265681e-001
 -1.2017486e-001
 -1.0969793e-001
 -1.0764810e-001
 -1.0962084e-001
 -1.1145772e-001
 -1.1025381e-001
 -1.0508912e-001
 -9.7284905e-002
 -9.0060050e-002
 -8.7606650e-002
 -9.3785260e-002
 -1.1079708e-001
 -1.3825206e-001
 -1.7297423e-001
 -2.0967297e-001
 -2.4232545e-001
 -2.6585938e-001
 -2.7759644e-001
 -2.7797201e-001
 -2.7027648e-001
 -2.5949132e-001
 -2.5060372e-001
 -2.4696511e-001
 -2.4924615e-001
 -2.5533735e-001
 -2.6122306e-001
 -2.6252911e-001
 -2.5622424e-001
 -2.4191099e-001
 -2.2228351e-001
 -2.0259999e-001
 -1.8932414e-001
 -1.8833449e-001
 -2.0321528e-001
 -2.3410644e-001
 -2.7742780e-001
 -3.2655948e-001
 -3.7331775e-001
 -4.0986942e-001
 -4.3061444e-001
 -4.3355783e-001
 -4.2079383e-001
 -3.9792629e-001
 -3.7251733e-001
 -3.5193314e-001
 -3.4116748e-001
 -3.4129166e-001
 -3.4905800e-001
 -3.5787675e-001
 -3.5996499e-001
 -3.4905945e-001
 -3.2283493e-001
 -2.8418942e-001
 -2.4087021e-001
 -2.0344409e-001
 -1.8218892e-001
 -1.8389793e-001
 -2.0967752e-001
 -2.5452644e-001
 -3.0889364e-001
 -3.6172189e-001
 -4.0394591e-001
 -4.3122958e-001
 -4.4497809e-001
 -4.5126767e-001
 -4.5808255e-001
 -4.7186534e-001
 -4.9464477e-001
 -5.2280763e-001
 -5.4799917e-001
 -5.5988058e-001
 -5.4981337e-001
 -5.1421108e-001
 -4.5640698e-001
 -3.8638147e-001
 -3.1839515e-001
 -2.6724015e-001
 -2.4423798e-001
 -2.5416008e-001
 -2.9393702e-001
 -3.5347390e-001
 -4.1828597e-001
 -4.7318452e-001
 -5.0600462e-001
 -5.1041119e-001
 -4.8711203e-001
 -4.4324930e-001
 -3.9021529e-001
 -3.4052658e-001
 -3.0460496e-001
 -2.8830395e-001
 -2.9179259e-001
 -3.1002035e-001
 -3.3454439e-001
 -3.5612693e-001
 -3.6731896e-001
 -3.6429537e-001
 -3.4747826e-001
 -3.2088533e-001
 -2.9053429e-001
 -2.6248852e-001
 -2.4117142e-001
 -2.2840956e-001
 -2.2336922e-001
 -2.2324430e-001
 -2.2434372e-001
 -2.2317324e-001
 -2.1720217e-001
 -2.0518726e-001
 -1.8711020e-001
 -1.6389797e-001
 -1.3710752e-001
 -1.0868437e-001
 -8.0801025e-002
 -5.5704264e-002
 -3.5489696e-002
 -2.1778986e-002
 -1.5366011e-002
 -1.5971171e-002
 -2.2251870e-002
 -3.2145490e-002
 -4.3489405e-002
 -5.4724461e-002
 -6.5407850e-002
 -7.6287235e-002
 -8.8829401e-002
 -1.0431358e-001
 -1.2281109e-001
 -1.4248614e-001
 -1.5960025e-001
 -1.6937651e-001
 -1.6754620e-001
 -1.5208255e-001
 -1.2446248e-001
 -8.9879234e-002
 -5.6159798e-002
 -3.1614133e-002
 -2.2484132e-002
 -3.0881935e-002
 -5.4000819e-002
 -8.4960241e-002
 -1.1505494e-001
 -1.3664009e-001
 -1.4561610e-001
 -1.4259670e-001
 -1.3232122e-001
 -1.2153137e-001
 -1.1612263e-001
 -1.1866571e-001
 -1.2725882e-001
 -1.3616094e-001
 -1.3796507e-001
 -1.2646986e-001
 -9.9134219e-002
 -5.8163514e-002
 -9.8142585e-003
  3.7797778e-002
  7.7521224e-002
  1.0553009e-001
  1.2233641e-001
  1.3212613e-001
  1.4076407e-001
  1.5332832e-001
  1.7218386e-001
  1.9633827e-001
  2.2226303e-001
  2.4575253e-001
  2.6398543e-001
  2.7690926e-001
  2.8739144e-001
  3.0011742e-001
  3.1973436e-001
  3.4902462e-001
  3.8784097e-001
  4.3318695e-001
  4.8034334e-001
  5.2453037e-001
  5.6241881e-001
  5.9291553e-001
  6.1698388e-001
  6.3666528e-001
  6.5377767e-001
  6.6886341e-001
  6.8082065e-001
