 -4.2536116e-001
 -4.2548162e-001
 -4.2423667e-001
 -4.2187678e-001
 -4.1903705e-001
 -4.1665397e-001
 -4.1576216e-001
 -4.1722091e-001
 -4.2145268e-001
 -4.2828133e-001
 -4.3693367e-001
 -4.4621902e-001
 -4.5484384e-001
 -4.6177025e-001
 -4.6650750e-001
 -4.6924047e-001
 -4.7074821e-001
 -4.7213255e-001
 -4.7443935e-001
 -4.7829361e-001
 -4.8366761e-001
 -4.8986043e-001
 -4.9569870e-001
 -4.9989612e-001
 -5.0145681e-001
 -4.9999350e-001
 -4.9586034e-001
 -4.9006180e-001
 -4.8397263e-001
 -4.7896435e-001
 -4.7606037e-001
 -4.7572750e-001
 -4.7786069e-001
 -4.8195052e-001
 -4.8736000e-001
 -4.9360376e-001
 -5.0052565e-001
 -5.0831172e-001
 -5.1733733e-001
 -5.2790900e-001
 -5.4000174e-001
 -5.5309613e-001
 -5.6618654e-001
 -5.7797228e-001
 -5.8717840e-001
 -5.9290523e-001
 -5.9489071e-001
 -5.9359466e-001
 -5.9006983e-001
 -5.8565309e-001
 -5.8156904e-001
 -5.7856716e-001
 -5.7670420e-001
 -5.7533783e-001
 -5.7333230e-001
 -5.6941219e-001
 -5.6255697e-001
 -5.5231988e-001
 -5.3898082e-001
 -5.2349479e-001
 -5.0725856e-001
 -4.9176917e-001
 -4.7827503e-001
 -4.6751658e-001
 -4.5962145e-001
 -4.5416988e-001
 -4.5039453e-001
 -4.4744101e-001
 -4.4460140e-001
 -4.4144832e-001
 -4.3783521e-001
 -4.3377829e-001
 -4.2928000e-001
 -4.2417677e-001
 -4.1808722e-001
 -4.1049983e-001
 -4.0098362e-001
 -3.8945102e-001
 -3.7636887e-001
 -3.6281715e-001
 -3.5033795e-001
 -3.4058839e-001
 -3.3488556e-001
 -3.3378401e-001
 -3.3683265e-001
 -3.4261264e-001
 -3.4907271e-001
 -3.5407984e-001
 -3.5602634e-001
 -3.5430776e-001
 -3.4951957e-001
 -3.4330683e-001
 -3.3790939e-001
 -3.3554040e-001
 -3.3778569e-001
 -3.4519993e-001
 -3.5720950e-001
 -3.7233411e-001
 -3.8864350e-001
 -4.0430182e-001
 -4.1803750e-001
 -4.2941167e-001
 -4.3882732e-001
 -4.4730149e-001
 -4.5608839e-001
 -4.6627580e-001
 -4.7847416e-001
 -4.9268047e-001
 -5.0834304e-001
 -5.2459172e-001
 -5.4055071e-001
 -5.5562808e-001
 -5.6968398e-001
 -5.8301755e-001
 -5.9617034e-001
 -6.0960770e-001
 -6.2338876e-001
 -6.3695475e-001
 -6.4914144e-001
 -6.5845811e-001
 -6.6358476e-001
 -6.6395019e-001
 -6.6019485e-001
 -6.5432309e-001
 -6.4941719e-001
 -6.4891206e-001
 -6.5557921e-001
 -6.7049515e-001
 -6.9232616e-001
 -7.1721607e-001
 -7.3941803e-001
 -7.5259619e-001
 -7.5150140e-001
 -7.3356778e-001
 -6.9994406e-001
 -6.5559082e-001
 -6.0831985e-001
 -5.6696111e-001
 -5.3911990e-001
 -5.2914146e-001
 -5.3687394e-001
 -5.5761076e-001
 -5.8325794e-001
 -6.0441460e-001
 -6.1278821e-001
 -6.0327539e-001
 -5.7515288e-001
 -5.3209993e-001
 -4.8112034e-001
 -4.3073655e-001
 -3.8899639e-001
 -3.6182381e-001
 -3.5208039e-001
 -3.5945357e-001
 -3.8104331e-001
 -4.1235805e-001
 -4.4838808e-001
 -4.8449235e-001
 -5.1696274e-001
 -5.4326082e-001
 -5.6200820e-001
 -5.7283642e-001
 -5.7617768e-001
 -5.7303614e-001
 -5.6475006e-001
 -5.5275327e-001
 -5.3836349e-001
 -5.2264308e-001
 -5.0637301e-001
 -4.9014600e-001
 -4.7453073e-001
 -4.6021464e-001
 -4.4802515e-001
 -4.3877246e-001
 -4.3293927e-001
 -4.3033102e-001
 -4.2985165e-001
 -4.2955498e-001
 -4.2703570e-001
 -4.2009543e-001
 -4.0749713e-001
 -3.8955665e-001
 -3.6834483e-001
 -3.4738506e-001
 -3.3089216e-001
 -3.2275359e-001
 -3.2554617e-001
 -3.3987846e-001
 -3.6425051e-001
 -3.9546316e-001
 -4.2944180e-001
 -4.6221941e-001
 -4.9078879e-001
 -5.1359086e-001
 -5.3053500e-001
 -5.4260212e-001
 -5.5121254e-001
 -5.5760545e-001
 -5.6245572e-001
 -5.6585464e-001
 -5.6763797e-001
 -5.6790659e-001
 -5.6750023e-001
 -5.6818695e-001
 -5.7242436e-001
 -5.8270647e-001
 -6.0067980e-001
 -6.2633179e-001
 -6.5757511e-001
 -6.9045139e-001
 -7.1998278e-001
 -7.4146786e-001
 -7.5183314e-001
 -7.5058502e-001
 -7.3999843e-001
 -7.2441078e-001
 -7.0879336e-001
 -6.9704236e-001
 -6.9056783e-001
 -6.8769885e-001
 -6.8417274e-001
 -6.7461127e-001
 -6.5452950e-001
 -6.2220274e-001
 -5.7972084e-001
 -5.3279985e-001
 -4.8932581e-001
 -4.5704228e-001
 -4.4110910e-001
 -4.4233997e-001
 -4.5673408e-001
 -4.7650746e-001
 -4.9233902e-001
 -4.9613980e-001
 -4.8347295e-001
 -4.5486085e-001
 -4.1557897e-001
 -3.7402938e-001
 -3.3924027e-001
 -3.1829929e-001
 -3.1451297e-001
 -3.2680734e-001
 -3.5045294e-001
 -3.7876548e-001
 -4.0515138e-001
 -4.2481964e-001
 -4.3566930e-001
 -4.3819674e-001
 -4.3461940e-001
 -4.2765462e-001
 -4.1944912e-001
 -4.1102497e-001
 -4.0236019e-001
 -3.9296118e-001
 -3.8260771e-001
 -3.7191899e-001
 -3.6249463e-001
 -3.5657618e-001
 -3.5637025e-001
 -3.6329964e-001
 -3.7746549e-001
 -3.9751330e-001
 -4.2094393e-001
 -4.4475566e-001
 -4.6620031e-001
 -4.8341544e-001
 -4.9575420e-001
 -5.0374549e-001
 -5.0873786e-001
 -5.1237141e-001
 -5.1605676e-001
 -5.2061703e-001
 -5.2617983e-001
 -5.3231954e-001
 -5.3837300e-001
 -5.4380509e-001
 -5.4849579e-001
 -5.5285372e-001
 -5.5772122e-001
 -5.6410388e-001
 -5.7281422e-001
 -5.8414875e-001
 -5.9771127e-001
 -6.1245343e-001
 -6.2693763e-001
 -6.3975409e-001
 -6.4996727e-001
 -6.5744535e-001
 -6.6295144e-001
 -6.6794278e-001
 -6.7411724e-001
 -6.8283518e-001
 -6.9459957e-001
 -7.0877453e-001
 -7.2365913e-001
 -7.3692350e-001
 -7.4629350e-001
 -7.5027836e-001
 -7.4870647e-001
 -7.4288313e-001
 -7.3529730e-001
 -7.2894831e-001
 -7.2648870e-001
 -7.2944375e-001
 -7.3774831e-001
 -7.4974216e-001
 -7.6262111e-001
 -7.7319979e-001
 -7.7875122e-001
 -7.7767660e-001
 -7.6982580e-001
 -7.5640836e-001
 -7.3956383e-001
 -7.2175416e-001
 -7.0517395e-001
 -6.9133979e-001
 -6.8093867e-001
 -6.7391941e-001
 -6.6973653e-001
 -6.6762488e-001
 -6.6680176e-001
 -6.6654786e-001
 -6.6618231e-001
 -6.6499558e-001
 -6.6221755e-001
 -6.5707425e-001
 -6.4893760e-001
 -6.3752030e-001
 -6.2303478e-001
 -6.0623662e-001
 -5.8830929e-001
 -5.7060556e-001
 -5.5431858e-001
 -5.4019034e-001
 -5.2836076e-001
 -5.1841785e-001
 -5.0964164e-001
 -5.0136492e-001
 -4.9332934e-001
 -4.8591037e-001
 -4.8012342e-001
 -4.7739280e-001
 -4.7914274e-001
 -4.8632860e-001
 -4.9904964e-001
 -5.1636367e-001
 -5.3636597e-001
 -5.5651998e-001
 -5.7415576e-001
 -5.8700685e-001
 -5.9364818e-001
 -5.9372835e-001
 -5.8794820e-001
 -5.7780729e-001
 -5.6519929e-001
 -5.5197054e-001
 -5.3955458e-001
 -5.2876214e-001
 -5.1975233e-001
 -5.1215722e-001
 -5.0529289e-001
 -4.9838131e-001
 -4.9072379e-001
 -4.8180366e-001
 -4.7133127e-001
 -4.5926579e-001
 -4.4584420e-001
 -4.3162313e-001
 -4.1750617e-001
 -4.0470716e-001
 -3.9460357e-001
 -3.8846794e-001
 -3.8711864e-001
 -3.9058334e-001
 -3.9789506e-001
 -4.0712454e-001
 -4.1569336e-001
 -4.2092469e-001
 -4.2070445e-001
 -4.1407279e-001
 -4.0156887e-001
 -3.8521176e-001
 -3.6810043e-001
 -3.5372531e-001
 -3.4516833e-001
 -3.4440079e-001
 -3.5186144e-001
 -3.6641902e-001
 -3.8571861e-001
 -4.0681055e-001
 -4.2689033e-001
 -4.4395618e-001
 -4.5722047e-001
 -4.6718141e-001
 -4.7535370e-001
 -4.8374526e-001
 -4.9423039e-001
 -5.0799077e-001
 -5.2517139e-001
 -5.4483509e-001
 -5.6521500e-001
 -5.8418359e-001
 -5.9980010e-001
 -6.1078324e-001
 -6.1678316e-001
 -6.1838927e-001
 -6.1688720e-001
 -6.1384850e-001
 -6.1067971e-001
 -6.0826270e-001
 -6.0678594e-001
 -6.0580677e-001
 -6.0451615e-001
 -6.0211788e-001
 -5.9820206e-001
 -5.9299330e-001
 -5.8739060e-001
 -5.8277445e-001
 -5.8062438e-001
 -5.8204705e-001
 -5.8734645e-001
 -5.9576454e-001
 -6.0548320e-001
 -6.1391492e-001
 -6.1823518e-001
 -6.1604280e-001
 -6.0599084e-001
 -5.8822442e-001
 -5.6449587e-001
 -5.3789863e-001
 -5.1225542e-001
 -4.9129032e-001
 -4.7778449e-001
 -4.7293685e-001
 -4.7611175e-001
 -4.8506009e-001
 -4.9656974e-001
 -5.0737302e-001
 -5.1505453e-001
 -5.1869245e-001
 -5.1903922e-001
 -5.1818665e-001
 -5.1882006e-001
 -5.2329799e-001
 -5.3284909e-001
 -5.4713960e-001
 -5.6434211e-001
 -5.8167236e-001
 -5.9620969e-001
 -6.0573083e-001
 -6.0929276e-001
 -6.0739488e-001
 -6.0169818e-001
 -5.9442697e-001
 -5.8767542e-001
 -5.8285566e-001
 -5.8045523e-001
 -5.8014839e-001
 -5.8117462e-001
 -5.8280784e-001
 -5.8472132e-001
 -5.8710894e-001
 -5.9053017e-001
 -5.9555914e-001
 -6.0239648e-001
 -6.1061513e-001
 -6.1915645e-001
 -6.2659269e-001
 -6.3156446e-001
 -6.3322934e-001
 -6.3154680e-001
 -6.2727926e-001
 -6.2168993e-001
 -6.1602941e-001
 -6.1098388e-001
 -6.0628182e-001
 -6.0061338e-001
 -5.9192029e-001
 -5.7799703e-001
 -5.5723950e-001
 -5.2932121e-001
 -4.9558418e-001
 -4.5900298e-001
 -4.2369576e-001
 -3.9408465e-001
 -3.7391292e-001
 -3.6537690e-001
 -3.6861027e-001
 -3.8166855e-001
 -4.0102668e-001
 -4.2245888e-001
 -4.4206145e-001
 -4.5713976e-001
 -4.6672377e-001
 -4.7158995e-001
 -4.7381597e-001
 -4.7602917e-001
 -4.8058936e-001
 -4.8894570e-001
 -5.0133158e-001
 -5.1684084e-001
 -5.3380623e-001
 -5.5031991e-001
 -5.6471824e-001
 -5.7589958e-001
 -5.8342850e-001
 -5.8746729e-001
 -5.8863022e-001
 -5.8785952e-001
 -5.8637706e-001
 -5.8569658e-001
 -5.8761892e-001
 -5.9411193e-001
 -6.0700712e-001
 -6.2752345e-001
 -6.5572383e-001
 -6.9008397e-001
 -7.2737002e-001
 -7.6296374e-001
 -7.9165069e-001
 -8.0873423e-001
 -8.1120737e-001
 -7.9865322e-001
 -7.7358629e-001
 -7.4108184e-001
 -7.0773705e-001
 -6.8020145e-001
 -6.6364711e-001
 -6.6057469e-001
 -6.7026341e-001
 -6.8899815e-001
 -7.1099943e-001
 -7.2980375e-001
 -7.3974038e-001
 -7.3714973e-001
 -7.2107777e-001
 -6.9332910e-001
 -6.5792328e-001
 -6.2013250e-001
 -5.8535481e-001
 -5.5808406e-001
 -5.4118309e-001
 -5.3557208e-001
 -5.4033590e-001
 -5.5316210e-001
 -5.7096251e-001
 -5.9051765e-001
 -6.0900769e-001
 -6.2434730e-001
 -6.3530277e-001
 -6.4142437e-001
 -6.4286118e-001
 -6.4013597e-001
 -6.3394613e-001
 -6.2503153e-001
 -6.1412022e-001
 -6.0193656e-001
 -5.8923933e-001
 -5.7685296e-001
 -5.6566078e-001
 -5.5654494e-001
 -5.5027692e-001
 -5.4738184e-001
 -5.4801272e-001
 -5.5187425e-001
 -5.5822571e-001
 -5.6597409e-001
 -5.7384258e-001
 -5.8057756e-001
 -5.8514453e-001
 -5.8686616e-001
 -5.8547352e-001
 -5.8106849e-001
 -5.7402243e-001
 -5.6485260e-001
 -5.5411802e-001
 -5.4235990e-001
 -5.3008639e-001
 -5.1777688e-001
 -5.0587114e-001
 -4.9471695e-001
 -4.8447582e-001
 -4.7501919e-001
 -4.6587073e-001
 -4.5625197e-001
 -4.4525987e-001
 -4.3215439e-001
 -4.1667829e-001
 -3.9929380e-001
 -3.8122399e-001
 -3.6423600e-001
 -3.5019142e-001
 -3.4048426e-001
 -3.3555395e-001
 -3.3466503e-001
 -3.3607476e-001
 -3.3757868e-001
 -3.3727579e-001
 -3.3428557e-001
 -3.2912935e-001
 -3.2358047e-001
 -3.1997237e-001
 -3.2017024e-001
 -3.2457879e-001
 -3.3159976e-001
 -3.3783282e-001
 -3.3905715e-001
 -3.3172181e-001
 -3.1442974e-001
 -2.8883159e-001
 -2.5950284e-001
 -2.3272653e-001
 -2.1452500e-001
 -2.0861387e-001
 -2.1504452e-001
 -2.3009649e-001
 -2.4753469e-001
 -2.6082072e-001
 -2.6547187e-001
 -2.6066689e-001
 -2.4945966e-001
 -2.3749202e-001
 -2.3069013e-001
 -2.3284410e-001
 -2.4403351e-001
 -2.6053797e-001
 -2.7628596e-001
 -2.8528291e-001
 -2.8406638e-001
 -2.7322290e-001
 -2.5736863e-001
 -2.4359535e-001
 -2.3897311e-001
 -2.4804945e-001
 -2.7126468e-001
 -3.0483449e-001
 -3.4209101e-001
 -3.7574343e-001
 -4.0021683e-001
 -4.1324990e-001
 -4.1624797e-001
 -4.1335866e-001
 -4.0968088e-001
 -4.0928049e-001
 -4.1369551e-001
 -4.2139627e-001
 -4.2832342e-001
 -4.2928418e-001
 -4.1975281e-001
 -3.9754178e-001
 -3.6388096e-001
 -3.2361415e-001
 -2.8443943e-001
 -2.5533313e-001
 -2.4447890e-001
 -2.5715125e-001
 -2.9405820e-001
 -3.5060177e-001
 -4.1735128e-001
 -4.8174979e-001
 -5.3074112e-001
 -5.5370744e-001
 -5.4495311e-001
 -5.0503703e-001
 -4.4055174e-001
 -3.6239411e-001
 -2.8302573e-001
 -2.1352179e-001
 -1.6124713e-001
 -1.2876053e-001
 -1.1412371e-001
 -1.1233609e-001
 -1.1729737e-001
 -1.2362103e-001
 -1.2779139e-001
 -1.2848268e-001
 -1.2619347e-001
 -1.2255773e-001
 -1.1970402e-001
 -1.1987194e-001
 -1.2526436e-001
 -1.3794227e-001
 -1.5955016e-001
 -1.9080083e-001
 -2.3087101e-001
 -2.7703338e-001
 -3.2486154e-001
 -3.6915400e-001
 -4.0539606e-001
 -4.3126180e-001
 -4.4751574e-001
 -4.5780783e-001
 -4.6724875e-001
 -4.8016485e-001
 -4.9784958e-001
 -5.1725378e-001
 -5.3130169e-001
 -5.3094774e-001
 -5.0840519e-001
 -4.6045075e-001
 -3.9056282e-001
 -3.0897042e-001
 -2.3038272e-001
 -1.6999072e-001
 -1.3898148e-001
 -1.4103607e-001
 -1.7100046e-001
 -2.1621764e-001
 -2.6013626e-001
 -2.8707043e-001
 -2.8663125e-001
 -2.5649258e-001
 -2.0272514e-001
 -1.3772264e-001
 -7.6477826e-002
 -3.2407998e-002
 -1.3960322e-002
 -2.2875817e-002
 -5.4409802e-002
 -9.9206633e-002
 -1.4609724e-001
 -1.8493680e-001
 -2.0872980e-001
 -2.1461324e-001
 -2.0365673e-001
 -1.7976424e-001
 -1.4814691e-001
 -1.1385670e-001
 -8.0755880e-002
 -5.1104641e-002
 -2.5744998e-002
 -4.6949428e-003
  1.2121850e-002
  2.4288313e-002
  3.0650948e-002
  2.9497431e-002
  1.9089345e-002
 -1.6314920e-003
 -3.2401901e-002
 -7.1282841e-002
 -1.1472760e-001
 -1.5808325e-001
 -1.9640953e-001
 -2.2541017e-001
 -2.4224347e-001
 -2.4601592e-001
 -2.3784940e-001
 -2.2052245e-001
 -1.9778844e-001
 -1.7354623e-001
 -1.5106399e-001
 -1.3243450e-001
 -1.1837353e-001
 -1.0837997e-001
 -1.0117994e-001
 -9.5302190e-002
 -8.9602485e-002
 -8.3580350e-002
 -7.7407407e-002
 -7.1687795e-002
 -6.7064259e-002
 -6.3833728e-002
 -6.1726189e-002
 -5.9933793e-002
 -5.7380334e-002
 -5.3131912e-002
 -4.6801044e-002
 -3.8803678e-002
 -3.0383565e-002
 -2.3394854e-002
 -1.9901802e-002
 -2.1692950e-002
 -2.9812874e-002
 -4.4198880e-002
 -6.3488930e-002
 -8.5049593e-002
 -1.0525579e-001
 -1.2002498e-001
 -1.2555796e-001
 -1.1917007e-001
 -1.0003336e-001
 -6.9622981e-002
 -3.1697990e-002
  8.2482000e-003
  4.3985380e-002
  6.9768703e-002
  8.1481844e-002
  7.7412294e-002
  5.8478038e-002
  2.7887636e-002
 -9.6277270e-003
 -4.8777376e-002
 -8.4631827e-002
 -1.1333540e-001
 -1.3254948e-001
 -1.4164878e-001
 -1.4172144e-001
 -1.3539790e-001
 -1.2648749e-001
 -1.1938347e-001
 -1.1823998e-001
 -1.2602471e-001
 -1.4366740e-001
 -1.6959034e-001
 -1.9986932e-001
 -2.2911324e-001
 -2.5190941e-001
 -2.6444236e-001
 -2.6575898e-001
 -2.5819580e-001
 -2.4671880e-001
 -2.3728865e-001
 -2.3473292e-001
 -2.4084064e-001
 -2.5338948e-001
 -2.6654939e-001
 -2.7265037e-001
 -2.6481084e-001
 -2.3957134e-001
 -1.9860628e-001
 -1.4883925e-001
 -1.0079383e-001
 -6.5608021e-002
 -5.1620790e-002
 -6.1631705e-002
 -9.1763043e-002
 -1.3236460e-001
 -1.7075229e-001
 -1.9497584e-001
 -1.9746610e-001
 -1.7743191e-001
 -1.4125418e-001
 -1.0073708e-001
 -6.9727168e-002
 -6.0097703e-002
 -7.8271839e-002
 -1.2328187e-001
 -1.8689808e-001
 -2.5575865e-001
 -3.1487308e-001
 -3.5151220e-001
 -3.5842870e-001
 -3.3557363e-001
 -2.8990966e-001
 -2.3343934e-001
 -1.8002665e-001
 -1.4187487e-001
 -1.2657301e-001
 -1.3543635e-001
 -1.6350463e-001
 -2.0112273e-001
 -2.3662799e-001
 -2.5940494e-001
 -2.6250588e-001
 -2.4418563e-001
 -2.0801430e-001
 -1.6162730e-001
 -1.1453284e-001
 -7.5626387e-002
 -5.1095202e-002
 -4.3230304e-002
 -5.0358001e-002
 -6.7758251e-002
 -8.9167012e-002
 -1.0834824e-001
 -1.2029414e-001
 -1.2182697e-001
 -1.1163655e-001
 -8.9986655e-002
 -5.8381515e-002
 -1.9389055e-002
  2.3372990e-002
  6.5266470e-002
  1.0093186e-001
  1.2502874e-001
  1.3337332e-001
  1.2417465e-001
  9.8903497e-002
  6.2346168e-002
  2.1622713e-002
 -1.5682419e-002
 -4.3757373e-002
 -6.0428373e-002
 -6.7955316e-002
 -7.2372374e-002
 -8.1478384e-002
 -1.0207583e-001
 -1.3736874e-001
 -1.8543074e-001
 -2.3932712e-001
 -2.8892422e-001
 -3.2383829e-001
 -3.3657351e-001
 -3.2482433e-001
 -2.9219734e-001
 -2.4714380e-001
 -2.0049003e-001
 -1.6239818e-001
 -1.3973312e-001
 -1.3461740e-001
 -1.4451127e-001
 -1.6363175e-001
 -1.8510958e-001
 -2.0311078e-001
 -2.1425602e-001
 -2.1799124e-001
 -2.1596272e-001
 -2.1078110e-001
 -2.0471494e-001
 -1.9880099e-001
 -1.9264042e-001
 -1.8486382e-001
 -1.7400168e-001
 -1.5937472e-001
 -1.4164772e-001
 -1.2284583e-001
 -1.0584553e-001
 -9.3543727e-002
 -8.8012474e-002
 -8.9935343e-002
 -9.8506269e-002
 -1.1179950e-001
 -1.2745239e-001
 -1.4339892e-001
 -1.5838490e-001
 -1.7208754e-001
 -1.8481815e-001
 -1.9695230e-001
 -2.0834317e-001
 -2.1798847e-001
 -2.2412703e-001
 -2.2476952e-001
 -2.1848300e-001
 -2.0512389e-001
 -1.8620512e-001
 -1.6470147e-001
 -1.4430410e-001
 -1.2835273e-001
 -1.1881444e-001
 -1.1568230e-001
 -1.1702647e-001
 -1.1969432e-001
 -1.2041549e-001
 -1.1691467e-001
 -1.0863255e-001
 -9.6805611e-002
 -8.3901566e-002
 -7.2653378e-002
 -6.5082227e-002
 -6.1889939e-002
 -6.2436596e-002
 -6.5266222e-002
 -6.8906797e-002
 -7.2551310e-002
 -7.6277623e-002
 -8.0672740e-002
 -8.6007834e-002
 -9.1347617e-002
 -9.4064778e-002
 -9.0116273e-002
 -7.5153453e-002
 -4.6184013e-002
 -3.2200695e-003
  4.9744092e-002
  1.0492357e-001
  1.5223482e-001
  1.8176414e-001
  1.8651214e-001
  1.6456009e-001
  1.1994054e-001
  6.1882876e-002
  2.6122940e-003
 -4.5667560e-002
 -7.3735396e-002
 -7.7425136e-002
 -5.8278543e-002
 -2.2690200e-002
  2.0104005e-002
  6.0546765e-002
  9.1061225e-002
  1.0754829e-001
  1.0978635e-001
  1.0078326e-001
  8.5419761e-002
  6.8878972e-002
  5.5348841e-002
  4.7326841e-002
  4.5612068e-002
  4.9821005e-002
  5.9095690e-002
  7.2642559e-002
  8.9855327e-002
  1.0998970e-001
  1.3158456e-001
  1.5196959e-001
  1.6719817e-001
  1.7259089e-001
  1.6382603e-001
  1.3826734e-001
  9.6078130e-002
  4.0693750e-002
 -2.1587855e-002
 -8.2853745e-002
 -1.3533686e-001
 -1.7318905e-001
 -1.9375375e-001
 -1.9798186e-001
 -1.8990140e-001
 -1.7533847e-001
 -1.6029826e-001
 -1.4948616e-001
 -1.4536409e-001
 -1.4793639e-001
 -1.5521696e-001
 -1.6412967e-001
 -1.7150063e-001
 -1.7483182e-001
 -1.7267513e-001
 -1.6459498e-001
 -1.5085008e-001
 -1.3199526e-001
 -1.0858920e-001
 -8.1113864e-002
 -5.0108697e-002
 -1.6434903e-002
  1.8458303e-002
  5.2390430e-002
  8.2513985e-002
  1.0561296e-001
  1.1860272e-001
  1.1914782e-001
  1.0627721e-001
  8.0856990e-002
  4.5784140e-002
  5.7977900e-003
 -3.3129095e-002
 -6.4760510e-002
 -8.3768912e-002
 -8.6859439e-002
 -7.3563170e-002
 -4.6456066e-002
 -1.0681645e-002
  2.7163605e-002
  6.0530698e-002
  8.4411757e-002
  9.6400829e-002
  9.6998905e-002
  8.9062325e-002
  7.6571270e-002
  6.3133245e-002
  5.0745250e-002
  3.9263865e-002
  2.6788525e-002
  1.0827660e-002
 -1.0188965e-002
 -3.5646910e-002
 -6.2270180e-002
 -8.4702195e-002
 -9.7031960e-002
 -9.4786980e-002
 -7.6704280e-002
 -4.5620385e-002
 -8.0897800e-003
  2.7237200e-002
  5.2016424e-002
  6.0643975e-002
  5.1933081e-002
  2.9471392e-002
  5.1744100e-004
 -2.6228718e-002
 -4.3276079e-002
 -4.6572674e-002
 -3.6615316e-002
 -1.8111885e-002
  1.6552800e-003
  1.5198866e-002
  1.7142632e-002
  5.7446730e-003
 -1.6819910e-002
 -4.5434161e-002
 -7.3870390e-002
 -9.6810594e-002
 -1.1136567e-001
 -1.1761923e-001
 -1.1809475e-001
 -1.1643456e-001
 -1.1584681e-001
 -1.1792572e-001
 -1.2227280e-001
 -1.2701356e-001
 -1.2994708e-001
 -1.2982239e-001
 -1.2719696e-001
 -1.2451126e-001
 -1.2533493e-001
 -1.3307646e-001
 -1.4966546e-001
 -1.7472980e-001
 -2.0559508e-001
 -2.3811058e-001
 -2.6798298e-001
 -2.9210394e-001
 -3.0936732e-001
 -3.2067927e-001
 -3.2818845e-001
 -3.3407469e-001
 -3.3941124e-001
 -3.4358522e-001
 -3.4453547e-001
 -3.3973031e-001
 -3.2749430e-001
 -3.0812844e-001
 -2.8432508e-001
 -2.6064230e-001
 -2.4217316e-001
 -2.3287697e-001
 -2.3419494e-001
 -2.4448252e-001
 -2.5948727e-001
 -2.7370212e-001
 -2.8209438e-001
 -2.8158321e-001
 -2.7176283e-001
 -2.5468660e-001
 -2.3389999e-001
 -2.1317987e-001
 -1.9549623e-001
 -1.8255100e-001
 -1.7495074e-001
 -1.7277876e-001
 -1.7617435e-001
 -1.8556600e-001
 -2.0141026e-001
 -2.2355819e-001
 -2.5057966e-001
 -2.7942931e-001
 -3.0571467e-001
 -3.2458164e-001
 -3.3197016e-001
 -3.2582309e-001
 -3.0682260e-001
 -2.7838278e-001
 -2.4588056e-001
 -2.1536211e-001
 -1.9212210e-001
 -1.7956774e-001
 -1.7865434e-001
 -1.8797368e-001
 -2.0437260e-001
 -2.2384968e-001
 -2.4245380e-001
 -2.5697803e-001
 -2.6535884e-001
 -2.6679762e-001
 -2.6168287e-001
 -2.5139518e-001
 -2.3804550e-001
 -2.2416013e-001
 -2.1231217e-001
 -2.0471552e-001
 -2.0283176e-001
 -2.0706841e-001
 -2.1664660e-001
 -2.2968315e-001
 -2.4347639e-001
 -2.5493396e-001
 -2.6105460e-001
 -2.5938392e-001
 -2.4839570e-001
 -2.2778188e-001
 -1.9864493e-001
 -1.6356926e-001
 -1.2651689e-001
 -9.2476857e-002
 -6.6822284e-002
 -5.4404152e-002
 -5.8517714e-002
 -7.9975229e-002
 -1.1656078e-001
 -1.6309702e-001
 -2.1221838e-001
 -2.5575443e-001
 -2.8643943e-001
 -2.9954230e-001
 -2.9399971e-001
 -2.7274351e-001
 -2.4211303e-001
 -2.1047598e-001
 -1.8638161e-001
 -1.7668194e-001
 -1.8505455e-001
 -2.1124867e-001
 -2.5119320e-001
 -2.9789943e-001
 -3.4291789e-001
 -3.7800478e-001
 -3.9663920e-001
 -3.9509994e-001
 -3.7293716e-001
 -3.3282111e-001
 -2.7988125e-001
 -2.2073193e-001
 -1.6240432e-001
 -1.1137037e-001
 -7.2776034e-002
 -4.9928223e-002
 -4.4028405e-002
 -5.4131012e-002
 -7.7318270e-002
 -1.0910303e-001
 -1.4406882e-001
 -1.7671400e-001
 -2.0239081e-001
 -2.1815058e-001
 -2.2326678e-001
 -2.1924640e-001
 -2.0926339e-001
 -1.9712719e-001
 -1.8607142e-001
 -1.7774218e-001
 -1.7173311e-001
 -1.6585230e-001
 -1.5706182e-001
 -1.4278963e-001
 -1.2216550e-001
 -9.6735370e-002
 -7.0370330e-002
 -4.8351725e-002
 -3.5894365e-002
 -3.6567091e-002
 -5.1115571e-002
 -7.7071765e-002
 -1.0928751e-001
 -1.4123954e-001
 -1.6671460e-001
 -1.8137210e-001
 -1.8373114e-001
 -1.7531835e-001
 -1.5997885e-001
 -1.4260768e-001
 -1.2772081e-001
 -1.1830641e-001
 -1.1527499e-001
 -1.1761108e-001
 -1.2309371e-001
 -1.2928075e-001
 -1.3439685e-001
 -1.3783820e-001
 -1.4017262e-001
 -1.4270507e-001
 -1.4682324e-001
 -1.5338842e-001
 -1.6238336e-001
 -1.7290428e-001
 -1.8344552e-001
 -1.9232884e-001
 -1.9810868e-001
 -1.9983574e-001
 -1.9715007e-001
 -1.9025433e-001
 -1.7984987e-001
 -1.6709350e-001
 -1.5357171e-001
 -1.4123138e-001
 -1.3218916e-001
 -1.2838217e-001
 -1.3110562e-001
 -1.4057008e-001
 -1.5565600e-001
 -1.7401571e-001
 -1.9257251e-001
 -2.0832563e-001
 -2.1924014e-001
 -2.2493595e-001
 -2.2692066e-001
 -2.2823480e-001
 -2.3255878e-001
 -2.4301159e-001
 -2.6099273e-001
 -2.8543774e-001
 -3.1276396e-001
 -3.3759778e-001
 -3.5414726e-001
 -3.5787922e-001
 -3.4703797e-001
 -3.2354549e-001
 -2.9295906e-001
 -2.6340440e-001
 -2.4368793e-001
 -2.4104162e-001
 -2.5909176e-001
 -2.9661907e-001
 -3.4749062e-001
 -4.0183884e-001
 -4.4822598e-001
 -4.7626024e-001
 -4.7900200e-001
 -4.5455156e-001
 -4.0642435e-001
 -3.4263376e-001
 -2.7372549e-001
 -2.1025787e-001
 -1.6034256e-001
 -1.2783048e-001
 -1.1156651e-001
 -1.0588787e-001
 -1.0225869e-001
 -9.1674151e-002
 -6.7279953e-002
 -2.6574335e-002
  2.7383370e-002
  8.6141915e-002
  1.3748449e-001
  1.6823191e-001
  1.6760913e-001
  1.3034859e-001
  5.8687022e-002
 -3.7372551e-002
 -1.4174771e-001
 -2.3560784e-001
 -3.0156683e-001
 -3.2766531e-001
 -3.1007727e-001
 -2.5379998e-001
 -1.7114695e-001
 -7.8495348e-002
  7.7563570e-003
  7.4856180e-002
  1.1598522e-001
  1.3063096e-001
  1.2314557e-001
  1.0016002e-001
  6.7846105e-002
  2.9986715e-002
 -1.2547725e-002
 -6.0873714e-002
 -1.1622162e-001
 -1.7795773e-001
 -2.4236448e-001
 -3.0274173e-001
 -3.5088509e-001
 -3.7946930e-001
 -3.8450714e-001
 -3.6699434e-001
 -3.3310908e-001
 -2.9281886e-001
 -2.5728412e-001
 -2.3585088e-001
 -2.3355518e-001
 -2.4988286e-001
 -2.7910979e-001
 -3.1204311e-001
 -3.3856670e-001
 -3.5020068e-001
 -3.4196160e-001
 -3.1310871e-001
 -2.6675760e-001
 -2.0868811e-001
 -1.4585512e-001
 -8.5083065e-002
 -3.2230590e-002
  8.1525600e-003
  3.2868830e-002
  4.0088490e-002
  2.9531480e-002
  2.8210050e-003
 -3.6188045e-002
 -8.1416134e-002
 -1.2517050e-001
 -1.5943408e-001
 -1.7762381e-001
 -1.7635584e-001
 -1.5663915e-001
 -1.2400770e-001
 -8.7385075e-002
 -5.6871950e-002
 -4.1021701e-002
 -4.4390591e-002
 -6.6126122e-002
 -1.0008191e-001
 -1.3649603e-001
 -1.6478175e-001
 -1.7661541e-001
 -1.6838830e-001
 -1.4226794e-001
 -1.0553589e-001
 -6.8403381e-002
 -4.0977938e-002
 -3.0310820e-002
 -3.8413852e-002
 -6.1814727e-002
 -9.2732235e-002
 -1.2146036e-001
 -1.3920913e-001
 -1.4055831e-001
 -1.2484825e-001
 -9.6186702e-002
 -6.2167154e-002
 -3.1742649e-002
 -1.2885689e-002
 -1.0657314e-002
 -2.6134950e-002
 -5.6381405e-002
 -9.5360773e-002
 -1.3549254e-001
 -1.6942369e-001
 -1.9159663e-001
 -1.9928052e-001
 -1.9288132e-001
 -1.7551774e-001
 -1.5201341e-001
 -1.2758002e-001
 -1.0652990e-001
 -9.1340594e-002
 -8.2297115e-002
 -7.7777197e-002
 -7.5061397e-002
 -7.1396141e-002
 -6.4965967e-002
 -5.5468928e-002
 -4.4128856e-002
 -3.3173913e-002
 -2.4994122e-002
 -2.1295137e-002
 -2.2553793e-002
 -2.7958723e-002
 -3.5834108e-002
 -4.4366225e-002
 -5.2346352e-002
 -5.9645962e-002
 -6.7246216e-002
 -7.6811615e-002
 -8.9965088e-002
 -1.0753011e-001
 -1.2901811e-001
 -1.5255442e-001
 -1.7528415e-001
 -1.9413431e-001
 -2.0668612e-001
 -2.1187451e-001
 -2.1029285e-001
 -2.0401712e-001
 -1.9602735e-001
 -1.8943561e-001
 -1.8678217e-001
 -1.8961626e-001
 -1.9845509e-001
 -2.1306179e-001
 -2.3286230e-001
 -2.5727957e-001
 -2.8581837e-001
 -3.1786227e-001
 -3.5229217e-001
 -3.8713837e-001
 -4.1948938e-001
 -4.4578923e-001
 -4.6249584e-001
 -4.6691290e-001
 -4.5791469e-001
 -4.3630475e-001
 -4.0467774e-001
 -3.6683901e-001
 -3.2699738e-001
 -2.8901265e-001
 -2.5592317e-001
 -2.2982752e-001
 -2.1202319e-001
 -2.0319691e-001
 -2.0346976e-001
 -2.1221938e-001
 -2.2777178e-001
 -2.4718591e-001
 -2.6637369e-001
 -2.8068485e-001
 -2.8588611e-001
 -2.7926399e-001
 -2.6047516e-001
 -2.3180964e-001
 -1.9771304e-001
 -1.6366360e-001
 -1.3472434e-001
 -1.1420526e-001
 -1.0283591e-001
 -9.8686463e-002
 -9.7844589e-002
 -9.5637591e-002
 -8.8046511e-002
 -7.2925612e-002
 -5.0710627e-002
 -2.4443539e-002
  8.8389600e-004
  1.9501381e-002
  2.6259816e-002
  1.7919392e-002
 -5.9908040e-003
 -4.2961077e-002
 -8.8002395e-002
 -1.3474714e-001
 -1.7687766e-001
 -2.0951765e-001
 -2.3022585e-001
 -2.3933867e-001
 -2.3959193e-001
 -2.3515823e-001
 -2.3039949e-001
 -2.2870321e-001
 -2.3172308e-001
 -2.3920002e-001
 -2.4935060e-001
 -2.5964012e-001
 -2.6766182e-001
 -2.7184584e-001
 -2.7180805e-001
 -2.6828367e-001
 -2.6272180e-001
 -2.5670791e-001
 -2.5140791e-001
 -2.4719652e-001
 -2.4356000e-001
 -2.3927815e-001
 -2.3281493e-001
 -2.2279836e-001
 -2.0845593e-001
 -1.8988933e-001
 -1.6811854e-001
 -1.4488768e-001
 -1.2229077e-001
 -1.0232723e-001
 -8.6518467e-002
 -7.5697670e-002
 -7.0027508e-002
 -6.9220351e-002
 -7.2861336e-002
 -8.0696135e-002
 -9.2760544e-002
 -1.0929638e-001
 -1.3049097e-001
 -1.5615639e-001
 -1.8549378e-001
 -2.1705237e-001
 -2.4890784e-001
 -2.7899060e-001
 -3.0543542e-001
 -3.2682917e-001
 -3.4229670e-001
 -3.5145419e-001
 -3.5432367e-001
 -3.5130771e-001
 -3.4326513e-001
 -3.3163715e-001
 -3.1850049e-001
 -3.0641427e-001
 -2.9799779e-001
 -2.9530072e-001
 -2.9915370e-001
 -3.0875212e-001
 -3.2169086e-001
 -3.3453217e-001
 -3.4379739e-001
 -3.4709776e-001
 -3.4403213e-001
 -3.3652346e-001
 -3.2843511e-001
 -3.2454765e-001
 -3.2920183e-001
 -3.4503776e-001
 -3.7223521e-001
 -4.0848929e-001
 -4.4970042e-001
 -4.9111218e-001
 -5.2848684e-001
 -5.5892056e-001
 -5.8106245e-001
 -5.9474778e-001
 -6.0028813e-001
 -5.9778715e-001
 -5.8681823e-001
 -5.6662633e-001
 -5.3677079e-001
 -4.9791387e-001
 -4.5237043e-001
 -4.0410850e-001
 -3.5810140e-001
 -3.1919565e-001
 -2.9086767e-001
 -2.7431141e-001
 -2.6819698e-001
 -2.6920786e-001
 -2.7318782e-001
 -2.7651573e-001
 -2.7725169e-001
 -2.7568498e-001
 -2.7412430e-001
 -2.7602354e-001
 -2.8474291e-001
 -3.0234245e-001
 -3.2877018e-001
 -3.6166780e-001
 -3.9682508e-001
 -4.2913391e-001
 -4.5377156e-001
 -4.6730282e-001
 -4.6843113e-001
 -4.5822763e-001
 -4.3979688e-001
 -4.1747110e-001
 -3.9573598e-001
 -3.7816035e-001
 -3.6661092e-001
 -3.6097201e-001
 -3.5946157e-001
 -3.5946314e-001
 -3.5862413e-001
 -3.5586113e-001
 -3.5191384e-001
 -3.4921709e-001
 -3.5108777e-001
 -3.6047699e-001
 -3.7872143e-001
 -4.0476326e-001
 -4.3516668e-001
 -4.6498093e-001
 -4.8918553e-001
 -5.0422203e-001
 -5.0906412e-001
 -5.0543046e-001
 -4.9705075e-001
 -4.8824167e-001
 -4.8230413e-001
 -4.8032144e-001
 -4.8079415e-001
 -4.8024608e-001
 -4.7458995e-001
 -4.6077439e-001
 -4.3813927e-001
 -4.0900932e-001
 -3.7831403e-001
 -3.5234019e-001
 -3.3699656e-001
 -3.3611295e-001
 -3.5027299e-001
 -3.7650901e-001
 -4.0892911e-001
 -4.4008106e-001
 -4.6266206e-001
 -4.7110794e-001
 -4.6265639e-001
 -4.3765122e-001
 -3.9908489e-001
 -3.5159437e-001
 -3.0026584e-001
 -2.4962537e-001
 -2.0309149e-001
 -1.6297664e-001
 -1.3091318e-001
 -1.0842030e-001
 -9.7278545e-002
 -9.9462565e-002
 -1.1657213e-001
 -1.4893212e-001
 -1.9471583e-001
 -2.4950599e-001
 -3.0660842e-001
 -3.5819438e-001
 -3.9704555e-001
 -4.1841793e-001
 -4.2142954e-001
 -4.0946773e-001
 -3.8939234e-001
 -3.6969619e-001
 -3.5814393e-001
 -3.5961384e-001
 -3.7483265e-001
 -4.0041638e-001
 -4.3019975e-001
 -4.5739553e-001
 -4.7683402e-001
 -4.8650160e-001
 -4.8784708e-001
 -4.8477545e-001
 -4.8173937e-001
 -4.8168926e-001
 -4.8471449e-001
 -4.8796287e-001
 -4.8694233e-001
 -4.7776111e-001
 -4.5945566e-001
 -4.3545314e-001
 -4.1347002e-001
 -4.0368522e-001
 -4.1565827e-001
 -4.5496189e-001
 -5.2067641e-001
 -6.0467272e-001
 -6.9305441e-001
 -7.6942518e-001
 -8.1903484e-001
 -8.3255051e-001
 -8.0830702e-001
 -7.5237710e-001
 -6.7650152e-001
 -5.9459405e-001
 -5.1895813e-001
 -4.5738800e-001
 -4.1197389e-001
 -3.7982593e-001
 -3.5528932e-001
 -3.3276277e-001
 -3.0910194e-001
 -2.8481259e-001
 -2.6371406e-001
 -2.5130422e-001
 -2.5248502e-001
 -2.6947976e-001
 -3.0065244e-001
 -3.4059370e-001
 -3.8140690e-001
 -4.1475951e-001
 -4.3407076e-001
 -4.3621974e-001
 -4.2234362e-001
 -3.9756956e-001
 -3.6979604e-001
 -3.4784508e-001
 -3.3941498e-001
 -3.4927798e-001
 -3.7810440e-001
 -4.2217227e-001
 -4.7405187e-001
 -5.2415510e-001
 -5.6283699e-001
 -5.8257836e-001
 -5.7971580e-001
 -5.5525860e-001
 -5.1454668e-001
 -4.6581345e-001
 -4.1803534e-001
 -3.7867189e-001
 -3.5194417e-001
 -3.3813770e-001
 -3.3409613e-001
 -3.3469532e-001
 -3.3478451e-001
 -3.3095341e-001
 -3.2257503e-001
 -3.1184300e-001
 -3.0287253e-001
 -3.0023603e-001
 -3.0745807e-001
 -3.2595492e-001
 -3.5470218e-001
 -3.9063736e-001
 -4.2955966e-001
 -4.6716246e-001
 -4.9985679e-001
 -5.2518689e-001
 -5.4183057e-001
 -5.4933363e-001
 -5.4779267e-001
 -5.3766106e-001
 -5.1974161e-001
 -4.9530683e-001
 -4.6620993e-001
 -4.3484922e-001
 -4.0391821e-001
 -3.7597863e-001
 -3.5298319e-001
 -3.3591205e-001
 -3.2465575e-001
 -3.1819450e-001
 -3.1502262e-001
 -3.1368648e-001
 -3.1327244e-001
 -3.1370328e-001
 -3.1576517e-001
 -3.2086657e-001
 -3.3060045e-001
 -3.4622351e-001
 -3.6817617e-001
 -3.9574927e-001
 -4.2696727e-001
 -4.5871574e-001
 -4.8709743e-001
 -5.0796487e-001
 -5.1754840e-001
 -5.1308009e-001
 -4.9330921e-001
 -4.5881472e-001
 -4.1204596e-001
 -3.5706238e-001
 -2.9899329e-001
 -2.4329054e-001
 -1.9489385e-001
 -1.5745757e-001
 -1.3279056e-001
 -1.2063170e-001
 -1.1882349e-001
 -1.2386487e-001
 -1.3173923e-001
 -1.3884642e-001
 -1.4283636e-001
 -1.4315732e-001
 -1.4119213e-001
 -1.3994572e-001
 -1.4334668e-001
 -1.5531029e-001
 -1.7876317e-001
 -2.1483923e-001
 -2.6242263e-001
 -3.1814142e-001
 -3.7682022e-001
 -4.3229914e-001
 -4.7844349e-001
 -5.1012587e-001
 -5.2397469e-001
 -5.1875109e-001
 -4.9532197e-001
 -4.5630556e-001
 -4.0553991e-001
 -3.4753644e-001
 -2.8702963e-001
 -2.2864561e-001
 -1.7663334e-001
 -1.3457387e-001
 -1.0502257e-001
 -8.9129505e-002
 -8.6373011e-002
 -9.4575924e-002
 -1.1031805e-001
 -1.2972058e-001
 -1.4941178e-001
 -1.6736627e-001
 -1.8330648e-001
 -1.9848533e-001
 -2.1489370e-001
 -2.3416701e-001
 -2.5660484e-001
 -2.8069885e-001
 -3.0338448e-001
 -3.2095608e-001
 -3.3032057e-001
 -3.3011933e-001
 -3.2128198e-001
 -3.0678173e-001
 -2.9066086e-001
 -2.7667272e-001
 -2.6703672e-001
 -2.6176765e-001
 -2.5883298e-001
 -2.5509167e-001
 -2.4768464e-001
 -2.3538273e-001
 -2.1940905e-001
 -2.0342821e-001
 -1.9267041e-001
 -1.9243892e-001
 -2.0644570e-001
 -2.3547726e-001
 -2.7680245e-001
 -3.2452914e-001
 -3.7085700e-001
 -4.0792569e-001
 -4.2978282e-001
 -4.3393686e-001
 -4.2203953e-001
 -3.9945045e-001
 -3.7373598e-001
 -3.5247025e-001
 -3.4095069e-001
 -3.4052536e-001
 -3.4810440e-001
 -3.5710208e-001
 -3.5961060e-001
 -3.4917851e-001
 -3.2330573e-001
 -2.8478766e-001
 -2.4136485e-001
 -2.0367939e-001
 -1.8212619e-001
 -1.8360936e-001
 -2.0930217e-001
 -2.5421031e-001
 -3.0873739e-001
 -3.6175326e-001
 -4.0412234e-001
 -4.3146490e-001
 -4.4518005e-001
 -4.5137122e-001
 -4.5806804e-001
 -4.7175771e-001
 -4.9449738e-001
 -5.2267872e-001
 -5.4793072e-001
 -5.5988637e-001
 -5.4987886e-001
 -5.1430331e-001
 -4.5648919e-001
 -3.8642658e-001
 -3.1839363e-001
 -2.6720039e-001
 -2.4418033e-001
 -2.5410772e-001
 -2.9390736e-001
 -3.5347351e-001
 -4.1831005e-001
 -4.7322053e-001
 -5.0603796e-001
 -5.1043064e-001
 -4.8711312e-001
 -4.4323475e-001
 -3.9019283e-001
 -3.4050539e-001
 -3.0459224e-001
 -2.8830272e-001
 -2.9180135e-001
 -3.1003435e-001
 -3.3455786e-001
 -3.5613523e-001
 -3.6732007e-001
 -3.6429011e-001
 -3.4746954e-001
 -3.2087678e-001
 -2.9052887e-001
 -2.6248761e-001
 -2.4117457e-001
 -2.2841498e-001
 -2.2337463e-001
 -2.2324781e-001
 -2.2434442e-001
 -2.2317137e-001
 -2.1719880e-001
 -2.0518383e-001
 -1.8710792e-001
 -1.6389744e-001
 -1.3710863e-001
 -1.0868646e-001
 -8.0803198e-002
 -5.5705745e-002
 -3.5490084e-002
 -2.1778324e-002
 -1.5364715e-002
 -1.5969797e-002
 -2.2250912e-002
 -3.2145213e-002
 -4.3489792e-002
 -5.4725264e-002
 -6.5408717e-002
 -7.6287851e-002
 -8.8829597e-002
 -1.0431336e-001
 -1.2281059e-001
 -1.4248560e-001
 -1.5959985e-001
 -1.6937638e-001
 -1.6754633e-001
 -1.5208286e-001
 -1.2446282e-001
 -8.9879495e-002
 -5.6159892e-002
 -3.1614058e-002
 -2.2483943e-002
 -3.0881717e-002
 -5.4000654e-002
 -8.4960175e-002
 -1.1505498e-001
 -1.3664021e-001
 -1.4561623e-001
 -1.4259681e-001
 -1.3232126e-001
 -1.2153135e-001
 -1.1612256e-001
 -1.1866562e-001
 -1.2725875e-001
 -1.3616091e-001
 -1.3796509e-001
 -1.2646991e-001
 -9.9134274e-002
 -5.8163558e-002
 -9.8142780e-003
  3.7797785e-002
  7.7521251e-002
  1.0553013e-001
  1.2233643e-001
  1.3212615e-001
  1.4076406e-001
  1.5332831e-001
  1.7218384e-001
  1.9633825e-001
  2.2226302e-001
  2.4575253e-001
  2.6398545e-001
  2.7690928e-001
  2.8739145e-001
  3.0011742e-001
  3.1973435e-001
  3.4902462e-001
  3.8784096e-001
  4.3318694e-001
  4.8034334e-001
  5.2453037e-001
  5.6241881e-001
  5.9291553e-001
  6.1698388e-001
  6.3666527e-001
  6.5377767e-001
  6.6886341e-001
  6.8082064e-001
