 -2.2673283e-001
 -2.6279127e-001
 -2.9779177e-001
 -3.2698208e-001
 -3.4688578e-001
 -3.5609351e-001
 -3.5547095e-001
 -3.4776331e-001
 -3.3674578e-001
 -3.2618784e-001
 -3.1893402e-001
 -3.1634758e-001
 -3.1823693e-001
 -3.2322941e-001
 -3.2942456e-001
 -3.3509058e-001
 -3.3918371e-001
 -3.4155796e-001
 -3.4285497e-001
 -3.4417253e-001
 -3.4666550e-001
 -3.5122095e-001
 -3.5828454e-001
 -3.6783527e-001
 -3.7944712e-001
 -3.9236439e-001
 -4.0554949e-001
 -4.1771413e-001
 -4.2738506e-001
 -4.3305980e-001
 -4.3347262e-001
 -4.2793098e-001
 -4.1662882e-001
 -4.0081880e-001
 -3.8274741e-001
 -3.6531816e-001
 -3.5153086e-001
 -3.4382242e-001
 -3.4348066e-001
 -3.5030094e-001
 -3.6260382e-001
 -3.7763855e-001
 -3.9228780e-001
 -4.0389263e-001
 -4.1096497e-001
 -4.1357022e-001
 -4.1324615e-001
 -4.1245968e-001
 -4.1374908e-001
 -4.1880913e-001
 -4.2781016e-001
 -4.3918115e-001
 -4.4994624e-001
 -4.5652713e-001
 -4.5576910e-001
 -4.4587091e-001
 -4.2692710e-001
 -4.0091763e-001
 -3.7116222e-001
 -3.4143119e-001
 -3.1501091e-001
 -2.9402165e-001
 -2.7918216e-001
 -2.7004490e-001
 -2.6555417e-001
 -2.6466875e-001
 -2.6678270e-001
 -2.7177436e-001
 -2.7967845e-001
 -2.9014424e-001
 -3.0194808e-001
 -3.1282715e-001
 -3.1978820e-001
 -3.1985839e-001
 -3.1105447e-001
 -2.9322540e-001
 -2.6842521e-001
 -2.4060704e-001
 -2.1465552e-001
 -1.9501551e-001
 -1.8434181e-001
 -1.8262010e-001
 -1.8707603e-001
 -1.9293706e-001
 -1.9482664e-001
 -1.8835381e-001
 -1.7139281e-001
 -1.4465301e-001
 -1.1138179e-001
 -7.6334672e-002
 -4.4382255e-002
 -1.9221215e-002
 -2.5864400e-003
  5.8414300e-003
  7.8930350e-003
  6.0013150e-003
  2.2873700e-003
 -2.0472350e-003
 -6.8675950e-003
 -1.2832815e-002
 -2.0896335e-002
 -3.1827425e-002
 -4.5948840e-002
 -6.3158435e-002
 -8.3162310e-002
 -1.0575568e-001
 -1.3098073e-001
 -1.5906550e-001
 -1.9016550e-001
 -2.2403576e-001
 -2.5980525e-001
 -2.9598901e-001
 -3.3077067e-001
 -3.6246461e-001
 -3.8997703e-001
 -4.1307061e-001
 -4.3230840e-001
 -4.4868262e-001
 -4.6307137e-001
 -4.7575274e-001
 -4.8620021e-001
 -4.9328280e-001
 -4.9582990e-001
 -4.9335821e-001
 -4.8666328e-001
 -4.7799455e-001
 -4.7066656e-001
 -4.6816560e-001
 -4.7301719e-001
 -4.8580304e-001
 -5.0470278e-001
 -5.2577943e-001
 -5.4397790e-001
 -5.5454980e-001
 -5.5445095e-001
 -5.4324607e-001
 -5.2320654e-001
 -4.9855401e-001
 -4.7409000e-001
 -4.5365763e-001
 -4.3893516e-001
 -4.2894363e-001
 -4.2040792e-001
 -4.0882964e-001
 -3.8991005e-001
 -3.6087310e-001
 -3.2130454e-001
 -2.7330760e-001
 -2.2100471e-001
 -1.6960479e-001
 -1.2434735e-001
 -8.9610046e-002
 -6.8354805e-002
 -6.1944350e-002
 -7.0245705e-002
 -9.1886305e-002
 -1.2454613e-001
 -1.6522837e-001
 -2.1051335e-001
 -2.5683010e-001
 -3.0076760e-001
 -3.3940381e-001
 -3.7058595e-001
 -3.9308029e-001
 -4.0653795e-001
 -4.1128774e-001
 -4.0803868e-001
 -3.9761644e-001
 -3.8084582e-001
 -3.5862209e-001
 -3.3211608e-001
 -3.0297661e-001
 -2.7336992e-001
 -2.4575159e-001
 -2.2238416e-001
 -2.0474573e-001
 -1.9306191e-001
 -1.8618623e-001
 -1.8194575e-001
 -1.7789178e-001
 -1.7222071e-001
 -1.6453176e-001
 -1.5611552e-001
 -1.4962048e-001
 -1.4817206e-001
 -1.5423363e-001
 -1.6861661e-001
 -1.9001436e-001
 -2.1525867e-001
 -2.4023923e-001
 -2.6118086e-001
 -2.7583440e-001
 -2.8415786e-001
 -2.8824220e-001
 -2.9150541e-001
 -2.9744304e-001
 -3.0838404e-001
 -3.2469875e-001
 -3.4474001e-001
 -3.6552956e-001
 -3.8392799e-001
 -3.9784944e-001
 -4.0706647e-001
 -4.1330369e-001
 -4.1958280e-001
 -4.2905895e-001
 -4.4377744e-001
 -4.6380862e-001
 -4.8708178e-001
 -5.0998402e-001
 -5.2851531e-001
 -5.3959256e-001
 -5.4204546e-001
 -5.3695734e-001
 -5.2723472e-001
 -5.1655508e-001
 -5.0805448e-001
 -5.0320266e-001
 -5.0124991e-001
 -4.9944015e-001
 -4.9393238e-001
 -4.8113998e-001
 -4.5905745e-001
 -4.2814111e-001
 -3.9144420e-001
 -3.5393675e-001
 -3.2119603e-001
 -2.9785435e-001
 -2.8627424e-001
 -2.8585939e-001
 -2.9321925e-001
 -3.0314486e-001
 -3.1010383e-001
 -3.0980365e-001
 -3.0035512e-001
 -2.8269814e-001
 -2.6018777e-001
 -2.3750241e-001
 -2.1924125e-001
 -2.0865985e-001
 -2.0692477e-001
 -2.1307924e-001
 -2.2466792e-001
 -2.3875392e-001
 -2.5294867e-001
 -2.6609737e-001
 -2.7840786e-001
 -2.9102115e-001
 -3.0522153e-001
 -3.2160444e-001
 -3.3952179e-001
 -3.5701399e-001
 -3.7126009e-001
 -3.7939572e-001
 -3.7942679e-001
 -3.7093928e-001
 -3.5537632e-001
 -3.3579200e-001
 -3.1614877e-001
 -3.0035555e-001
 -2.9131019e-001
 -2.9020365e-001
 -2.9626951e-001
 -3.0704610e-001
 -3.1908530e-001
 -3.2892414e-001
 -3.3405763e-001
 -3.3363828e-001
 -3.2868758e-001
 -3.2173482e-001
 -3.1596844e-001
 -3.1414858e-001
 -3.1763095e-001
 -3.2584526e-001
 -3.3644386e-001
 -3.4611496e-001
 -3.5181138e-001
 -3.5196768e-001
 -3.4724229e-001
 -3.4045948e-001
 -3.3570327e-001
 -3.3684156e-001
 -3.4600793e-001
 -3.6263687e-001
 -3.8348419e-001
 -4.0371367e-001
 -4.1870881e-001
 -4.2594059e-001
 -4.2612856e-001
 -4.2313596e-001
 -4.2249110e-001
 -4.2897056e-001
 -4.4410961e-001
 -4.6463653e-001
 -4.8258142e-001
 -4.8724522e-001
 -4.6852467e-001
 -4.2052956e-001
 -3.4422546e-001
 -2.4808841e-001
 -1.4639977e-001
 -5.5615514e-002
  1.0076462e-002
  4.2598901e-002
  4.2008920e-002
  1.6099107e-002
 -2.2218850e-002
 -5.8831926e-002
 -8.2362119e-002
 -8.6924508e-002
 -7.2987773e-002
 -4.6291062e-002
 -1.5390577e-002
  1.1230840e-002
  2.7549365e-002
  3.1240960e-002
  2.3604360e-002
  8.4427100e-003
 -9.5370450e-003
 -2.6202450e-002
 -3.8913673e-002
 -4.6727702e-002
 -5.0016295e-002
 -4.9804142e-002
 -4.7163772e-002
 -4.2899894e-002
 -3.7579985e-002
 -3.1799060e-002
 -2.6470625e-002
 -2.2941585e-002
 -2.2823965e-002
 -2.7573370e-002
 -3.7965620e-002
 -5.3680265e-002
 -7.3173562e-002
 -9.3926251e-002
 -1.1302217e-001
 -1.2789833e-001
 -1.3704590e-001
 -1.4045141e-001
 -1.3964225e-001
 -1.3731444e-001
 -1.3663816e-001
 -1.4042516e-001
 -1.5037957e-001
 -1.6663175e-001
 -1.8768083e-001
 -2.1076396e-001
 -2.3255611e-001
 -2.5001204e-001
 -2.6111844e-001
 -2.6534421e-001
 -2.6365896e-001
 -2.5811615e-001
 -2.5112992e-001
 -2.4467404e-001
 -2.3965988e-001
 -2.3569534e-001
 -2.3130122e-001
 -2.2450609e-001
 -2.1361128e-001
 -1.9785971e-001
 -1.7778172e-001
 -1.5511120e-001
 -1.3232246e-001
 -1.1197040e-001
 -9.6072996e-002
 -8.5736115e-002
 -8.1106602e-002
 -8.1601589e-002
 -8.6260419e-002
 -9.4041556e-002
 -1.0394611e-001
 -1.1495840e-001
 -1.2589817e-001
 -1.3532850e-001
 -1.4163528e-001
 -1.4330520e-001
 -1.3932197e-001
 -1.2952726e-001
 -1.1478747e-001
 -9.6871889e-002
 -7.8054279e-002
 -6.0553254e-002
 -4.5986841e-002
 -3.5012957e-002
 -2.7265812e-002
 -2.1604059e-002
 -1.6592608e-002
 -1.1074260e-002
 -4.6643300e-003
  1.9770300e-003
  7.1830150e-003
  8.6384850e-003
  3.9852600e-003
 -8.4688900e-003
 -2.9120095e-002
 -5.6695935e-002
 -8.8267065e-002
 -1.1967687e-001
 -1.4631181e-001
 -1.6403671e-001
 -1.7006432e-001
 -1.6353801e-001
 -1.4568090e-001
 -1.1948303e-001
 -8.9024545e-002
 -5.8627015e-002
 -3.2058740e-002
 -1.1983980e-002
  2.4332500e-004
  4.4522500e-003
  1.3000450e-003
 -8.1547150e-003
 -2.2802108e-002
 -4.1660061e-002
 -6.3865515e-002
 -8.8530472e-002
 -1.1455497e-001
 -1.4048931e-001
 -1.6450603e-001
 -1.8449670e-001
 -1.9826979e-001
 -2.0380647e-001
 -1.9953282e-001
 -1.8457938e-001
 -1.5900822e-001
 -1.2398389e-001
 -8.1849260e-002
 -3.6050860e-002
  9.1387900e-003
  4.9121380e-002
  7.9650570e-002
  9.7566057e-002
  1.0140476e-001
  9.1702372e-002
  7.0857932e-002
  4.2551800e-002
  1.0848810e-002
 -2.0766960e-002
 -5.0137521e-002
 -7.6722982e-002
 -1.0134678e-001
 -1.2548153e-001
 -1.5032148e-001
 -1.7596626e-001
 -2.0100806e-001
 -2.2267967e-001
 -2.3753025e-001
 -2.4241588e-001
 -2.3548579e-001
 -2.1684823e-001
 -1.8870713e-001
 -1.5493252e-001
 -1.2020282e-001
 -8.8978738e-002
 -6.4601667e-002
 -4.8751158e-002
 -4.1373639e-002
 -4.1050016e-002
 -4.5649051e-002
 -5.3047986e-002
 -6.1704732e-002
 -7.0930580e-002
 -8.0814765e-002
 -9.1862274e-002
 -1.0449098e-001
 -1.1857094e-001
 -1.3316726e-001
 -1.4657619e-001
 -1.5664552e-001
 -1.6127676e-001
 -1.5894948e-001
 -1.4910579e-001
 -1.3228578e-001
 -1.0999206e-001
 -8.4351540e-002
 -5.7701677e-002
 -3.2236120e-002
 -9.8006350e-003
  8.1446050e-003
  2.0453393e-002
  2.6210055e-002
  2.4722768e-002
  1.5629985e-002
 -9.1431550e-004
 -2.4067068e-002
 -5.2239297e-002
 -8.3226094e-002
 -1.1452304e-001
 -1.4375293e-001
 -1.6907836e-001
 -1.8947588e-001
 -2.0479495e-001
 -2.1560025e-001
 -2.2286618e-001
 -2.2763067e-001
 -2.3071026e-001
 -2.3253636e-001
 -2.3311970e-001
 -2.3210840e-001
 -2.2889361e-001
 -2.2273160e-001
 -2.1287843e-001
 -1.9875069e-001
 -1.8012045e-001
 -1.5732436e-001
 -1.3143257e-001
 -1.0430188e-001
 -7.8448877e-002
 -5.6721472e-002
 -4.1811356e-002
 -3.5708993e-002
 -3.9235836e-002
 -5.1780630e-002
 -7.1319978e-002
 -9.4732276e-002
 -1.1834087e-001
 -1.3856809e-001
 -1.5256049e-001
 -1.5865952e-001
 -1.5663373e-001
 -1.4764404e-001
 -1.3396677e-001
 -1.1853899e-001
 -1.0441139e-001
 -9.4197053e-002
 -8.9597360e-002
 -9.1074278e-002
 -9.7725193e-002
 -1.0740013e-001
 -1.1707408e-001
 -1.2344423e-001
 -1.2366498e-001
 -1.1607466e-001
 -1.0073187e-001
 -7.9589410e-002
 -5.6204668e-002
 -3.5007759e-002
 -2.0288528e-002
 -1.5171118e-002
 -2.0873492e-002
 -3.6477626e-002
 -5.9280453e-002
 -8.5607771e-002
 -1.1182183e-001
 -1.3519549e-001
 -1.5438533e-001
 -1.6938879e-001
 -1.8105895e-001
 -1.9040114e-001
 -1.9793534e-001
 -2.0335797e-001
 -2.0560539e-001
 -2.0326415e-001
 -1.9515151e-001
 -1.8084670e-001
 -1.6099224e-001
 -1.3728101e-001
 -1.1215173e-001
 -8.8294945e-002
 -6.8102975e-002
 -5.3186635e-002
 -4.4048755e-002
 -3.9970335e-002
 -3.9137960e-002
 -3.9013445e-002
 -3.6907900e-002
 -3.0665855e-002
 -1.9305825e-002
 -3.4288750e-003
  1.4772660e-002
  3.1983575e-002
  4.4645050e-002
  5.0026255e-002
  4.7169720e-002
  3.7390676e-002
  2.4123771e-002
  1.2107704e-002
  6.1152120e-003
  9.5960890e-003
  2.3645435e-002
  4.6619337e-002
  7.4523993e-002
  1.0206701e-001
  1.2405919e-001
  1.3675555e-001
  1.3875358e-001
  1.3121079e-001
  1.1735227e-001
  1.0144573e-001
  8.7564456e-002
  7.8499778e-002
  7.5119651e-002
  7.6323669e-002
  7.9565720e-002
  8.1754775e-002
  8.0247215e-002
  7.3633135e-002
  6.2094885e-002
  4.7252145e-002
  3.1565400e-002
  1.7499615e-002
  6.7162650e-003
 -4.5606200e-004
 -5.1162805e-003
 -9.4339600e-003
 -1.5964520e-002
 -2.6856202e-002
 -4.3192966e-002
 -6.4665795e-002
 -8.9657764e-002
 -1.1570190e-001
 -1.4016429e-001
 -1.6094765e-001
 -1.7701393e-001
 -1.8858431e-001
 -1.9696929e-001
 -2.0408638e-001
 -2.1180897e-001
 -2.2133818e-001
 -2.3278399e-001
 -2.4508479e-001
 -2.5629697e-001
 -2.6417498e-001
 -2.6686969e-001
 -2.6352997e-001
 -2.5461658e-001
 -2.4182456e-001
 -2.2763473e-001
 -2.1463500e-001
 -2.0482746e-001
 -1.9913925e-001
 -1.9728486e-001
 -1.9800730e-001
 -1.9959881e-001
 -2.0051228e-001
 -1.9985177e-001
 -1.9758135e-001
 -1.9439538e-001
 -1.9131385e-001
 -1.8916005e-001
 -1.8811453e-001
 -1.8750736e-001
 -1.8592387e-001
 -1.8159010e-001
 -1.7291104e-001
 -1.5898855e-001
 -1.3995928e-001
 -1.1705676e-001
 -9.2390656e-002
 -6.8518209e-002
 -4.7933073e-002
 -3.2603342e-002
 -2.3657345e-002
 -2.1259622e-002
 -2.4660854e-002
 -3.2364264e-002
 -4.2338030e-002
 -5.2219699e-002
 -5.9494772e-002
 -6.1670132e-002
 -5.6484538e-002
 -4.2189099e-002
 -1.7889140e-002
  1.6120519e-002
  5.8144848e-002
  1.0513117e-001
  1.5304652e-001
  1.9757023e-001
  2.3495820e-001
  2.6283725e-001
  2.8066427e-001
  2.8966079e-001
  2.9219707e-001
  2.9079745e-001
  2.8709741e-001
  2.8113246e-001
  2.7124825e-001
  2.5471068e-001
  2.2883568e-001
  1.9224765e-001
  1.4579824e-001
  9.2771160e-002
  3.8238769e-002
 -1.2261412e-002
 -5.4307530e-002
 -8.5897311e-002
 -1.0801723e-001
 -1.2425923e-001
 -1.3958760e-001
 -1.5864673e-001
 -1.8415592e-001
 -2.1590977e-001
 -2.5070257e-001
 -2.8319600e-001
 -3.0745089e-001
 -3.1864411e-001
 -3.1444980e-001
 -2.9568543e-001
 -2.6606177e-001
 -2.3114978e-001
 -1.9690149e-001
 -1.6817068e-001
 -1.4764847e-001
 -1.3547812e-001
 -1.2959697e-001
 -1.2664125e-001
 -1.2310391e-001
 -1.1639373e-001
 -1.0550773e-001
 -9.1170922e-002
 -7.5465806e-002
 -6.1118521e-002
 -5.0686582e-002
 -4.5889831e-002
 -4.7251073e-002
 -5.4097281e-002
 -6.4857744e-002
 -7.7518549e-002
 -9.0073368e-002
 -1.0084798e-001
 -1.0864801e-001
 -1.1275515e-001
 -1.1284695e-001
 -1.0892294e-001
 -1.0128865e-001
 -9.0596229e-002
 -7.7893388e-002
 -6.4611689e-002
 -5.2440862e-002
 -4.3080864e-002
 -3.7919230e-002
 -3.7724250e-002
 -4.2456727e-002
 -5.1277337e-002
 -6.2770024e-002
 -7.5332347e-002
 -8.7624435e-002
 -9.8939891e-002
 -1.0937624e-001
 -1.1973788e-001
 -1.3118616e-001
 -1.4473494e-001
 -1.6074915e-001
 -1.7861624e-001
 -1.9671937e-001
 -2.1275277e-001
 -2.2431054e-001
 -2.2958253e-001
 -2.2794016e-001
 -2.2021213e-001
 -2.0853653e-001
 -1.9580844e-001
 -1.8487849e-001
 -1.7775098e-001
 -1.7504227e-001
 -1.7588258e-001
 -1.7829761e-001
 -1.7994067e-001
 -1.7892179e-001
 -1.7444314e-001
 -1.6701966e-001
 -1.5821560e-001
 -1.5000694e-001
 -1.4401803e-001
 -1.4092519e-001
 -1.4025118e-001
 -1.4061930e-001
 -1.4035485e-001
 -1.3818590e-001
 -1.3375854e-001
 -1.2775844e-001
 -1.2158971e-001
 -1.1674138e-001
 -1.1409969e-001
 -1.1349149e-001
 -1.1365769e-001
 -1.1269012e-001
 -1.0878228e-001
 -1.0101588e-001
 -8.9880401e-002
 -7.7314586e-002
 -6.6232807e-002
 -5.9690964e-002
 -5.9982034e-002
 -6.7977514e-002
 -8.2936319e-002
 -1.0282393e-001
 -1.2499188e-001
 -1.4693901e-001
 -1.6686259e-001
 -1.8381497e-001
 -1.9746359e-001
 -2.0763074e-001
 -2.1388701e-001
 -2.1544383e-001
 -2.1144555e-001
 -2.0156108e-001
 -1.8660751e-001
 -1.6887979e-001
 -1.5194789e-001
 -1.3988591e-001
 -1.3613902e-001
 -1.4241226e-001
 -1.5800052e-001
 -1.7984615e-001
 -2.0335386e-001
 -2.2370893e-001
 -2.3724758e-001
 -2.4239957e-001
 -2.3988066e-001
 -2.3209544e-001
 -2.2201186e-001
 -2.1196387e-001
 -2.0285291e-001
 -1.9404615e-001
 -1.8397991e-001
 -1.7118941e-001
 -1.5531491e-001
 -1.3764734e-001
 -1.2096564e-001
 -1.0870548e-001
 -1.0376948e-001
 -1.0743758e-001
 -1.1880525e-001
 -1.3498195e-001
 -1.5199738e-001
 -1.6609728e-001
 -1.7496353e-001
 -1.7841640e-001
 -1.7834327e-001
 -1.7787624e-001
 -1.8011055e-001
 -1.8681932e-001
 -1.9761938e-001
 -2.0988248e-001
 -2.1942481e-001
 -2.2174202e-001
 -2.1338013e-001
 -1.9300247e-001
 -1.6183220e-001
 -1.2336712e-001
 -8.2497275e-002
 -4.4324335e-002
 -1.3036710e-002
  8.8692120e-003
  2.0873304e-002
  2.4234524e-002
  2.1449310e-002
  1.5557728e-002
  9.4759870e-003
  5.4762850e-003
  4.8667600e-003
  7.8716050e-003
  1.3684915e-002
  2.0665600e-002
  2.6642650e-002
  2.9298206e-002
  2.6586501e-002
  1.7134411e-002
  5.6118000e-004
 -2.2341394e-002
 -4.9610109e-002
 -7.8306932e-002
 -1.0489353e-001
 -1.2573622e-001
 -1.3767081e-001
 -1.3854221e-001
 -1.2762974e-001
 -1.0587664e-001
 -7.5863080e-002
 -4.1498556e-002
 -7.4584050e-003
  2.1554303e-002
  4.1590642e-002
  5.0122617e-002
  4.6444128e-002
  3.1705378e-002
  8.5643305e-003
 -1.9463277e-002
 -4.8790644e-002
 -7.6478652e-002
 -1.0070072e-001
 -1.2084410e-001
 -1.3724991e-001
 -1.5070641e-001
 -1.6188609e-001
 -1.7092859e-001
 -1.7731470e-001
 -1.8006851e-001
 -1.7820436e-001
 -1.7124474e-001
 -1.5960913e-001
 -1.4472131e-001
 -1.2878614e-001
 -1.1430875e-001
 -1.0352068e-001
 -9.7906782e-002
 -9.7981661e-002
 -1.0336458e-001
 -1.1308733e-001
 -1.2598574e-001
 -1.4100458e-001
 -1.5729676e-001
 -1.7409715e-001
 -1.9046054e-001
 -2.0502568e-001
 -2.1597133e-001
 -2.2126078e-001
 -2.1915130e-001
 -2.0881998e-001
 -1.9087717e-001
 -1.6754066e-001
 -1.4233569e-001
 -1.1934163e-001
 -1.0217425e-001
 -9.3009375e-002
 -9.1972191e-002
 -9.7120019e-002
 -1.0506089e-001
 -1.1203691e-001
 -1.1513414e-001
 -1.1322275e-001
 -1.0730823e-001
 -1.0016441e-001
 -9.5359252e-002
 -9.5991590e-002
 -1.0355823e-001
 -1.1733050e-001
 -1.3444986e-001
 -1.5071339e-001
 -1.6179313e-001
 -1.6449543e-001
 -1.5766198e-001
 -1.4244041e-001
 -1.2186280e-001
 -9.9892131e-002
 -8.0257623e-002
 -6.5448569e-002
 -5.6166007e-002
 -5.1369247e-002
 -4.8859465e-002
 -4.6178527e-002
 -4.1518019e-002
 -3.4351573e-002
 -2.5609223e-002
 -1.7365818e-002
 -1.2164766e-002
 -1.2198241e-002
 -1.8590066e-002
 -3.0978523e-002
 -4.7496500e-002
 -6.5131356e-002
 -8.0351567e-002
 -8.9834785e-002
 -9.1128717e-002
 -8.3112747e-002
 -6.6186074e-002
 -4.2168314e-002
 -1.3948251e-002
  1.5048403e-002
  4.1478650e-002
  6.2682116e-002
  7.7150256e-002
  8.4764869e-002
  8.6739028e-002
  8.5251041e-002
  8.2837017e-002
  8.1680880e-002
  8.2988000e-002
  8.6627010e-002
  9.1165200e-002
  9.4316560e-002
  9.3696345e-002
  8.7672270e-002
  7.6055340e-002
  6.0403560e-002
  4.3815020e-002
  3.0234495e-002
  2.3445451e-002
  2.6021735e-002
  3.8537407e-002
  5.9270257e-002
  8.4502496e-002
  1.0935750e-001
  1.2896191e-001
  1.3962826e-001
  1.3974128e-001
  1.3010495e-001
  1.1364880e-001
  9.4566435e-002
  7.7119946e-002
  6.4446917e-002
  5.7718225e-002
  5.5904120e-002
  5.6230982e-002
  5.5198084e-002
  4.9837710e-002
  3.8806611e-002
  2.2933804e-002
  5.0173280e-003
 -1.1086816e-002
 -2.1790215e-002
 -2.5059736e-002
 -2.1210753e-002
 -1.2909826e-002
 -4.3641365e-003
  3.5621500e-005
 -2.8458805e-003
 -1.3864578e-002
 -3.1336290e-002
 -5.1614508e-002
 -7.0285547e-002
 -8.3550243e-002
 -8.9313168e-002
 -8.7626056e-002
 -8.0378434e-002
 -7.0400237e-002
 -6.0338560e-002
 -5.1727211e-002
 -4.4571813e-002
 -3.7569533e-002
 -2.8849117e-002
 -1.6937337e-002
 -1.5893340e-003
  1.5821863e-002
  3.2504520e-002
  4.4984963e-002
  5.0154540e-002
  4.6298924e-002
  3.3783517e-002
  1.5168113e-002
 -5.3102685e-003
 -2.2763328e-002
 -3.2912056e-002
 -3.3231650e-002
 -2.3651674e-002
 -6.5977330e-003
  1.3658312e-002
  3.2174585e-002
  4.4717670e-002
  4.8947201e-002
  4.5052159e-002
  3.5634250e-002
  2.4852685e-002
  1.7070079e-002
  1.5401874e-002
  2.0617399e-002
  3.0748797e-002
  4.1556265e-002
  4.7734848e-002
  4.4510923e-002
  2.9142724e-002
  1.8558015e-003
 -3.4089428e-002
 -7.3234545e-002
 -1.0941857e-001
 -1.3747891e-001
 -1.5464040e-001
 -1.6117501e-001
 -1.6014731e-001
 -1.5634851e-001
 -1.5477219e-001
 -1.5911533e-001
 -1.7075994e-001
 -1.8851711e-001
 -2.0916023e-001
 -2.2852488e-001
 -2.4279426e-001
 -2.4956557e-001
 -2.4840312e-001
 -2.4077751e-001
 -2.2949175e-001
 -2.1783651e-001
 -2.0875823e-001
 -2.0426664e-001
 -2.0519051e-001
 -2.1126262e-001
 -2.2142455e-001
 -2.3420914e-001
 -2.4808208e-001
 -2.6167776e-001
 -2.7392126e-001
 -2.8406548e-001
 -2.9168239e-001
 -2.9663683e-001
 -2.9905217e-001
 -2.9926296e-001
 -2.9774577e-001
 -2.9502664e-001
 -2.9157524e-001
 -2.8770700e-001
 -2.8351855e-001
 -2.7887791e-001
 -2.7347936e-001
 -2.6695732e-001
 -2.5903710e-001
 -2.4968884e-001
 -2.3924461e-001
 -2.2844350e-001
 -2.1838123e-001
 -2.1036170e-001
 -2.0567088e-001
 -2.0531612e-001
 -2.0978811e-001
 -2.1890448e-001
 -2.3178050e-001
 -2.4694438e-001
 -2.6257979e-001
 -2.7684423e-001
 -2.8819123e-001
 -2.9562081e-001
 -2.9880177e-001
 -2.9804128e-001
 -2.9411757e-001
 -2.8802477e-001
 -2.8069921e-001
 -2.7279796e-001
 -2.6458412e-001
 -2.5594470e-001
 -2.4653276e-001
 -2.3599411e-001
 -2.2421609e-001
 -2.1152719e-001
 -1.9878422e-001
 -1.8730773e-001
 -1.7866374e-001
 -1.7433211e-001
 -1.7533866e-001
 -1.8194676e-001
 -1.9349795e-001
 -2.0845865e-001
 -2.2467854e-001
 -2.3981083e-001
 -2.5179969e-001
 -2.5931775e-001
 -2.6204424e-001
 -2.6070756e-001
 -2.5687110e-001
 -2.5250374e-001
 -2.4943490e-001
 -2.4883309e-001
 -2.5085215e-001
 -2.5455604e-001
 -2.5816018e-001
 -2.5953570e-001
 -2.5683562e-001
 -2.4905313e-001
 -2.3633220e-001
 -2.1992383e-001
 -2.0179744e-001
 -1.8403626e-001
 -1.6822447e-001
 -1.5503995e-001
 -1.4419405e-001
 -1.3473293e-001
 -1.2558102e-001
 -1.1611581e-001
 -1.0655013e-001
 -9.7969210e-002
 -9.1997525e-002
 -9.0208045e-002
 -9.3482485e-002
 -1.0155134e-001
 -1.1288165e-001
 -1.2496236e-001
 -1.3490533e-001
 -1.4018123e-001
 -1.3927369e-001
 -1.3207161e-001
 -1.1990732e-001
 -1.0525583e-001
 -9.1199370e-002
 -8.0807731e-002
 -7.6580215e-002
 -8.0052462e-002
 -9.1611200e-002
 -1.1050627e-001
 -1.3501662e-001
 -1.6271873e-001
 -1.9081419e-001
 -2.1648626e-001
 -2.3726129e-001
 -2.5134601e-001
 -2.5789825e-001
 -2.5717725e-001
 -2.5052034e-001
 -2.4011382e-001
 -2.2856835e-001
 -2.1836376e-001
 -2.1127928e-001
 -2.0795422e-001
 -2.0771378e-001
 -2.0874002e-001
 -2.0857701e-001
 -2.0485572e-001
 -1.9604047e-001
 -1.8196960e-001
 -1.6400555e-001
 -1.4472220e-001
 -1.2720769e-001
 -1.1419921e-001
 -1.0733829e-001
 -1.0680531e-001
 -1.1146191e-001
 -1.1944009e-001
 -1.2893935e-001
 -1.3890065e-001
 -1.4926478e-001
 -1.6068595e-001
 -1.7380227e-001
 -1.8836839e-001
 -2.0264628e-001
 -2.1337839e-001
 -2.1645350e-001
 -2.0809790e-001
 -1.8619409e-001
 -1.5124434e-001
 -1.0659748e-001
 -5.7812510e-002
 -1.1344255e-002
  2.7018640e-002
  5.3450210e-002
  6.6717540e-002
  6.8004090e-002
  6.0085010e-002
  4.6233410e-002
  2.9290510e-002
  1.1208640e-002
 -6.8648250e-003
 -2.4142385e-002
 -3.9716128e-002
 -5.2352964e-002
 -6.0711268e-002
 -6.3890723e-002
 -6.2032978e-002
 -5.6629543e-002
 -5.0297528e-002
 -4.6013382e-002
 -4.6051292e-002
 -5.1042376e-002
 -5.9571886e-002
 -6.8551424e-002
 -7.4305308e-002
 -7.4011151e-002
 -6.6958160e-002
 -5.5112250e-002
 -4.2707810e-002
 -3.4941780e-002
 -3.6194120e-002
 -4.8403400e-002
 -7.0201840e-002
 -9.7160528e-002
 -1.2310094e-001
 -1.4203805e-001
 -1.5008144e-001
 -1.4662632e-001
 -1.3442002e-001
 -1.1849773e-001
 -1.0439366e-001
 -9.6292363e-002
 -9.5793816e-002
 -1.0172025e-001
 -1.1098821e-001
 -1.2016218e-001
 -1.2705159e-001
 -1.3170876e-001
 -1.3642929e-001
 -1.4475325e-001
 -1.5986071e-001
 -1.8299787e-001
 -2.1256863e-001
 -2.4428198e-001
 -2.7235071e-001
 -2.9133976e-001
 -2.9800890e-001
 -2.9247994e-001
 -2.7828834e-001
 -2.6127184e-001
 -2.4766420e-001
 -2.4205077e-001
 -2.4590117e-001
 -2.5719880e-001
 -2.7130394e-001
 -2.8275045e-001
 -2.8733866e-001
 -2.8377062e-001
 -2.7422259e-001
 -2.6361659e-001
 -2.5781237e-001
 -2.6133489e-001
 -2.7543883e-001
 -2.9722311e-001
 -3.2016753e-001
 -3.3598353e-001
 -3.3721489e-001
 -3.1974613e-001
 -2.8437786e-001
 -2.3691019e-001
 -1.8665021e-001
 -1.4377024e-001
 -1.1632335e-001
 -1.0784600e-001
 -1.1630429e-001
 -1.3472608e-001
 -1.5333878e-001
 -1.6256850e-001
 -1.5599453e-001
 -1.3237186e-001
 -9.6122615e-002
 -5.6159230e-002
 -2.3395050e-002
 -7.6710150e-003
 -1.4977415e-002
 -4.5740325e-002
 -9.4619340e-002
 -1.5182910e-001
 -2.0557981e-001
 -2.4494831e-001
 -2.6240952e-001
 -2.5539141e-001
 -2.2651410e-001
 -1.8254800e-001
 -1.3246916e-001
 -8.5208921e-002
 -4.7732793e-002
 -2.3935243e-002
 -1.4552890e-002
 -1.7969275e-002
 -3.1514030e-002
 -5.2734405e-002
 -8.0174759e-002
 -1.1341749e-001
 -1.5243860e-001
 -1.9660514e-001
 -2.4379195e-001
 -2.9006432e-001
 -3.3016839e-001
 -3.5876265e-001
 -3.7202057e-001
 -3.6904937e-001
 -3.5257732e-001
 -3.2857178e-001
 -3.0479821e-001
 -2.8870061e-001
 -2.8524301e-001
 -2.9540374e-001
 -3.1582758e-001
 -3.3977489e-001
 -3.5908231e-001
 -3.6651555e-001
 -3.5776974e-001
 -3.3250084e-001
 -2.9410836e-001
 -2.4841385e-001
 -2.0174130e-001
 -1.5907889e-001
 -1.2293022e-001
 -9.3181855e-002
 -6.7929935e-002
 -4.4864825e-002
 -2.2632345e-002
 -1.6326200e-003
  1.6039925e-002
  2.7466895e-002
  3.0220950e-002
  2.3589556e-002
  9.2075570e-003
 -9.1752013e-003
 -2.6736766e-002
 -3.9074248e-002
 -4.3608114e-002
 -4.0389247e-002
 -3.2011406e-002
 -2.2654838e-002
 -1.6602084e-002
 -1.6759480e-002
 -2.3716229e-002
 -3.5676410e-002
 -4.9278120e-002
 -6.0985560e-002
 -6.8526482e-002
 -7.1830311e-002
 -7.3110246e-002
 -7.6056612e-002
 -8.4445658e-002
 -1.0068886e-001
 -1.2486701e-001
 -1.5460403e-001
 -1.8581322e-001
 -2.1401936e-001
 -2.3575294e-001
 -2.4950371e-001
 -2.5590820e-001
 -2.5714955e-001
 -2.5584745e-001
 -2.5389510e-001
 -2.5169857e-001
 -2.4809918e-001
 -2.4098758e-001
 -2.2835506e-001
 -2.0936810e-001
 -1.8505161e-001
 -1.5831416e-001
 -1.3328760e-001
 -1.1419531e-001
 -1.0412510e-001
 -1.0411251e-001
 -1.1283382e-001
 -1.2700404e-001
 -1.4234542e-001
 -1.5481112e-001
 -1.6167522e-001
 -1.6215427e-001
 -1.5738680e-001
 -1.4980941e-001
 -1.4216080e-001
 -1.3645580e-001
 -1.3326744e-001
 -1.3154124e-001
 -1.2898611e-001
 -1.2290021e-001
 -1.1115931e-001
 -9.3056927e-002
 -6.9744207e-002
 -4.4148786e-002
 -2.0407036e-002
 -2.9764610e-003
  4.3327450e-003
 -8.3177000e-004
 -1.8887817e-002
 -4.8254185e-002
 -8.5676379e-002
 -1.2684419e-001
 -1.6716273e-001
 -2.0253332e-001
 -2.3001903e-001
 -2.4829746e-001
 -2.5783481e-001
 -2.6074860e-001
 -2.6036758e-001
 -2.6054941e-001
 -2.6487484e-001
 -2.7588494e-001
 -2.9454539e-001
 -3.2008926e-001
 -3.5030302e-001
 -3.8219716e-001
 -4.1287721e-001
 -4.4034973e-001
 -4.6399684e-001
 -4.8454513e-001
 -5.0351803e-001
 -5.2234538e-001
 -5.4144244e-001
 -5.5961108e-001
 -5.7403291e-001
 -5.8093728e-001
 -5.7679581e-001
 -5.5969473e-001
 -5.3043757e-001
 -4.9297350e-001
 -4.5392216e-001
 -4.2122709e-001
 -4.0223758e-001
 -4.0171401e-001
 -4.2031339e-001
 -4.5401802e-001
 -4.9474085e-001
 -5.3203453e-001
 -5.5552640e-001
 -5.5748378e-001
 -5.3484404e-001
 -4.9015244e-001
 -4.3111727e-001
 -3.6885145e-001
 -3.1522760e-001
 -2.8002484e-001
 -2.6861542e-001
 -2.8079777e-001
 -3.1106811e-001
 -3.5022438e-001
 -3.8783229e-001
 -4.1486141e-001
 -4.2578151e-001
 -4.1959444e-001
 -3.9960188e-001
 -3.7207075e-001
 -3.4425082e-001
 -3.2234213e-001
 -3.0997394e-001
 -3.0756662e-001
 -3.1266708e-001
 -3.2106599e-001
 -3.2829739e-001
 -3.3104537e-001
 -3.2804853e-001
 -3.2027547e-001
 -3.1038208e-001
 -3.0168186e-001
 -2.9699571e-001
 -2.9776076e-001
 -3.0366782e-001
 -3.1290605e-001
 -3.2288745e-001
 -3.3117307e-001
 -3.3627702e-001
 -3.3809291e-001
 -3.3783845e-001
 -3.3758712e-001
 -3.3958641e-001
 -3.4560510e-001
 -3.5650337e-001
 -3.7210791e-001
 -3.9135460e-001
 -4.1258183e-001
 -4.3384524e-001
 -4.5317061e-001
 -4.6873270e-001
 -4.7900217e-001
 -4.8291045e-001
 -4.8004430e-001
 -4.7082181e-001
 -4.5655778e-001
 -4.3933097e-001
 -4.2162316e-001
 -4.0579181e-001
 -3.9352078e-001
 -3.8542889e-001
 -3.8098091e-001
 -3.7874944e-001
 -3.7695360e-001
 -3.7409933e-001
 -3.6950727e-001
 -3.6355056e-001
 -3.5752576e-001
 -3.5320389e-001
 -3.5221352e-001
 -3.5545660e-001
 -3.6273941e-001
 -3.7272679e-001
 -3.8322755e-001
 -3.9172651e-001
 -3.9601876e-001
 -3.9478667e-001
 -3.8798345e-001
 -3.7693634e-001
 -3.6414167e-001
 -3.5278216e-001
 -3.4604830e-001
 -3.4638789e-001
 -3.5483739e-001
 -3.7059648e-001
 -3.9098393e-001
 -4.1184836e-001
 -4.2840576e-001
 -4.3635368e-001
 -4.3300418e-001
 -4.1812578e-001
 -3.9421875e-001
 -3.6607881e-001
 -3.3970276e-001
 -3.2080044e-001
 -3.1332707e-001
 -3.1848010e-001
 -3.3448826e-001
 -3.5728487e-001
 -3.8187227e-001
 -4.0394604e-001
 -4.2124121e-001
 -4.3413645e-001
 -4.4528866e-001
 -4.5839847e-001
 -4.7651603e-001
 -5.0047789e-001
 -5.2804984e-001
 -5.5413397e-001
 -5.7204765e-001
 -5.7551150e-001
 -5.6072166e-001
 -5.2781977e-001
 -4.8124258e-001
 -4.2877960e-001
 -3.7958387e-001
 -3.4172703e-001
 -3.2005251e-001
 -3.1499863e-001
 -3.2276073e-001
 -3.3673369e-001
 -3.4976200e-001
 -3.5646296e-001
 -3.5486854e-001
 -3.4686374e-001
 -3.3730600e-001
 -3.3215692e-001
 -3.3628765e-001
 -3.5172117e-001
 -3.7690960e-001
 -4.0727353e-001
 -4.3678116e-001
 -4.5998004e-001
 -4.7374075e-001
 -4.7808666e-001
 -4.7582382e-001
 -4.7113018e-001
 -4.6765174e-001
 -4.6684523e-001
 -4.6722886e-001
 -4.6487718e-001
 -4.5503648e-001
 -4.3430375e-001
 -4.0256563e-001
 -3.6392925e-001
 -3.2619404e-001
 -2.9891197e-001
 -2.9059056e-001
 -3.0593042e-001
 -3.4402836e-001
 -3.9819518e-001
 -4.5752140e-001
 -5.0974970e-001
 -5.4457610e-001
 -5.5635580e-001
 -5.4538522e-001
 -5.1740009e-001
 -4.8151039e-001
 -4.4728598e-001
 -4.2194969e-001
 -4.0855357e-001
 -4.0564811e-001
 -4.0844056e-001
 -4.1095265e-001
 -4.0839200e-001
 -3.9892996e-001
 -3.8432145e-001
 -3.6921541e-001
 -3.5944148e-001
 -3.5988171e-001
 -3.7264762e-001
 -3.9616285e-001
 -4.2544527e-001
 -4.5349441e-001
 -4.7333885e-001
 -4.8009145e-001
 -4.7235927e-001
 -4.5255887e-001
 -4.2603515e-001
 -3.9926661e-001
 -3.7773846e-001
 -3.6418205e-001
 -3.5776846e-001
 -3.5453737e-001
 -3.4893345e-001
 -3.3594680e-001
 -3.1313843e-001
 -2.8185387e-001
 -2.4718655e-001
 -2.1666402e-001
 -1.9805792e-001
 -1.9701679e-001
 -2.1528921e-001
 -2.5011616e-001
 -2.9499195e-001
 -3.4154705e-001
 -3.8194499e-001
 -4.1102729e-001
 -4.2753728e-001
 -4.3406953e-001
 -4.3581920e-001
 -4.3859966e-001
 -4.4682418e-001
 -4.6213320e-001
 -4.8309907e-001
 -5.0604495e-001
 -5.2661298e-001
 -5.4145473e-001
 -5.4938832e-001
 -5.5158544e-001
 -5.5073750e-001
 -5.4956161e-001
 -5.4928544e-001
 -5.4878452e-001
 -5.4481120e-001
 -5.3333261e-001
 -5.1153655e-001
 -4.7974879e-001
 -4.4246065e-001
 -4.0792618e-001
 -3.8627543e-001
 -3.8663307e-001
 -4.1413501e-001
 -4.6784335e-001
 -5.4032136e-001
 -6.1911375e-001
 -6.8975869e-001
 -7.3944675e-001
 -7.6021952e-001
 -7.5074495e-001
 -7.1616801e-001
 -6.6616056e-001
 -6.1185995e-001
 -5.6271204e-001
 -5.2420834e-001
 -4.9715455e-001
 -4.7855987e-001
 -4.6368943e-001
 -4.4846273e-001
 -4.3132364e-001
 -4.1395364e-001
 -4.0064721e-001
 -3.9664764e-001
 -4.0608491e-001
 -4.3025440e-001
 -4.6681375e-001
 -5.1013194e-001
 -5.5263573e-001
 -5.8670068e-001
 -6.0651408e-001
 -6.0940902e-001
 -5.9637650e-001
 -5.7171506e-001
 -5.4198788e-001
 -5.1457697e-001
 -4.9614959e-001
 -4.9131485e-001
 -5.0168561e-001
 -5.2549747e-001
 -5.5787097e-001
 -5.9171882e-001
 -6.1918602e-001
 -6.3337312e-001
 -6.2997273e-001
 -6.0839839e-001
 -5.7205168e-001
 -5.2756926e-001
 -4.8317785e-001
 -4.4657543e-001
 -4.2294603e-001
 -4.1371886e-001
 -4.1647584e-001
 -4.2604776e-001
 -4.3643865e-001
 -4.4292337e-001
 -4.4359191e-001
 -4.3980107e-001
 -4.3538238e-001
 -4.3490562e-001
 -4.4164531e-001
 -4.5601088e-001
 -4.7503623e-001
 -4.9313992e-001
 -5.0390536e-001
 -5.0226065e-001
 -4.8629412e-001
 -4.5807253e-001
 -4.2318169e-001
 -3.8915159e-001
 -3.6330205e-001
 -3.5072036e-001
 -3.5300750e-001
 -3.6814221e-001
 -3.9142318e-001
 -4.1709836e-001
 -4.4009712e-001
 -4.5730067e-001
 -4.6799637e-001
 -4.7347609e-001
 -4.7603539e-001
 -4.7780973e-001
 -4.7988914e-001
 -4.8200069e-001
 -4.8280723e-001
 -4.8063716e-001
 -4.7431877e-001
 -4.6378477e-001
 -4.5022843e-001
 -4.3577694e-001
 -4.2282600e-001
 -4.1328951e-001
 -4.0802760e-001
 -4.0663343e-001
 -4.0762414e-001
 -4.0894628e-001
 -4.0861530e-001
 -4.0528565e-001
 -3.9858959e-001
 -3.8916730e-001
 -3.7840559e-001
 -3.6798128e-001
 -3.5934778e-001
 -3.5330537e-001
 -3.4976089e-001
 -3.4772519e-001
 -3.4553272e-001
 -3.4121411e-001
 -3.3292426e-001
 -3.1933025e-001
 -2.9989236e-001
 -2.7501491e-001
 -2.4608112e-001
 -2.1540345e-001
 -1.8610878e-001
 -1.6194660e-001
 -1.4697734e-001
 -1.4509339e-001
 -1.5936418e-001
 -1.9127563e-001
 -2.4002788e-001
 -3.0211996e-001
 -3.7144522e-001
 -4.4002318e-001
 -4.9931928e-001
 -5.4190077e-001
 -5.6302171e-001
 -5.6168568e-001
 -5.4083888e-001
 -5.0657827e-001
 -4.6655317e-001
 -4.2799641e-001
 -3.9595282e-001
 -3.7222506e-001
 -3.5534002e-001
 -3.4151988e-001
 -3.2632533e-001
 -3.0643018e-001
 -2.8095431e-001
 -2.5193636e-001
 -2.2381379e-001
 -2.0210036e-001
 -1.9170433e-001
 -1.9543211e-001
 -2.1314640e-001
 -2.4182229e-001
 -2.7644990e-001
 -3.1146425e-001
 -3.4222949e-001
 -3.6611028e-001
 -3.8282017e-001
 -3.9398725e-001
 -4.0213481e-001
 -4.0945438e-001
 -4.1679519e-001
 -4.2320181e-001
 -4.2613863e-001
 -4.2231523e-001
 -4.0884436e-001
 -3.8437514e-001
 -3.4986659e-001
 -3.0877957e-001
 -2.6662816e-001
 -2.2999116e-001
 -2.0520443e-001
 -1.9701297e-001
 -2.0745932e-001
 -2.3523567e-001
 -2.7564804e-001
 -3.2124440e-001
 -3.6305140e-001
 -3.9225013e-001
 -4.0200907e-001
 -3.8910525e-001
 -3.5493390e-001
 -3.0556899e-001
 -2.5071017e-001
 -2.0161883e-001
 -1.6844941e-001
 -1.5762872e-001
 -1.7002486e-001
 -2.0051527e-001
 -2.3921063e-001
 -2.7410417e-001
 -2.9444430e-001
 -2.9384068e-001
 -2.7213177e-001
 -2.3539053e-001
 -1.9402805e-001
 -1.5958158e-001
 -1.4122304e-001
 -1.4312712e-001
 -1.6354518e-001
 -1.9583951e-001
 -2.3105055e-001
 -2.6104586e-001
 -2.8112380e-001
 -2.9117953e-001
 -2.9509308e-001
 -2.9866066e-001
 -3.0691393e-001
 -3.2186709e-001
 -3.4153607e-001
 -3.6057163e-001
 -3.7223723e-001
 -3.7097255e-001
 -3.5459322e-001
 -3.2534205e-001
 -2.8944961e-001
 -2.5540331e-001
 -2.3155920e-001
 -2.2390818e-001
 -2.3468458e-001
 -2.6215215e-001
 -3.0147416e-001
 -3.4623540e-001
 -3.9004794e-001
 -4.2776138e-001
 -4.5604170e-001
 -4.7336019e-001
 -4.7962850e-001
 -4.7576370e-001
 -4.6337827e-001
 -4.4463373e-001
 -4.2216005e-001
 -3.9889392e-001
 -3.7773917e-001
 -3.6106772e-001
 -3.5019397e-001
 -3.4501190e-001
 -3.4395568e-001
 -3.4434566e-001
 -3.4305422e-001
 -3.3732001e-001
 -3.2549044e-001
 -3.0749135e-001
 -2.8489664e-001
 -2.6057274e-001
 -2.3797488e-001
 -2.2025332e-001
 -2.0937417e-001
 -2.0546843e-001
 -2.0658911e-001
 -2.0898312e-001
 -2.0787500e-001
 -1.9863072e-001
 -1.7804793e-001
 -1.4544244e-001
 -1.0320363e-001
 -5.6593961e-002
 -1.2755783e-002
  2.0879801e-002
  3.8385504e-002
  3.6833393e-002
  1.7042853e-002
 -1.6670190e-002
 -5.7693870e-002
 -9.8915937e-002
 -1.3455340e-001
 -1.6143172e-001
 -1.7931018e-001
 -1.9018497e-001
 -1.9687469e-001
 -2.0146567e-001
 -2.0425411e-001
 -2.0363092e-001
 -1.9697575e-001
 -1.8220025e-001
 -1.5928105e-001
 -1.3108141e-001
 -1.0301230e-001
 -8.1540786e-002
 -7.2038931e-002
 -7.6779634e-002
 -9.3887528e-002
 -1.1772594e-001
 -1.4066252e-001
 -1.5561454e-001
 -1.5844826e-001
 -1.4933157e-001
 -1.3251751e-001
 -1.1462469e-001
 -1.0205516e-001
 -9.8522498e-002
 -1.0362385e-001
 -1.1299001e-001
 -1.1994354e-001
 -1.1802075e-001
 -1.0339240e-001
 -7.6273093e-002
 -4.0813508e-002
 -3.5610080e-003
  2.8883951e-002
  5.2105322e-002
  6.5173519e-002
  7.0582879e-002
  7.2944998e-002
  7.7032915e-002
  8.5984721e-002
  1.0035541e-001
  1.1831847e-001
  1.3683503e-001
  1.5323042e-001
  1.6649259e-001
  1.7776853e-001
  1.8989903e-001
  2.0623539e-001
  2.2925751e-001
  2.5955749e-001
  2.9556739e-001
  3.3408609e-001
  3.7134206e-001
  4.0414219e-001
  4.3066612e-001
  4.5064808e-001
  4.6495669e-001
  4.7482152e-001
  4.8107231e-001
  4.8371613e-001
