 -2.0885416e-001
 -2.5426631e-001
 -2.9803791e-001
 -3.3349975e-001
 -3.5592782e-001
 -3.6364522e-001
 -3.5825258e-001
 -3.4397575e-001
 -3.2637000e-001
 -3.1078848e-001
 -3.0106327e-001
 -2.9875297e-001
 -3.0311529e-001
 -3.1173210e-001
 -3.2152201e-001
 -3.2978412e-001
 -3.3494936e-001
 -3.3685345e-001
 -3.3653082e-001
 -3.3568846e-001
 -3.3609675e-001
 -3.3911093e-001
 -3.4543496e-001
 -3.5511584e-001
 -3.6766635e-001
 -3.8219592e-001
 -3.9747835e-001
 -4.1196754e-001
 -4.2383981e-001
 -4.3115582e-001
 -4.3218844e-001
 -4.2587655e-001
 -4.1227913e-001
 -3.9286046e-001
 -3.7045696e-001
 -3.4885833e-001
 -3.3205437e-001
 -3.2331464e-001
 -3.2434476e-001
 -3.3477053e-001
 -3.5213343e-001
 -3.7244859e-001
 -3.9121431e-001
 -4.0461578e-001
 -4.1058244e-001
 -4.0937364e-001
 -4.0348554e-001
 -3.9686990e-001
 -3.9367092e-001
 -3.9685365e-001
 -4.0715236e-001
 -4.2268496e-001
 -4.3937847e-001
 -4.5209243e-001
 -4.5609915e-001
 -4.4845934e-001
 -4.2886468e-001
 -3.9969489e-001
 -3.6529669e-001
 -3.3074641e-001
 -3.0051695e-001
 -2.7747944e-001
 -2.6252934e-001
 -2.5488825e-001
 -2.5288556e-001
 -2.5485992e-001
 -2.5979853e-001
 -2.6746076e-001
 -2.7796056e-001
 -2.9102166e-001
 -3.0527582e-001
 -3.1798299e-001
 -3.2540170e-001
 -3.2378097e-001
 -3.1067442e-001
 -2.8610106e-001
 -2.5307007e-001
 -2.1716788e-001
 -1.8522046e-001
 -1.6338317e-001
 -1.5525037e-001
 -1.6061905e-001
 -1.7535808e-001
 -1.9248110e-001
 -2.0411789e-001
 -2.0377064e-001
 -1.8814099e-001
 -1.5796000e-001
 -1.1759451e-001
 -7.3614902e-002
 -3.2843100e-002
 -5.3765500e-004
  2.0725240e-002
  3.1201880e-002
  3.3247535e-002
  3.0077350e-002
  2.4525745e-002
  1.8234935e-002
  1.1478465e-002
  3.5517050e-003
 -6.5494900e-003
 -1.9510610e-002
 -3.5405590e-002
 -5.3806905e-002
 -7.4175860e-002
 -9.6285360e-002
 -1.2042707e-001
 -1.4727350e-001
 -1.7744353e-001
 -2.1097441e-001
 -2.4696423e-001
 -2.8358629e-001
 -3.1851757e-001
 -3.4963547e-001
 -3.7570315e-001
 -3.9674575e-001
 -4.1393156e-001
 -4.2897344e-001
 -4.4327536e-001
 -4.5717980e-001
 -4.6966103e-001
 -4.7865256e-001
 -4.8194515e-001
 -4.7834121e-001
 -4.6860473e-001
 -4.5577118e-001
 -4.4458674e-001
 -4.4016424e-001
 -4.4626064e-001
 -4.6377240e-001
 -4.9002625e-001
 -5.1920498e-001
 -5.4386409e-001
 -5.5710223e-001
 -5.5468990e-001
 -5.3643978e-001
 -5.0633431e-001
 -4.7133469e-001
 -4.3923833e-001
 -4.1627167e-001
 -4.0518983e-001
 -4.0447762e-001
 -4.0887428e-001
 -4.1101193e-001
 -4.0361601e-001
 -3.8157664e-001
 -3.4329607e-001
 -2.9099792e-001
 -2.3003398e-001
 -1.6751822e-001
 -1.1076000e-001
 -6.5935396e-002
 -3.7265385e-002
 -2.6751260e-002
 -3.4339295e-002
 -5.8307255e-002
 -9.5691365e-002
 -1.4266456e-001
 -1.9487420e-001
 -2.4779814e-001
 -2.9716156e-001
 -3.3939079e-001
 -3.7200917e-001
 -3.9384985e-001
 -4.0499677e-001
 -4.0645820e-001
 -3.9968719e-001
 -3.8613360e-001
 -3.6700533e-001
 -3.4332299e-001
 -3.1621113e-001
 -2.8724147e-001
 -2.5859476e-001
 -2.3286995e-001
 -2.1252493e-001
 -1.9912007e-001
 -1.9266843e-001
 -1.9140830e-001
 -1.9218401e-001
 -1.9139295e-001
 -1.8621810e-001
 -1.7571741e-001
 -1.6135164e-001
 -1.4670881e-001
 -1.3646451e-001
 -1.3489854e-001
 -1.4446186e-001
 -1.6488612e-001
 -1.9314917e-001
 -2.2431973e-001
 -2.5300697e-001
 -2.7494012e-001
 -2.8816782e-001
 -2.9350108e-001
 -2.9407812e-001
 -2.9421500e-001
 -2.9792929e-001
 -3.0761819e-001
 -3.2331312e-001
 -3.4274355e-001
 -3.6218444e-001
 -3.7781210e-001
 -3.8712643e-001
 -3.8996352e-001
 -3.8873678e-001
 -3.8777867e-001
 -3.9194507e-001
 -4.0490251e-001
 -4.2765845e-001
 -4.5785881e-001
 -4.9015796e-001
 -5.1762373e-001
 -5.3377896e-001
 -5.3463121e-001
 -5.2000145e-001
 -4.9366424e-001
 -4.6220078e-001
 -4.3291206e-001
 -4.1148380e-001
 -4.0020504e-001
 -3.9736846e-001
 -3.9807498e-001
 -3.9616910e-001
 -3.8662155e-001
 -3.6750462e-001
 -3.4083781e-001
 -3.1197538e-001
 -2.8772551e-001
 -2.7384928e-001
 -2.7282206e-001
 -2.8266602e-001
 -2.9730206e-001
 -3.0834869e-001
 -3.0779526e-001
 -2.9067225e-001
 -2.5683661e-001
 -2.1128560e-001
 -1.6290012e-001
 -1.2202906e-001
 -9.7683099e-002
 -9.5196565e-002
 -1.1502064e-001
 -1.5291551e-001
 -2.0135804e-001
 -2.5163303e-001
 -2.9593394e-001
 -3.2889104e-001
 -3.4820868e-001
 -3.5441957e-001
 -3.5003069e-001
 -3.3846117e-001
 -3.2313732e-001
 -3.0695467e-001
 -2.9212198e-001
 -2.8024923e-001
 -2.7248326e-001
 -2.6953918e-001
 -2.7158689e-001
 -2.7807073e-001
 -2.8761041e-001
 -2.9812061e-001
 -3.0719998e-001
 -3.1271593e-001
 -3.1340521e-001
 -3.0926981e-001
 -3.0159834e-001
 -2.9256900e-001
 -2.8454621e-001
 -2.7930740e-001
 -2.7747687e-001
 -2.7838085e-001
 -2.8039079e-001
 -2.8164359e-001
 -2.8088357e-001
 -2.7811519e-001
 -2.7480876e-001
 -2.7354708e-001
 -2.7719096e-001
 -2.8781167e-001
 -3.0573642e-001
 -3.2904422e-001
 -3.5373686e-001
 -3.7462023e-001
 -3.8671669e-001
 -3.8684569e-001
 -3.7491179e-001
 -3.5446010e-001
 -3.3221149e-001
 -3.1654815e-001
 -3.1523019e-001
 -3.3290277e-001
 -3.6911056e-001
 -4.1749996e-001
 -4.6663414e-001
 -5.0241378e-001
 -5.1159952e-001
 -4.8552271e-001
 -4.2290300e-001
 -3.3085094e-001
 -2.2361065e-001
 -1.1926157e-001
 -3.5242889e-002
  1.6032550e-002
  3.0197264e-002
  1.1705490e-002
 -2.7818965e-002
 -7.3102557e-002
 -1.0949743e-001
 -1.2672619e-001
 -1.2105681e-001
 -9.5431470e-002
 -5.7742115e-002
 -1.7988396e-002
  1.4699295e-002
  3.4287078e-002
  3.8798639e-002
  2.9972375e-002
  1.1988395e-002
 -1.0144216e-002
 -3.1970257e-002
 -5.0380423e-002
 -6.3742139e-002
 -7.1552411e-002
 -7.3927028e-002
 -7.1221516e-002
 -6.3943298e-002
 -5.2932382e-002
 -3.9640203e-002
 -2.6280290e-002
 -1.5675965e-002
 -1.0763370e-002
 -1.3863815e-002
 -2.5956450e-002
 -4.6212920e-002
 -7.1989192e-002
 -9.9330270e-002
 -1.2387993e-001
 -1.4195633e-001
 -1.5149636e-001
 -1.5260343e-001
 -1.4754101e-001
 -1.4016486e-001
 -1.3493633e-001
 -1.3576938e-001
 -1.4500838e-001
 -1.6280295e-001
 -1.8704805e-001
 -2.1391343e-001
 -2.3883131e-001
 -2.5768261e-001
 -2.6785715e-001
 -2.6888636e-001
 -2.6245966e-001
 -2.5181323e-001
 -2.4067179e-001
 -2.3206961e-001
 -2.2742421e-001
 -2.2616029e-001
 -2.2600250e-001
 -2.2383039e-001
 -2.1679723e-001
 -2.0332774e-001
 -1.8366138e-001
 -1.5978060e-001
 -1.3478979e-001
 -1.1200330e-001
 -9.4083739e-002
 -8.2517089e-002
 -7.7547160e-002
 -7.8493759e-002
 -8.4233766e-002
 -9.3592438e-002
 -1.0548025e-001
 -1.1876993e-001
 -1.3205817e-001
 -1.4352464e-001
 -1.5105491e-001
 -1.5265898e-001
 -1.4705838e-001
 -1.3420910e-001
 -1.1552399e-001
 -9.3659882e-002
 -7.1896302e-002
 -5.3287963e-002
 -3.9859622e-002
 -3.2100826e-002
 -2.8919190e-002
 -2.8064605e-002
 -2.6894961e-002
 -2.3258884e-002
 -1.6244322e-002
 -6.5828950e-003
  3.4081700e-003
  1.0347060e-002
  1.0654400e-002
  1.5577400e-003
 -1.8021355e-002
 -4.6937980e-002
 -8.1816265e-002
 -1.1760112e-001
 -1.4856078e-001
 -1.6950511e-001
 -1.7691583e-001
 -1.6970090e-001
 -1.4938249e-001
 -1.1968351e-001
 -8.5641355e-002
 -5.2501220e-002
 -2.4686590e-002
 -5.0991200e-003
  5.1157550e-003
  6.3488300e-003
 -7.2900000e-006
 -1.2195287e-002
 -2.8624234e-002
 -4.8153847e-002
 -7.0093522e-002
 -9.3975895e-002
 -1.1922724e-001
 -1.4486870e-001
 -1.6935026e-001
 -1.9056319e-001
 -2.0602333e-001
 -2.1318346e-001
 -2.0982202e-001
 -1.9445932e-001
 -1.6675361e-001
 -1.2781940e-001
 -8.0391015e-002
 -2.8741745e-002
  2.1715040e-002
  6.5156515e-002
  9.6328628e-002
  1.1157873e-001
  1.0967516e-001
  9.2147900e-002
  6.2983300e-002
  2.7683890e-002
 -8.0901000e-003
 -3.9922251e-002
 -6.5661416e-002
 -8.5734658e-002
 -1.0263804e-001
 -1.1975977e-001
 -1.3991822e-001
 -1.6410283e-001
 -1.9084585e-001
 -2.1644568e-001
 -2.3597775e-001
 -2.4476664e-001
 -2.3984342e-001
 -2.2092515e-001
 -1.9061839e-001
 -1.5380421e-001
 -1.1641764e-001
 -8.4006864e-002
 -6.0497388e-002
 -4.7492568e-002
 -4.4257055e-002
 -4.8318080e-002
 -5.6447876e-002
 -6.5703745e-002
 -7.4217046e-002
 -8.1524671e-002
 -8.8389833e-002
 -9.6216860e-002
 -1.0628127e-001
 -1.1904016e-001
 -1.3374860e-001
 -1.4849939e-001
 -1.6066127e-001
 -1.6756250e-001
 -1.6719235e-001
 -1.5869959e-001
 -1.4254815e-001
 -1.2031620e-001
 -9.4248460e-002
 -6.6745697e-002
 -3.9974125e-002
 -1.5703750e-002
  4.6285600e-003
  1.9739035e-002
  2.8357431e-002
  2.9258749e-002
  2.1506640e-002
  4.8340565e-003
 -2.0000413e-002
 -5.1060872e-002
 -8.5405891e-002
 -1.1958398e-001
 -1.5032586e-001
 -1.7522389e-001
 -1.9318553e-001
 -2.0452460e-001
 -2.1067949e-001
 -2.1367030e-001
 -2.1547971e-001
 -2.1754196e-001
 -2.2045918e-001
 -2.2396962e-001
 -2.2711110e-001
 -2.2848560e-001
 -2.2654324e-001
 -2.1984656e-001
 -2.0731656e-001
 -1.8847559e-001
 -1.6368065e-001
 -1.3430008e-001
 -1.0275401e-001
 -7.2340127e-002
 -4.6810537e-002
 -2.9740442e-002
 -2.3807782e-002
 -3.0153539e-002
 -4.7993999e-002
 -7.4605452e-002
 -1.0571344e-001
 -1.3621943e-001
 -1.6111616e-001
 -1.7640051e-001
 -1.7979712e-001
 -1.7115342e-001
 -1.5243956e-001
 -1.2736622e-001
 -1.0070104e-001
 -7.7408459e-002
 -6.1756783e-002
 -5.6533844e-002
 -6.2496701e-002
 -7.8155581e-002
 -9.9957130e-002
 -1.2288081e-001
 -1.4139085e-001
 -1.5059839e-001
 -1.4740465e-001
 -1.3134732e-001
 -1.0489394e-001
 -7.3034447e-002
 -4.2207161e-002
 -1.8797606e-002
 -7.6071435e-003
 -1.0730155e-002
 -2.7174905e-002
 -5.3336880e-002
 -8.4159368e-002
 -1.1459308e-001
 -1.4087872e-001
 -1.6125785e-001
 -1.7593612e-001
 -1.8639521e-001
 -1.9437173e-001
 -2.0091229e-001
 -2.0584835e-001
 -2.0784815e-001
 -2.0497713e-001
 -1.9552029e-001
 -1.7875179e-001
 -1.5538826e-001
 -1.2759673e-001
 -9.8582060e-002
 -7.1895865e-002
 -5.0658900e-002
 -3.6877340e-002
 -3.0987630e-002
 -3.1713595e-002
 -3.6274980e-002
 -4.0942472e-002
 -4.1874444e-002
 -3.6091985e-002
 -2.2368905e-002
 -1.7722300e-003
  2.2373585e-002
  4.5192770e-002
  6.1525625e-002
  6.7440290e-002
  6.1541599e-002
  4.5639502e-002
  2.4506097e-002
  4.7266125e-003
 -7.0548493e-003
 -5.9853438e-003
  9.6073466e-003
  3.7706352e-002
  7.3127901e-002
  1.0890799e-001
  1.3813314e-001
  1.5568046e-001
  1.5938745e-001
  1.5036657e-001
  1.3244362e-001
  1.1094634e-001
  9.1227343e-002
  7.7339919e-002
  7.1199102e-002
  7.2394974e-002
  7.8633913e-002
  8.6620990e-002
  9.3100180e-002
  9.5754590e-002
  9.3732455e-002
  8.7683253e-002
  7.9331149e-002
  7.0742042e-002
  6.3523046e-002
  5.8206648e-002
  5.4011469e-002
  4.9054036e-002
  4.0946005e-002
  2.7590767e-002
  7.9299665e-003
 -1.7596392e-002
 -4.7026978e-002
 -7.7312583e-002
 -1.0508754e-001
 -1.2755740e-001
 -1.4324210e-001
 -1.5235009e-001
 -1.5666252e-001
 -1.5894801e-001
 -1.6207154e-001
 -1.6806094e-001
 -1.7742041e-001
 -1.8891725e-001
 -1.9992866e-001
 -2.0725919e-001
 -2.0818173e-001
 -2.0137131e-001
 -1.8742441e-001
 -1.6878568e-001
 -1.4909738e-001
 -1.3217963e-001
 -1.2097279e-001
 -1.1678325e-001
 -1.1906638e-001
 -1.2579440e-001
 -1.3425834e-001
 -1.4201187e-001
 -1.4762837e-001
 -1.5102129e-001
 -1.5323962e-001
 -1.5583772e-001
 -1.6006441e-001
 -1.6617229e-001
 -1.7309753e-001
 -1.7862524e-001
 -1.7998576e-001
 -1.7468328e-001
 -1.6128813e-001
 -1.3994647e-001
 -1.1246231e-001
 -8.1945582e-002
 -5.2148313e-002
 -2.6687715e-002
 -8.3624085e-003
  1.2871345e-003
  2.1149180e-003
 -4.7622168e-003
 -1.7263184e-002
 -3.2688391e-002
 -4.8021915e-002
 -6.0160438e-002
 -6.6103962e-002
 -6.3181066e-002
 -4.9370679e-002
 -2.3721070e-002
  1.3222483e-002
  5.9146283e-002
  1.1003657e-001
  1.6070489e-001
  2.0574327e-001
  2.4070486e-001
  2.6316763e-001
  2.7330834e-001
  2.7372686e-001
  2.6849674e-001
  2.6169980e-001
  2.5592320e-001
  2.5126064e-001
  2.4522099e-001
  2.3364189e-001
  2.1233595e-001
  1.7890230e-001
  1.3403487e-001
  8.1802156e-002
  2.8720692e-002
 -1.8124311e-002
 -5.3300500e-002
 -7.4831137e-002
 -8.4935847e-002
 -8.9413642e-002
 -9.5829607e-002
 -1.1107265e-001
 -1.3906673e-001
 -1.7937065e-001
 -2.2711230e-001
 -2.7427499e-001
 -3.1193024e-001
 -3.3272997e-001
 -3.3291351e-001
 -3.1325981e-001
 -2.7875290e-001
 -2.3711831e-001
 -1.9670676e-001
 -1.6435860e-001
 -1.4384371e-001
 -1.3526266e-001
 -1.3549185e-001
 -1.3945355e-001
 -1.4178001e-001
 -1.3837180e-001
 -1.2743006e-001
 -1.0973495e-001
 -8.8178564e-002
 -6.6769239e-002
 -4.9446643e-002
 -3.9056640e-002
 -3.6742730e-002
 -4.1855530e-002
 -5.2319535e-002
 -6.5277563e-002
 -7.7789335e-002
 -8.7393889e-002
 -9.2432042e-002
 -9.2125091e-002
 -8.6482419e-002
 -7.6138875e-002
 -6.2203405e-002
 -4.6150727e-002
 -2.9736410e-002
 -1.4887017e-002
 -3.5223730e-003
  2.6980225e-003
  2.6652835e-003
 -3.9288800e-003
 -1.6470731e-002
 -3.3497568e-002
 -5.2980471e-002
 -7.2767559e-002
 -9.1081060e-002
 -1.0693018e-001
 -1.2031021e-001
 -1.3210897e-001
 -1.4372449e-001
 -1.5649021e-001
 -1.7107771e-001
 -1.8707462e-001
 -2.0290111e-001
 -2.1613347e-001
 -2.2417399e-001
 -2.2507878e-001
 -2.1827913e-001
 -2.0493801e-001
 -1.8778227e-001
 -1.7041835e-001
 -1.5632014e-001
 -1.4780883e-001
 -1.4536993e-001
 -1.4755581e-001
 -1.5152642e-001
 -1.5405537e-001
 -1.5265521e-001
 -1.4642376e-001
 -1.3630838e-001
 -1.2469701e-001
 -1.1449553e-001
 -1.0804360e-001
 -1.0628068e-001
 -1.0847332e-001
 -1.1259330e-001
 -1.1618024e-001
 -1.1733313e-001
 -1.1542863e-001
 -1.1127794e-001
 -1.0666245e-001
 -1.0344163e-001
 -1.0260263e-001
 -1.0365198e-001
 -1.0462107e-001
 -1.0271921e-001
 -9.5411459e-002
 -8.1522607e-002
 -6.1942886e-002
 -3.9647120e-002
 -1.8988480e-002
 -4.4963500e-003
  4.0709500e-004
 -5.6720400e-003
 -2.1845145e-002
 -4.5404080e-002
 -7.2782540e-002
 -1.0062094e-001
 -1.2652622e-001
 -1.4927282e-001
 -1.6844710e-001
 -1.8378727e-001
 -1.9460438e-001
 -1.9962858e-001
 -1.9742125e-001
 -1.8721385e-001
 -1.6980001e-001
 -1.4802666e-001
 -1.2654949e-001
 -1.1079911e-001
 -1.0543860e-001
 -1.1284015e-001
 -1.3215851e-001
 -1.5939680e-001
 -1.8850713e-001
 -2.1317783e-001
 -2.2868756e-001
 -2.3316798e-001
 -2.2783333e-001
 -2.1612801e-001
 -2.0215606e-001
 -1.8902698e-001
 -1.7776997e-001
 -1.6722706e-001
 -1.5493318e-001
 -1.3859047e-001
 -1.1750478e-001
 -9.3369927e-002
 -7.0048230e-002
 -5.2398315e-002
 -4.4583055e-002
 -4.8503430e-002
 -6.2968053e-002
 -8.3938908e-002
 -1.0579558e-001
 -1.2318196e-001
 -1.3278096e-001
 -1.3438257e-001
 -1.3085964e-001
 -1.2705299e-001
 -1.2795179e-001
 -1.3680065e-001
 -1.5378589e-001
 -1.7574663e-001
 -1.9700104e-001
 -2.1100192e-001
 -2.1227215e-001
 -1.9800351e-001
 -1.6884467e-001
 -1.2869084e-001
 -8.3610215e-002
 -4.0287750e-002
 -4.4635800e-003
  2.0221533e-002
  3.2739633e-002
  3.4528775e-002
  2.8840613e-002
  1.9825562e-002
  1.1596880e-002
  7.4517850e-003
  9.3448300e-003
  1.7639670e-002
  3.1124245e-002
  4.7257015e-002
  6.2603550e-002
  7.3411874e-002
  7.6257800e-002
  6.8673815e-002
  4.9665613e-002
  2.0027007e-002
 -1.7612795e-002
 -5.9038747e-002
 -9.8981764e-002
 -1.3187360e-001
 -1.5272475e-001
 -1.5799324e-001
 -1.4629403e-001
 -1.1880226e-001
 -7.9236610e-002
 -3.3373655e-002
  1.1863685e-002
  4.9598257e-002
  7.4240294e-002
  8.2506761e-002
  7.3974159e-002
  5.1018656e-002
  1.8147611e-002
 -1.9111732e-002
 -5.5476508e-002
 -8.6990947e-002
 -1.1164698e-001
 -1.2940226e-001
 -1.4163959e-001
 -1.5028202e-001
 -1.5687822e-001
 -1.6196812e-001
 -1.6493116e-001
 -1.6434475e-001
 -1.5869860e-001
 -1.4718790e-001
 -1.3028511e-001
 -1.0987728e-001
 -8.8916983e-002
 -7.0712689e-002
 -5.8109622e-002
 -5.2841451e-002
 -5.5256483e-002
 -6.4472858e-002
 -7.8854462e-002
 -9.6587066e-002
 -1.1611469e-001
 -1.3627514e-001
 -1.5611715e-001
 -1.7453177e-001
 -1.8992461e-001
 -2.0015452e-001
 -2.0286309e-001
 -1.9615350e-001
 -1.7940957e-001
 -1.5394326e-001
 -1.2316799e-001
 -9.2126345e-002
 -6.6414073e-002
 -5.0768978e-002
 -4.7747224e-002
 -5.6928709e-002
 -7.4956332e-002
 -9.6457963e-002
 -1.1560711e-001
 -1.2785046e-001
 -1.3125228e-001
 -1.2701236e-001
 -1.1897568e-001
 -1.1228313e-001
 -1.1159909e-001
 -1.1949475e-001
 -1.3551519e-001
 -1.5623029e-001
 -1.7624437e-001
 -1.8982764e-001
 -1.9263883e-001
 -1.8299390e-001
 -1.6229890e-001
 -1.3454516e-001
 -1.0506479e-001
 -7.8966397e-002
 -5.9747219e-002
 -4.8493709e-002
 -4.3873915e-002
 -4.2866680e-002
 -4.1948988e-002
 -3.8341112e-002
 -3.0919881e-002
 -2.0539650e-002
 -9.6990260e-003
 -1.6925341e-003
  4.7088430e-004
 -4.9463374e-003
 -1.7796493e-002
 -3.5954770e-002
 -5.5745530e-002
 -7.2747742e-002
 -8.2759356e-002
 -8.2685976e-002
 -7.1163359e-002
 -4.8802902e-002
 -1.8038107e-002
  1.7373320e-002
  5.3082134e-002
  8.4973420e-002
  1.0993162e-001
  1.2639699e-001
  1.3459357e-001
  1.3636280e-001
  1.3461733e-001
  1.3252267e-001
  1.3259927e-001
  1.3598211e-001
  1.4205721e-001
  1.4860712e-001
  1.5245927e-001
  1.5047925e-001
  1.4063556e-001
  1.2282182e-001
  9.9176052e-002
  7.3771811e-002
  5.1733730e-002
  3.7997196e-002
  3.6038062e-002
  4.6913410e-002
  6.8874905e-002
  9.7668050e-002
  1.2745493e-001
  1.5214118e-001
  1.6678760e-001
  1.6876304e-001
  1.5835246e-001
  1.3865881e-001
  1.1480495e-001
  9.2617775e-002
  7.7120474e-002
  7.1230073e-002
  7.5027079e-002
  8.5824533e-002
  9.9042078e-002
  1.0964444e-001
  1.1371163e-001
  1.0964205e-001
  9.8587264e-002
  8.3959375e-002
  7.0165768e-002
  6.1000684e-002
  5.8256480e-002
  6.1052117e-002
  6.6127630e-002
  6.9008510e-002
  6.5628692e-002
  5.3834053e-002
  3.4232826e-002
  1.0097955e-002
 -1.3630620e-002
 -3.1877657e-002
 -4.0954870e-002
 -3.9554492e-002
 -2.8904086e-002
 -1.2083139e-002
  7.2028355e-003
  2.5920257e-002
  4.2608728e-002
  5.7584668e-002
  7.2412647e-002
  8.8876142e-002
  1.0785408e-001
  1.2853696e-001
  1.4829317e-001
  1.6326888e-001
  1.6955121e-001
  1.6452681e-001
  1.4798878e-001
  1.2260778e-001
  9.3568251e-002
  6.7422428e-002
  5.0456865e-002
  4.7027066e-002
  5.8344856e-002
  8.2088753e-002
  1.1297904e-001
  1.4418012e-001
  1.6914445e-001
  1.8336952e-001
  1.8555067e-001
  1.7777985e-001
  1.6472150e-001
  1.5200820e-001
  1.4434718e-001
  1.4393075e-001
  1.4966262e-001
  1.5746400e-001
  1.6158274e-001
  1.5650267e-001
  1.3884595e-001
  1.0864995e-001
  6.9590764e-002
  2.8059204e-002
 -8.6352400e-003
 -3.4373635e-002
 -4.5988310e-002
 -4.4124980e-002
 -3.2946790e-002
 -1.8792250e-002
 -8.2291300e-003
 -6.1259800e-003
 -1.4335465e-002
 -3.1363856e-002
 -5.3068481e-002
 -7.4096120e-002
 -8.9560663e-002
 -9.6423910e-002
 -9.4187839e-002
 -8.4766097e-002
 -7.1677249e-002
 -5.8896462e-002
 -4.9759314e-002
 -4.6230165e-002
 -4.8677291e-002
 -5.6111814e-002
 -6.6714228e-002
 -7.8427237e-002
 -8.9432963e-002
 -9.8421930e-002
 -1.0465559e-001
 -1.0788777e-001
 -1.0822909e-001
 -1.0602057e-001
 -1.0174751e-001
 -9.5993585e-002
 -8.9418055e-002
 -8.2736760e-002
 -7.6692325e-002
 -7.2005240e-002
 -6.9301245e-002
 -6.9015605e-002
 -7.1284095e-002
 -7.5845177e-002
 -8.1991274e-002
 -8.8610787e-002
 -9.4347456e-002
 -9.7869407e-002
 -9.8195933e-002
 -9.4993072e-002
 -8.8737874e-002
 -8.0676660e-002
 -7.2560694e-002
 -6.6215408e-002
 -6.3060231e-002
 -6.3720585e-002
 -6.7850691e-002
 -7.4221502e-002
 -8.1044713e-002
 -8.6430432e-002
 -8.8838012e-002
 -8.7388904e-002
 -8.1961935e-002
 -7.3066610e-002
 -6.1561825e-002
 -4.8333565e-002
 -3.4050035e-002
 -1.9078145e-002
 -3.5826300e-003
  1.2239650e-002
  2.7890410e-002
  4.2384740e-002
  5.4247540e-002
  6.1732005e-002
  6.3224662e-002
  5.7730561e-002
  4.5290619e-002
  2.7186072e-002
  5.8368690e-003
 -1.5613501e-002
 -3.3939716e-002
 -4.6543022e-002
 -5.2039232e-002
 -5.0566786e-002
 -4.3729303e-002
 -3.4185186e-002
 -2.4990386e-002
 -1.8864058e-002
 -1.7564504e-002
 -2.1531522e-002
 -2.9879977e-002
 -4.0736210e-002
 -5.1817247e-002
 -6.1086849e-002
 -6.7300641e-002
 -7.0284689e-002
 -7.0870989e-002
 -7.0518850e-002
 -7.0751145e-002
 -7.2594945e-002
 -7.6214830e-002
 -8.0861248e-002
 -8.5146491e-002
 -8.7545456e-002
 -8.6939398e-002
 -8.3007978e-002
 -7.6333020e-002
 -6.8184275e-002
 -6.0072036e-002
 -5.3230572e-002
 -4.8211989e-002
 -4.4720217e-002
 -4.1722751e-002
 -3.7781695e-002
 -3.1481538e-002
 -2.1818926e-002
 -8.4562529e-003
  8.1959195e-003
  2.7042644e-002
  4.6456633e-002
  6.4463038e-002
  7.8929695e-002
  8.7769695e-002
  8.9180406e-002
  8.1932720e-002
  6.5687394e-002
  4.1269298e-002
  1.0797977e-002
 -2.2425355e-002
 -5.4329793e-002
 -8.0761090e-002
 -9.8324627e-002
 -1.0519171e-001
 -1.0164639e-001
 -9.0184925e-002
 -7.5077227e-002
 -6.1439154e-002
 -5.4008688e-002
 -5.5925065e-002
 -6.7841382e-002
 -8.7639578e-002
 -1.1086998e-001
 -1.3184071e-001
 -1.4508934e-001
 -1.4683988e-001
 -1.3602866e-001
 -1.1458993e-001
 -8.6903051e-002
 -5.8559937e-002
 -3.4830631e-002
 -1.9311387e-002
 -1.3185812e-002
 -1.5323595e-002
 -2.3146655e-002
 -3.3911872e-002
 -4.5899722e-002
 -5.9027612e-002
 -7.4625674e-002
 -9.4446144e-002
 -1.1929937e-001
 -1.4789073e-001
 -1.7639241e-001
 -1.9902671e-001
 -2.0955464e-001
 -2.0320205e-001
 -1.7835789e-001
 -1.3742927e-001
 -8.6520002e-002
 -3.4009949e-002
  1.1507400e-002
  4.3263591e-002
  5.7704970e-002
  5.4871192e-002
  3.7774844e-002
  1.1130879e-002
 -2.0044009e-002
 -5.1487803e-002
 -8.0154018e-002
 -1.0411527e-001
 -1.2217401e-001
 -1.3351526e-001
 -1.3763402e-001
 -1.3455931e-001
 -1.2518708e-001
 -1.1143318e-001
 -9.5977262e-002
 -8.1565250e-002
 -7.0079501e-002
 -6.1756872e-002
 -5.4943421e-002
 -4.6600593e-002
 -3.3481091e-002
 -1.3592421e-002
  1.2606753e-002
  4.1793390e-002
  6.8412050e-002
  8.6232132e-002
  9.0344386e-002
  7.8906292e-002
  5.3992937e-002
  2.1202256e-002
 -1.1899593e-002
 -3.7987431e-002
 -5.2091807e-002
 -5.2898621e-002
 -4.2806761e-002
 -2.6767777e-002
 -1.0370269e-002
  2.1077150e-003
  8.9699635e-003
  1.1269931e-002
  1.1883932e-002
  1.3918295e-002
  1.9121691e-002
  2.6949459e-002
  3.4651697e-002
  3.8343769e-002
  3.4629757e-002
  2.2134594e-002
  2.3368095e-003
 -2.0639360e-002
 -4.1222347e-002
 -5.4164741e-002
 -5.6261786e-002
 -4.7412170e-002
 -3.0653415e-002
 -1.1166763e-002
  5.3971304e-003
  1.4694127e-002
  1.4965066e-002
  7.4023024e-003
 -4.4883245e-003
 -1.6277202e-002
 -2.4248150e-002
 -2.6704953e-002
 -2.4493861e-002
 -2.0566715e-002
 -1.8744807e-002
 -2.2122960e-002
 -3.1682922e-002
 -4.5622753e-002
 -5.9674100e-002
 -6.8349775e-002
 -6.6746605e-002
 -5.2326131e-002
 -2.6075034e-002
  7.3827710e-003
  4.0838374e-002
  6.6469738e-002
  7.8186830e-002
  7.3653840e-002
  5.5343890e-002
  3.0228340e-002
  8.0810050e-003
 -1.2149700e-003
  9.3504300e-003
  4.1486855e-002
  9.0478470e-002
  1.4578950e-001
  1.9336809e-001
  2.1913362e-001
  2.1276709e-001
  1.7078411e-001
  9.8010880e-002
  6.9787400e-003
 -8.4696492e-002
 -1.5832732e-001
 -1.9853487e-001
 -1.9684785e-001
 -1.5357194e-001
 -7.7458975e-002
  1.6676257e-002
  1.1166789e-001
  1.9196204e-001
  2.4673317e-001
  2.7137480e-001
  2.6713690e-001
  2.3927876e-001
  1.9454671e-001
  1.3892394e-001
  7.6397830e-002
  9.0343250e-003
 -6.1887790e-002
 -1.3434384e-001
 -2.0443297e-001
 -2.6626988e-001
 -3.1308524e-001
 -3.3920562e-001
 -3.4218327e-001
 -3.2421759e-001
 -2.9221166e-001
 -2.5627098e-001
 -2.2701351e-001
 -2.1251185e-001
 -2.1586210e-001
 -2.3419795e-001
 -2.5950094e-001
 -2.8096249e-001
 -2.8814125e-001
 -2.7391075e-001
 -2.3628951e-001
 -1.7864923e-001
 -1.0835338e-001
 -3.4392305e-002
  3.5128015e-002
  9.4808605e-002
  1.4256852e-001
  1.7899836e-001
  2.0587327e-001
  2.2452390e-001
  2.3477016e-001
  2.3485967e-001
  2.2242798e-001
  1.9607120e-001
  1.5685595e-001
  1.0908450e-001
  5.9890980e-002
  1.7674412e-002
 -1.0178985e-002
 -1.9532135e-002
 -1.0901590e-002
  1.0514769e-002
  3.6280392e-002
  5.7222484e-002
  6.6203428e-002
  6.0253005e-002
  4.1347709e-002
  1.5571028e-002
 -9.0624850e-003
 -2.5378070e-002
 -2.9461775e-002
 -2.1913985e-002
 -7.5319250e-003
  6.4297650e-003
  1.2780564e-002
  6.8054175e-003
 -1.2254470e-002
 -4.1111084e-002
 -7.3681202e-002
 -1.0316795e-001
 -1.2420556e-001
 -1.3433459e-001
 -1.3436611e-001
 -1.2761744e-001
 -1.1839655e-001
 -1.1033958e-001
 -1.0519920e-001
 -1.0246613e-001
 -9.9877391e-002
 -9.4547721e-002
 -8.4264836e-002
 -6.8469968e-002
 -4.8592065e-002
 -2.7652650e-002
 -9.3157200e-003
  3.2635000e-003
  8.3887100e-003
  6.2587950e-003
 -1.2341650e-003
 -1.1249980e-002
 -2.1015145e-002
 -2.8753940e-002
 -3.4221030e-002
 -3.8661755e-002
 -4.4219820e-002
 -5.2995625e-002
 -6.6073585e-002
 -8.2849512e-002
 -1.0089800e-001
 -1.1645434e-001
 -1.2539638e-001
 -1.2445580e-001
 -1.1230907e-001
 -9.0219722e-002
 -6.2018669e-002
 -3.3386571e-002
 -1.0592869e-002
  1.0016730e-003
 -1.7000975e-003
 -1.8671543e-002
 -4.6630734e-002
 -7.9692849e-002
 -1.1066846e-001
 -1.3270956e-001
 -1.4091620e-001
 -1.3351950e-001
 -1.1235024e-001
 -8.2467151e-002
 -5.1018534e-002
 -2.5601073e-002
 -1.2514660e-002
 -1.5354250e-002
 -3.4309645e-002
 -6.6368197e-002
 -1.0637011e-001
 -1.4861437e-001
 -1.8853007e-001
 -2.2388080e-001
 -2.5508970e-001
 -2.8454353e-001
 -3.1507906e-001
 -3.4816579e-001
 -3.8245905e-001
 -4.1333508e-001
 -4.3373039e-001
 -4.3617242e-001
 -4.1544854e-001
 -3.7106818e-001
 -3.0864582e-001
 -2.3959675e-001
 -1.7902405e-001
 -1.4223419e-001
 -1.4077274e-001
 -1.7907369e-001
 -2.5269889e-001
 -3.4873972e-001
 -4.4837931e-001
 -5.3103338e-001
 -5.7906088e-001
 -5.8187493e-001
 -5.3842579e-001
 -4.5743209e-001
 -3.5529799e-001
 -2.5223139e-001
 -1.6752716e-001
 -1.1518505e-001
 -1.0093846e-001
 -1.2139848e-001
 -1.6546217e-001
 -2.1754289e-001
 -2.6171644e-001
 -2.8566837e-001
 -2.8343105e-001
 -2.5627682e-001
 -2.1167033e-001
 -1.6071609e-001
 -1.1491532e-001
 -8.3168838e-002
 -6.9812926e-002
 -7.4117343e-002
 -9.1226288e-002
 -1.1412112e-001
 -1.3593671e-001
 -1.5192807e-001
 -1.6055268e-001
 -1.6344152e-001
 -1.6438086e-001
 -1.6771298e-001
 -1.7670848e-001
 -1.9243059e-001
 -2.1342123e-001
 -2.3625662e-001
 -2.5673782e-001
 -2.7129139e-001
 -2.7811310e-001
 -2.7770218e-001
 -2.7265710e-001
 -2.6685314e-001
 -2.6431015e-001
 -2.6812342e-001
 -2.7976249e-001
 -2.9887955e-001
 -3.2358391e-001
 -3.5100312e-001
 -3.7790911e-001
 -4.0123831e-001
 -4.1843833e-001
 -4.2767241e-001
 -4.2795876e-001
 -4.1930109e-001
 -4.0279807e-001
 -3.8065201e-001
 -3.5597436e-001
 -3.3233119e-001
 -3.1307125e-001
 -3.0059083e-001
 -2.9575763e-001
 -2.9770311e-001
 -3.0409295e-001
 -3.1182955e-001
 -3.1798732e-001
 -3.2068856e-001
 -3.1963396e-001
 -3.1610818e-001
 -3.1245086e-001
 -3.1115998e-001
 -3.1391642e-001
 -3.2084749e-001
 -3.3027584e-001
 -3.3905346e-001
 -3.4340633e-001
 -3.4006360e-001
 -3.2735884e-001
 -3.0598808e-001
 -2.7918952e-001
 -2.5224905e-001
 -2.3140290e-001
 -2.2236442e-001
 -2.2881304e-001
 -2.5122249e-001
 -2.8635798e-001
 -3.2764140e-001
 -3.6638870e-001
 -3.9370303e-001
 -4.0261316e-001
 -3.8993254e-001
 -3.5732577e-001
 -3.1122205e-001
 -2.6149084e-001
 -2.1913086e-001
 -1.9352933e-001
 -1.9002741e-001
 -2.0850560e-001
 -2.4346213e-001
 -2.8564454e-001
 -3.2482333e-001
 -3.5291038e-001
 -3.6646070e-001
 -3.6772815e-001
 -3.6386130e-001
 -3.6440920e-001
 -3.7787871e-001
 -4.0844848e-001
 -4.5396136e-001
 -5.0595362e-001
 -5.5183753e-001
 -5.7863358e-001
 -5.7709621e-001
 -5.4488852e-001
 -4.8771993e-001
 -4.1799528e-001
 -3.5133147e-001
 -3.0200797e-001
 -2.7878908e-001
 -2.8245383e-001
 -3.0582339e-001
 -3.3626265e-001
 -3.5982589e-001
 -3.6568632e-001
 -3.4941583e-001
 -3.1408801e-001
 -2.6892130e-001
 -2.2600621e-001
 -1.9628444e-001
 -1.8615871e-001
 -1.9584396e-001
 -2.1992575e-001
 -2.4980335e-001
 -2.7704243e-001
 -2.9637430e-001
 -3.0725018e-001
 -3.1342362e-001
 -3.2078295e-001
 -3.3431895e-001
 -3.5544900e-001
 -3.8080249e-001
 -4.0303956e-001
 -4.1351099e-001
 -4.0584367e-001
 -3.7912120e-001
 -3.3938645e-001
 -2.9872345e-001
 -2.7201102e-001
 -2.7229085e-001
 -3.0625362e-001
 -3.7140223e-001
 -4.5596019e-001
 -5.4170789e-001
 -6.0894998e-001
 -6.4208310e-001
 -6.3400660e-001
 -5.8798306e-001
 -5.1638844e-001
 -4.3680612e-001
 -3.6676685e-001
 -3.1883259e-001
 -2.9754466e-001
 -2.9908353e-001
 -3.1356529e-001
 -3.2904893e-001
 -3.3582821e-001
 -3.2958066e-001
 -3.1241352e-001
 -2.9159990e-001
 -2.7657352e-001
 -2.7529302e-001
 -2.9123690e-001
 -3.2202293e-001
 -3.6007030e-001
 -3.9503703e-001
 -4.1719037e-001
 -4.2058154e-001
 -4.0497700e-001
 -3.7591532e-001
 -3.4287241e-001
 -3.1613455e-001
 -3.0340112e-001
 -3.0723281e-001
 -3.2419261e-001
 -3.4598088e-001
 -3.6221512e-001
 -3.6396208e-001
 -3.4687417e-001
 -3.1289898e-001
 -2.6998711e-001
 -2.2986724e-001
 -2.0458002e-001
 -2.0285768e-001
 -2.2747873e-001
 -2.7440807e-001
 -3.3396044e-001
 -3.9359237e-001
 -4.4143512e-001
 -4.6948491e-001
 -4.7551591e-001
 -4.6321867e-001
 -4.4063913e-001
 -4.1751465e-001
 -4.0240758e-001
 -4.0053361e-001
 -4.1288605e-001
 -4.3677711e-001
 -4.6742452e-001
 -4.9987560e-001
 -5.3049941e-001
 -5.5750562e-001
 -5.8038126e-001
 -5.9860821e-001
 -6.1035269e-001
 -6.1186792e-001
 -5.9808779e-001
 -5.6439950e-001
 -5.0904637e-001
 -4.3524079e-001
 -3.5202628e-001
 -2.7326577e-001
 -2.1475633e-001
 -1.9016628e-001
 -2.0700295e-001
 -2.6393998e-001
 -3.5048913e-001
 -4.4928652e-001
 -5.4041366e-001
 -6.0648698e-001
 -6.3697347e-001
 -6.3043265e-001
 -5.9406622e-001
 -5.4083948e-001
 -4.8521240e-001
 -4.3891539e-001
 -4.0809704e-001
 -3.9261845e-001
 -3.8748530e-001
 -3.8568620e-001
 -3.8129424e-001
 -3.7171415e-001
 -3.5837555e-001
 -3.4580153e-001
 -3.3957328e-001
 -3.4405531e-001
 -3.6073680e-001
 -3.8772394e-001
 -4.2043602e-001
 -4.5311489e-001
 -4.8051493e-001
 -4.9916821e-001
 -5.0787070e-001
 -5.0738264e-001
 -4.9962833e-001
 -4.8680896e-001
 -4.7078107e-001
 -4.5285659e-001
 -4.3395665e-001
 -4.1490181e-001
 -3.9660278e-001
 -3.8001975e-001
 -3.6591862e-001
 -3.5458581e-001
 -3.4570254e-001
 -3.3850704e-001
 -3.3222502e-001
 -3.2659566e-001
 -3.2223865e-001
 -3.2064155e-001
 -3.2369138e-001
 -3.3287342e-001
 -3.4842942e-001
 -3.6883026e-001
 -3.9083588e-001
 -4.1021049e-001
 -4.2290673e-001
 -4.2632996e-001
 -4.2022658e-001
 -4.0684683e-001
 -3.9027789e-001
 -3.7514275e-001
 -3.6509988e-001
 -3.6166505e-001
 -3.6377492e-001
 -3.6825385e-001
 -3.7102572e-001
 -3.6864734e-001
 -3.5962653e-001
 -3.4506638e-001
 -3.2841734e-001
 -3.1443286e-001
 -3.0769704e-001
 -3.1122808e-001
 -3.2561505e-001
 -3.4894031e-001
 -3.7745655e-001
 -4.0673267e-001
 -4.3284829e-001
 -4.5324396e-001
 -4.6700223e-001
 -4.7456813e-001
 -4.7712210e-001
 -4.7591592e-001
 -4.7184421e-001
 -4.6537931e-001
 -4.5681519e-001
 -4.4662797e-001
 -4.3572124e-001
 -4.2539628e-001
 -4.1702933e-001
 -4.1158657e-001
 -4.0919402e-001
 -4.0896866e-001
 -4.0921505e-001
 -4.0794353e-001
 -4.0353415e-001
 -3.9530822e-001
 -3.8380033e-001
 -3.7063119e-001
 -3.5802356e-001
 -3.4812476e-001
 -3.4235815e-001
 -3.4100693e-001
 -3.4314705e-001
 -3.4692861e-001
 -3.5009648e-001
 -3.5057690e-001
 -3.4695444e-001
 -3.3871898e-001
 -3.2625238e-001
 -3.1061487e-001
 -2.9325118e-001
 -2.7574311e-001
 -2.5969096e-001
 -2.4672814e-001
 -2.3859598e-001
 -2.3716252e-001
 -2.4428168e-001
 -2.6145588e-001
 -2.8936236e-001
 -3.2739068e-001
 -3.7337664e-001
 -4.2368416e-001
 -4.7368522e-001
 -5.1855404e-001
 -5.5417280e-001
 -5.7789219e-001
 -5.8892266e-001
 -5.8824604e-001
 -5.7809024e-001
 -5.6114891e-001
 -5.3980363e-001
 -5.1559312e-001
 -4.8908114e-001
 -4.6013594e-001
 -4.2849852e-001
 -3.9442647e-001
 -3.5918010e-001
 -3.2516908e-001
 -2.9568122e-001
 -2.7424196e-001
 -2.6376692e-001
 -2.6574521e-001
 -2.7970384e-001
 -3.0314782e-001
 -3.3205143e-001
 -3.6181827e-001
 -3.8847213e-001
 -4.0973551e-001
 -4.2564251e-001
 -4.3843679e-001
 -4.5170763e-001
 -4.6896354e-001
 -4.9205437e-001
 -5.1995110e-001
 -5.4833272e-001
 -5.7021499e-001
 -5.7754567e-001
 -5.6338316e-001
 -5.2406754e-001
 -4.6075890e-001
 -3.7986853e-001
 -2.9220119e-001
 -2.1096987e-001
 -1.4913678e-001
 -1.1669622e-001
 -1.1851296e-001
 -1.5318190e-001
 -2.1313779e-001
 -2.8598526e-001
 -3.5679431e-001
 -4.1094516e-001
 -4.3701254e-001
 -4.2915110e-001
 -3.8848342e-001
 -3.2311505e-001
 -2.4662379e-001
 -1.7518717e-001
 -1.2387385e-001
 -1.0293671e-001
 -1.1508594e-001
 -1.5459330e-001
 -2.0865672e-001
 -2.6082228e-001
 -2.9559938e-001
 -3.0294437e-001
 -2.8122197e-001
 -2.3765277e-001
 -1.8602764e-001
 -1.4236828e-001
 -1.1992561e-001
 -1.2516213e-001
 -1.5604886e-001
 -2.0321380e-001
 -2.5348490e-001
 -2.9453547e-001
 -3.1897119e-001
 -3.2643109e-001
 -3.2302219e-001
 -3.1838902e-001
 -3.2157117e-001
 -3.3721437e-001
 -3.6353202e-001
 -3.9274276e-001
 -4.1379470e-001
 -4.1637006e-001
 -3.9473602e-001
 -3.5010406e-001
 -2.9072126e-001
 -2.2971637e-001
 -1.8146691e-001
 -1.5768563e-001
 -1.6442446e-001
 -2.0080163e-001
 -2.5964894e-001
 -3.2968058e-001
 -3.9840018e-001
 -4.5488032e-001
 -4.9174553e-001
 -5.0604282e-001
 -4.9904539e-001
 -4.7528475e-001
 -4.4119707e-001
 -4.0372547e-001
 -3.6910936e-001
 -3.4198313e-001
 -3.2483714e-001
 -3.1786256e-001
 -3.1918000e-001
 -3.2541451e-001
 -3.3252024e-001
 -3.3669507e-001
 -3.3519069e-001
 -3.2683924e-001
 -3.1218720e-001
 -2.9322818e-001
 -2.7282537e-001
 -2.5397989e-001
 -2.3911747e-001
 -2.2953880e-001
 -2.2512446e-001
 -2.2432883e-001
 -2.2445136e-001
 -2.2214071e-001
 -2.1406199e-001
 -1.9762977e-001
 -1.7167998e-001
 -1.3693339e-001
 -9.6110354e-002
 -5.3607889e-002
 -1.4746552e-002
  1.5282727e-002
  3.2530707e-002
  3.5164258e-002
  2.3839048e-002
  1.4323450e-003
 -2.7811501e-002
 -5.9473135e-002
 -9.0105098e-002
 -1.1794060e-001
 -1.4290519e-001
 -1.6591946e-001
 -1.8776102e-001
 -2.0795905e-001
 -2.2423278e-001
 -2.3281512e-001
 -2.2966695e-001
 -2.1220474e-001
 -1.8088631e-001
 -1.3996102e-001
 -9.6934136e-002
 -6.0754423e-002
 -3.9241564e-002
 -3.6621878e-002
 -5.2080151e-002
 -7.9921016e-002
 -1.1136611e-001
 -1.3740339e-001
 -1.5169118e-001
 -1.5247242e-001
 -1.4280693e-001
 -1.2905294e-001
 -1.1818808e-001
 -1.1499692e-001
 -1.2019366e-001
 -1.3017722e-001
 -1.3847613e-001
 -1.3828522e-001
 -1.2508468e-001
 -9.8325654e-002
 -6.1561646e-002
 -2.1037212e-002
  1.6646351e-002
  4.6829875e-002
  6.8163530e-002
  8.2571160e-002
  9.3939965e-002
  1.0618146e-001
  1.2153142e-001
  1.3980065e-001
  1.5883711e-001
  1.7591838e-001
  1.8939799e-001
  1.9984377e-001
  2.1015358e-001
  2.2459503e-001
  2.4718120e-001
  2.8006897e-001
  3.2263853e-001
  3.7161222e-001
  4.2213391e-001
  4.6934747e-001
  5.0983822e-001
  5.4239390e-001
  5.6784788e-001
  5.8815019e-001
  6.0511275e-001
  6.1937756e-001
  6.3003423e-001
