 -4.1242638e-002
 -7.1374108e-002
 -9.8038585e-002
 -1.2056025e-001
 -1.3899859e-001
 -1.5399656e-001
 -1.6634586e-001
 -1.7643746e-001
 -1.8383453e-001
 -1.8718351e-001
 -1.8456656e-001
 -1.7423190e-001
 -1.5547808e-001
 -1.2937707e-001
 -9.9040271e-002
 -6.9262214e-002
 -4.5579340e-002
 -3.2984603e-002
 -3.4670798e-002
 -5.1185571e-002
 -8.0262548e-002
 -1.1738507e-001
 -1.5691267e-001
 -1.9343241e-001
 -2.2294221e-001
 -2.4354457e-001
 -2.5549668e-001
 -2.6066654e-001
 -2.6161686e-001
 -2.6062900e-001
 -2.5896752e-001
 -2.5658737e-001
 -2.5233673e-001
 -2.4455795e-001
 -2.3187652e-001
 -2.1392146e-001
 -1.9174659e-001
 -1.6781165e-001
 -1.4551145e-001
 -1.2837657e-001
 -1.1917439e-001
 -1.1918130e-001
 -1.2785797e-001
 -1.4304384e-001
 -1.6162429e-001
 -1.8046560e-001
 -1.9731341e-001
 -2.1135171e-001
 -2.2322794e-001
 -2.3453475e-001
 -2.4693537e-001
 -2.6125553e-001
 -2.7688572e-001
 -2.9173120e-001
 -3.0274986e-001
 -3.0690138e-001
 -3.0217735e-001
 -2.8834852e-001
 -2.6716518e-001
 -2.4194212e-001
 -2.1667673e-001
 -1.9500723e-001
 -1.7936075e-001
 -1.7055601e-001
 -1.6794856e-001
 -1.7000657e-001
 -1.7505737e-001
 -1.8190154e-001
 -1.9006439e-001
 -1.9961237e-001
 -2.1064213e-001
 -2.2268528e-001
 -2.3431137e-001
 -2.4314298e-001
 -2.4634417e-001
 -2.4146134e-001
 -2.2734786e-001
 -2.0484293e-001
 -1.7692457e-001
 -1.4820540e-001
 -1.2384361e-001
 -1.0813973e-001
 -1.0321640e-001
 -1.0819101e-001
 -1.1913395e-001
 -1.2988794e-001
 -1.3356556e-001
 -1.2432459e-001
 -9.8916583e-002
 -5.7555227e-002
 -3.8487170e-003
  5.6175542e-002
  1.1564757e-001
  1.6854875e-001
  2.1102147e-001
  2.4193919e-001
  2.6263710e-001
  2.7597601e-001
  2.8510727e-001
  2.9236327e-001
  2.9860697e-001
  3.0318167e-001
  3.0438480e-001
  3.0022604e-001
  2.8917122e-001
  2.7062524e-001
  2.4503752e-001
  2.1366221e-001
  1.7811931e-001
  1.3994570e-001
  1.0029588e-001
  5.9874306e-002
  1.9091228e-002
 -2.1636460e-002
 -6.1551785e-002
 -9.9303950e-002
 -1.3286330e-001
 -1.5966044e-001
 -1.7696603e-001
 -1.8248112e-001
 -1.7505054e-001
 -1.5534789e-001
 -1.2632801e-001
 -9.3230362e-002
 -6.2972031e-002
 -4.2903837e-002
 -3.9100040e-002
 -5.4558501e-002
 -8.7831084e-002
 -1.3260964e-001
 -1.7861953e-001
 -2.1383468e-001
 -2.2760534e-001
 -2.1391223e-001
 -1.7377083e-001
 -1.1591057e-001
 -5.5262842e-002
 -9.4186256e-003
  6.1221863e-003
 -1.7386045e-002
 -7.8757711e-002
 -1.6624343e-001
 -2.5979412e-001
 -3.3571369e-001
 -3.7245771e-001
 -3.5597343e-001
 -2.8311337e-001
 -1.6224477e-001
 -1.1019973e-002
  1.4791514e-001
  2.9197745e-001
  4.0309027e-001
  4.7048231e-001
  4.9142270e-001
  4.7011848e-001
  4.1546194e-001
  3.3847064e-001
  2.5011710e-001
  1.5991507e-001
  7.5275818e-002
  1.4096965e-003
 -5.8512984e-002
 -1.0314115e-001
 -1.3271555e-001
 -1.4878094e-001
 -1.5377298e-001
 -1.5049204e-001
 -1.4158045e-001
 -1.2917383e-001
 -1.1485471e-001
 -9.9905181e-002
 -8.5699505e-002
 -7.3980770e-002
 -6.6790747e-002
 -6.5973352e-002
 -7.2390104e-002
 -8.5171695e-002
 -1.0138992e-001
 -1.1642545e-001
 -1.2505885e-001
 -1.2301865e-001
 -1.0849876e-001
 -8.3104665e-002
 -5.1834431e-002
 -2.2000719e-002
 -1.3513416e-003
  4.0771905e-003
 -8.2686680e-003
 -3.6604564e-002
 -7.5138626e-002
 -1.1549817e-001
 -1.4883580e-001
 -1.6800140e-001
 -1.6916011e-001
 -1.5242026e-001
 -1.2135073e-001
 -8.1615125e-002
 -3.9220232e-002
  1.0220360e-003
  3.6322123e-002
  6.5810812e-002
  8.9649263e-002
  1.0780758e-001
  1.1911557e-001
  1.2109947e-001
  1.1080623e-001
  8.6387310e-002
  4.8828503e-002
  3.0365873e-003
 -4.2373858e-002
 -7.6821437e-002
 -9.0665763e-002
 -7.8389670e-002
 -4.0911565e-002
  1.3951536e-002
  7.3282180e-002
  1.2273923e-001
  1.5099352e-001
  1.5341339e-001
  1.3363204e-001
  1.0229209e-001
  7.3241588e-002
  5.8404864e-002
  6.3116493e-002
  8.3652139e-002
  1.0799947e-001
  1.1980285e-001
  1.0426824e-001
  5.4042749e-002
 -2.7019936e-002
 -1.2366639e-001
 -2.1291218e-001
 -2.7054984e-001
 -2.7847292e-001
 -2.3046019e-001
 -1.3452659e-001
 -1.1053801e-002
  1.1271361e-001
  2.1005342e-001
  2.6171419e-001
  2.6032909e-001
  2.1110567e-001
  1.2886617e-001
  3.2683368e-002
 -5.9963046e-002
 -1.3760209e-001
 -1.9651659e-001
 -2.3960989e-001
 -2.7319932e-001
 -3.0317585e-001
 -3.3203102e-001
 -3.5776958e-001
 -3.7492371e-001
 -3.7708372e-001
 -3.5985056e-001
 -3.2305489e-001
 -2.7145057e-001
 -2.1370150e-001
 -1.6009318e-001
 -1.1979655e-001
 -9.8579566e-002
 -9.7621129e-002
 -1.1365937e-001
 -1.4027099e-001
 -1.6977709e-001
 -1.9517656e-001
 -2.1160877e-001
 -2.1706963e-001
 -2.1235163e-001
 -2.0037078e-001
 -1.8514340e-001
 -1.7068904e-001
 -1.6009057e-001
 -1.5487388e-001
 -1.5479626e-001
 -1.5805954e-001
 -1.6188715e-001
 -1.6332670e-001
 -1.6007555e-001
 -1.5110342e-001
 -1.3688513e-001
 -1.1916344e-001
 -1.0031156e-001
 -8.2507356e-002
 -6.7010547e-002
 -5.3808811e-002
 -4.1768005e-002
 -2.9227696e-002
 -1.4799819e-002
  1.9676239e-003
  2.0361046e-002
  3.8836837e-002
  5.5815023e-002
  7.0610763e-002
  8.4086562e-002
  9.8678803e-002
  1.1767687e-001
  1.4393366e-001
  1.7844715e-001
  2.1936481e-001
  2.6186774e-001
  2.9910944e-001
  3.2400968e-001
  3.3137414e-001
  3.1965269e-001
  2.9173069e-001
  2.5444778e-001
  2.1695376e-001
  1.8839312e-001
  1.7562374e-001
  1.8164620e-001
  2.0516703e-001
  2.4133640e-001
  2.8333081e-001
  3.2422008e-001
  3.5853624e-001
  3.8313946e-001
  3.9726917e-001
  4.0195964e-001
  3.9918050e-001
  3.9107888e-001
  3.7956464e-001
  3.6626818e-001
  3.5270938e-001
  3.4043123e-001
  3.3090241e-001
  3.2515033e-001
  3.2326917e-001
  3.2406707e-001
  3.2510896e-001
  3.2327075e-001
  3.1570275e-001
  3.0089662e-001
  2.7945441e-001
  2.5421965e-001
  2.2963749e-001
  2.1048785e-001
  2.0037788e-001
  2.0049184e-001
  2.0903162e-001
  2.2156033e-001
  2.3216484e-001
  2.3508606e-001
  2.2632080e-001
  2.0471911e-001
  1.7227145e-001
  1.3353406e-001
  9.4393822e-002
  6.0547734e-002
  3.6124975e-002
  2.2808749e-002
  1.9653187e-002
  2.3590251e-002
  3.0438037e-002
  3.6101276e-002
  3.7624611e-002
  3.3824112e-002
  2.5362772e-002
  1.4310128e-002
  3.3810701e-003
 -4.8670901e-003
 -8.6171615e-003
 -7.0052957e-003
  1.7847518e-005
  1.2009490e-002
  2.8302655e-002
  4.8029408e-002
  6.9859364e-002
  9.1601584e-002
  1.0995479e-001
  1.2070061e-001
  1.1949198e-001
  1.0313595e-001
  7.1006407e-002
  2.6063793e-002
 -2.5007846e-002
 -7.2797427e-002
 -1.0717426e-001
 -1.1980714e-001
 -1.0646133e-001
 -6.8346075e-002
 -1.2044462e-002
  5.2012612e-002
  1.1211389e-001
  1.5814216e-001
  1.8394097e-001
  1.8853795e-001
  1.7595545e-001
  1.5376299e-001
  1.3086756e-001
  1.1519986e-001
  1.1190726e-001
  1.2245180e-001
  1.4471888e-001
  1.7396866e-001
  2.0427879e-001
  2.3006636e-001
  2.4732845e-001
  2.5436503e-001
  2.5189978e-001
  2.4265225e-001
  2.3051638e-001
  2.1955652e-001
  2.1304543e-001
  2.1274407e-001
  2.1856750e-001
  2.2869915e-001
  2.4011921e-001
  2.4941676e-001
  2.5368181e-001
  2.5124610e-001
  2.4207327e-001
  2.2768999e-001
  2.1067853e-001
  1.9388160e-001
  1.7956188e-001
  1.6877931e-001
  1.6118824e-001
  1.5532964e-001
  1.4933800e-001
  1.4184544e-001
  1.3279029e-001
  1.2384771e-001
  1.1829662e-001
  1.2029494e-001
  1.3371302e-001
  1.6082389e-001
  2.0122597e-001
  2.5135090e-001
  3.0478196e-001
  3.5340112e-001
  3.8914353e-001
  4.0593439e-001
  4.0128052e-001
  3.7703385e-001
  3.3904297e-001
  2.9571748e-001
  2.5586172e-001
  2.2638299e-001
  2.1055234e-001
  2.0735500e-001
  2.1214285e-001
  2.1839171e-001
  2.2000644e-001
  2.1343214e-001
  1.9888758e-001
  1.8032430e-001
  1.6413552e-001
  1.5705145e-001
  1.6392148e-001
  1.8610965e-001
  2.2101332e-001
  2.6283149e-001
  3.0429432e-001
  3.3875912e-001
  3.6198216e-001
  3.7301610e-001
  3.7400334e-001
  3.6901925e-001
  3.6243148e-001
  3.5737562e-001
  3.5486464e-001
  3.5378812e-001
  3.5171787e-001
  3.4614626e-001
  3.3564528e-001
  3.2049408e-001
  3.0255053e-001
  2.8444842e-001
  2.6846753e-001
  2.5555063e-001
  2.4488308e-001
  2.3423292e-001
  2.2095346e-001
  2.0328889e-001
  1.8148935e-001
  1.5828544e-001
  1.3847677e-001
  1.2768533e-001
  1.3061305e-001
  1.4932900e-001
  1.8213574e-001
  2.2341743e-001
  2.6459714e-001
  2.9600865e-001
  3.0921143e-001
  2.9912963e-001
  2.6542132e-001
  2.1268154e-001
  1.4939897e-001
  8.5932194e-002
  3.2046709e-002
 -5.3250102e-003
 -2.3509481e-002
 -2.4355086e-002
 -1.3320828e-002
  2.2912724e-003
  1.5423032e-002
  2.1080826e-002
  1.7431486e-002
  5.9632367e-003
 -9.2161804e-003
 -2.2646962e-002
 -2.8947500e-002
 -2.4034121e-002
 -5.8897335e-003
  2.5185044e-002
  6.6755681e-002
  1.1471206e-001
  1.6384583e-001
  2.0845540e-001
  2.4296520e-001
  2.6259166e-001
  2.6407428e-001
  2.4641918e-001
  2.1150758e-001
  1.6435269e-001
  1.1279231e-001
  6.6502604e-002
  3.5396035e-002
  2.7671569e-002
  4.7945663e-002
  9.5943465e-002
  1.6613784e-001
  2.4850600e-001
  3.3029138e-001
  3.9839925e-001
  4.4189689e-001
  4.5407749e-001
  4.3367249e-001
  3.8501019e-001
  3.1714866e-001
  2.4219780e-001
  1.7315806e-001
  1.2164476e-001
  9.5857913e-002
  9.9119728e-002
  1.2923839e-001
  1.7885767e-001
  2.3680250e-001
  2.9023674e-001
  3.2724577e-001
  3.3930500e-001
  3.2306110e-001
  2.8097601e-001
  2.2065189e-001
  1.5300067e-001
  8.9739229e-002
  4.0873268e-002
  1.2817259e-002
  7.5849213e-003
  2.3148452e-002
  5.4718291e-002
  9.6452963e-002
  1.4304266e-001
  1.9072695e-001
  2.3754963e-001
  2.8292729e-001
  3.2681887e-001
  3.6886937e-001
  4.0785194e-001
  4.4158577e-001
  4.6732476e-001
  4.8245934e-001
  4.8529210e-001
  4.7564935e-001
  4.5515762e-001
  4.2711496e-001
  3.9598884e-001
  3.6665187e-001
  3.4351354e-001
  3.2972134e-001
  3.2659005e-001
  3.3337975e-001
  3.4748211e-001
  3.6499716e-001
  3.8159841e-001
  3.9351128e-001
  3.9838771e-001
  3.9586652e-001
  3.8767065e-001
  3.7719878e-001
  3.6869500e-001
  3.6619295e-001
  3.7249565e-001
  3.8844996e-001
  4.1270113e-001
  4.4198704e-001
  4.7188749e-001
  4.9782234e-001
  5.1603027e-001
  5.2427647e-001
  5.2212950e-001
  5.1078527e-001
  4.9255338e-001
  4.7021066e-001
  4.4643603e-001
  4.2346904e-001
  4.0301269e-001
  3.8628311e-001
  3.7404964e-001
  3.6653747e-001
  3.6317230e-001
  3.6228264e-001
  3.6097148e-001
  3.5536749e-001
  3.4134890e-001
  3.1563611e-001
  2.7694995e-001
  2.2682177e-001
  1.6968310e-001
  1.1206253e-001
  6.1017219e-002
  2.2220187e-002
 -1.7016876e-003
 -1.2006809e-002
 -1.3511508e-002
 -1.3119313e-002
 -1.7613996e-002
 -3.1391428e-002
 -5.4859231e-002
 -8.4046514e-002
 -1.1159385e-001
 -1.2885601e-001
 -1.2849068e-001
 -1.0674558e-001
 -6.4747403e-002
 -8.4093275e-003
  5.2995532e-002
  1.0914208e-001
  1.5114200e-001
  1.7349772e-001
  1.7501739e-001
  1.5854244e-001
  1.2970975e-001
  9.5232568e-002
  6.1258360e-002
  3.2244541e-002
  1.0547740e-002
 -3.3472912e-003
 -1.0225736e-002
 -1.1490606e-002
 -8.7032660e-003
 -3.3974264e-003
  2.9148492e-003
  8.7166166e-003
  1.2594089e-002
  1.3528149e-002
  1.1279543e-002
  6.6780379e-003
  1.6179301e-003
 -1.3418754e-003
  2.8879947e-004
  8.0898012e-003
  2.2094983e-002
  4.0644246e-002
  6.0850505e-002
  7.9581421e-002
  9.4638600e-002
  1.0569704e-001
  1.1460308e-001
  1.2482455e-001
  1.4014712e-001
  1.6301405e-001
  1.9310000e-001
  2.2670559e-001
  2.5733627e-001
  2.7744165e-001
  2.8086287e-001
  2.6521834e-001
  2.3338057e-001
  1.9341423e-001
  1.5680990e-001
  1.3541774e-001
  1.3796572e-001
  1.6726095e-001
  2.1902367e-001
  2.8282033e-001
  3.4489412e-001
  3.9206219e-001
  4.1547602e-001
  4.1306118e-001
  3.8986563e-001
  3.5621588e-001
  3.2428403e-001
  3.0416949e-001
  3.0073476e-001
  3.1216723e-001
  3.3066803e-001
  3.4499067e-001
  3.4399122e-001
  3.2008075e-001
  2.7156044e-001
  2.0321341e-001
  1.2507948e-001
  4.9860924e-002
 -1.0255364e-002
 -4.6498892e-002
 -5.5449230e-002
 -3.9634883e-002
 -6.7864963e-003
  3.1977716e-002
  6.4587276e-002
  8.0577769e-002
  7.3308262e-002
  4.1453840e-002
 -1.0504562e-002
 -7.2936452e-002
 -1.3283333e-001
 -1.7645147e-001
 -1.9235909e-001
 -1.7424803e-001
 -1.2281727e-001
 -4.6157706e-002
  4.1627303e-002
  1.2339791e-001
  1.8292896e-001
  2.0887979e-001
  1.9772876e-001
  1.5482017e-001
  9.3143670e-002
  3.0088150e-002
 -1.6996121e-002
 -3.5220004e-002
 -1.9331035e-002
  2.7240716e-002
  9.3723272e-002
  1.6527583e-001
  2.2717064e-001
  2.6861589e-001
  2.8511077e-001
  2.7873031e-001
  2.5641818e-001
  2.2699313e-001
  1.9794270e-001
  1.7307487e-001
  1.5174134e-001
  1.2977339e-001
  1.0168489e-001
  6.3296690e-002
  1.3843461e-002
 -4.3149484e-002
 -1.0048464e-001
 -1.4916688e-001
 -1.8090353e-001
 -1.9043816e-001
 -1.7702477e-001
 -1.4465079e-001
 -1.0100662e-001
 -5.5548091e-002
 -1.7211287e-002
  7.6254559e-003
  1.6458766e-002
  1.1003627e-002
 -3.4428022e-003
 -1.9408417e-002
 -2.9071067e-002
 -2.6085555e-002
 -7.0161046e-003
  2.7930728e-002
  7.5026391e-002
  1.2795790e-001
  1.7935298e-001
  2.2251187e-001
  2.5290273e-001
  2.6903568e-001
  2.7250309e-001
  2.6721659e-001
  2.5810850e-001
  2.4971618e-001
  2.4507995e-001
  2.4525294e-001
  2.4949587e-001
  2.5599323e-001
  2.6276806e-001
  2.6844205e-001
  2.7259042e-001
  2.7562627e-001
  2.7834033e-001
  2.8134427e-001
  2.8467824e-001
  2.8774939e-001
  2.8961474e-001
  2.8947200e-001
  2.8713519e-001
  2.8327603e-001
  2.7930251e-001
  2.7688579e-001
  2.7728590e-001
  2.8071709e-001
  2.8600445e-001
  2.9070737e-001
  2.9174194e-001
  2.8636346e-001
  2.7322536e-001
  2.5316264e-001
  2.2939003e-001
  2.0695855e-001
  1.9154174e-001
  1.8785524e-001
  1.9817000e-001
  2.2139587e-001
  2.5306903e-001
  2.8630992e-001
  3.1351221e-001
  3.2828294e-001
  3.2706442e-001
  3.0996508e-001
  2.8057669e-001
  2.4487457e-001
  2.0957525e-001
  1.8047113e-001
  1.6123025e-001
  1.5296070e-001
  1.5456512e-001
  1.6364857e-001
  1.7758121e-001
  1.9430695e-001
  2.1262652e-001
  2.3191520e-001
  2.5147476e-001
  2.6987605e-001
  2.8466330e-001
  2.9265173e-001
  2.9080501e-001
  2.7741787e-001
  2.5315289e-001
  2.2146712e-001
  1.8813248e-001
  1.5985681e-001
  1.4235028e-001
  1.3843176e-001
  1.4683443e-001
  1.6220915e-001
  1.7647448e-001
  1.8122618e-001
  1.7053628e-001
  1.4327325e-001
  1.0414001e-001
  6.2956372e-002
  3.2223352e-002
  2.3553590e-002
  4.3964943e-002
  9.3174045e-002
  1.6282412e-001
  2.3806899e-001
  3.0124440e-001
  3.3668999e-001
  3.3535341e-001
  2.9777296e-001
  2.3444053e-001
  1.6329831e-001
  1.0499750e-001
  7.7266551e-002
  9.0049998e-002
  1.4286540e-001
  2.2513887e-001
  3.1934409e-001
  4.0590269e-001
  4.6830218e-001
  4.9691710e-001
  4.9054790e-001
  4.5551132e-001
  4.0291416e-001
  3.4523747e-001
  2.9339636e-001
  2.5505675e-001
  2.3437719e-001
  2.3276774e-001
  2.4994634e-001
  2.8462327e-001
  3.3449482e-001
  3.9569312e-001
  4.6219734e-001
  5.2580083e-001
  5.7701078e-001
  6.0683348e-001
  6.0895760e-001
  5.8158725e-001
  5.2821482e-001
  4.5695534e-001
  3.7856266e-001
  3.0371775e-001
  2.4044040e-001
  1.9242851e-001
  1.5879759e-001
  1.3520686e-001
  1.1590099e-001
  9.5930346e-002
  7.2820336e-002
  4.7216839e-002
  2.2425821e-002
  3.1375541e-003
 -6.1500104e-003
 -2.4782039e-003
  1.4819213e-002
  4.4062448e-002
  8.1737852e-002
  1.2330606e-001
  1.6403161e-001
  1.9965525e-001
  2.2685850e-001
  2.4356360e-001
  2.4913175e-001
  2.4447561e-001
  2.3202981e-001
  2.1548157e-001
  1.9918935e-001
  1.8731650e-001
  1.8284021e-001
  1.8670541e-001
  1.9741864e-001
  2.1128737e-001
  2.2332247e-001
  2.2859279e-001
  2.2363701e-001
  2.0747518e-001
  1.8185982e-001
  1.5064369e-001
  1.1844291e-001
  8.9032324e-002
  6.4025991e-002
  4.2318148e-002
  2.0506950e-002
 -5.8192292e-003
 -4.0363053e-002
 -8.4560525e-002
 -1.3673231e-001
 -1.9225121e-001
 -2.4468177e-001
 -2.8751172e-001
 -3.1589362e-001
 -3.2781951e-001
 -3.2435799e-001
 -3.0891721e-001
 -2.8583759e-001
 -2.5884491e-001
 -2.2992724e-001
 -1.9903011e-001
 -1.6465558e-001
 -1.2511538e-001
 -7.9946655e-002
 -3.0935596e-002
  1.7669591e-002
  5.9891651e-002
  8.9508726e-002
  1.0183525e-001
  9.5238755e-002
  7.1911506e-002
  3.7646307e-002
  6.6591260e-004
 -3.0172367e-002
 -4.7311809e-002
 -4.6071012e-002
 -2.5482538e-002
  1.1764562e-002
  6.0200164e-002
  1.1299331e-001
  1.6353783e-001
  2.0682155e-001
  2.4028587e-001
  2.6402782e-001
  2.8035859e-001
  2.9287333e-001
  3.0528250e-001
  3.2029276e-001
  3.3880517e-001
  3.5962478e-001
  3.7975991e-001
  3.9524747e-001
  4.0230004e-001
  3.9846491e-001
  3.8345353e-001
  3.5936601e-001
  3.3019724e-001
  3.0073267e-001
  2.7515349e-001
  2.5579667e-001
  2.4249649e-001
  2.3276066e-001
  2.2275256e-001
  2.0875841e-001
  1.8862281e-001
  1.6262394e-001
  1.3344757e-001
  1.0524991e-001
  8.2151135e-002
  6.6736561e-002
  5.9158254e-002
  5.7208069e-002
  5.7349961e-002
  5.6304340e-002
  5.2533415e-002
  4.6993604e-002
  4.2805523e-002
  4.3936998e-002
  5.3419401e-002
  7.1840544e-002
  9.6774242e-002
  1.2343901e-001
  1.4637090e-001
  1.6145862e-001
  1.6751030e-001
  1.6668559e-001
  1.6357393e-001
  1.6325032e-001
  1.6906710e-001
  1.8106542e-001
  1.9566072e-001
  2.0676301e-001
  2.0793522e-001
  1.9479160e-001
  1.6675024e-001
  1.2750379e-001
  8.4056664e-002
  4.4699821e-002
  1.6656872e-002
  4.2094682e-003
  7.8843594e-003
  2.4863743e-002
  5.0335621e-002
  7.9199849e-002
  1.0748844e-001
  1.3304452e-001
  1.5533979e-001
  1.7465383e-001
  1.9106006e-001
  2.0369203e-001
  2.1060946e-001
  2.0932341e-001
  1.9777943e-001
  1.7542910e-001
  1.4399108e-001
  1.0760623e-001
  7.2281245e-002
  4.4726027e-002
  3.0863915e-002
  3.4391089e-002
  5.5765249e-002
  9.1916274e-002
  1.3680961e-001
  1.8278592e-001
  2.2238997e-001
  2.5023922e-001
  2.6442090e-001
  2.6698198e-001
  2.6329307e-001
  2.6038243e-001
  2.6466547e-001
  2.7973028e-001
  3.0489012e-001
  3.3503452e-001
  3.6193631e-001
  3.7670724e-001
  3.7269127e-001
  3.4788527e-001
  3.0606776e-001
  2.5618685e-001
  2.1010102e-001
  1.7930509e-001
  1.7162648e-001
  1.8891747e-001
  2.2647347e-001
  2.7436904e-001
  3.2029860e-001
  3.5304086e-001
  3.6548924e-001
  3.5636050e-001
  3.3014197e-001
  2.9540723e-001
  2.6212240e-001
  2.3882391e-001
  2.3050340e-001
  2.3772808e-001
  2.5708390e-001
  2.8261710e-001
  3.0770144e-001
  3.2673411e-001
  3.3623482e-001
  3.3519401e-001
  3.2477226e-001
  3.0760520e-001
  2.8698837e-001
  2.6613675e-001
  2.4760359e-001
  2.3286710e-001
  2.2208259e-001
  2.1403430e-001
  2.0635560e-001
  1.9606826e-001
  1.8040206e-001
  1.5772141e-001
  1.2827169e-001
  9.4435202e-002
  6.0294847e-002
  3.0527572e-002
  8.9133392e-003
 -3.0550833e-003
 -6.9363339e-003
 -7.1132501e-003
 -9.5322276e-003
 -1.9747372e-002
 -4.0903380e-002
 -7.2379041e-002
 -1.0963892e-001
 -1.4544599e-001
 -1.7210319e-001
 -1.8399314e-001
 -1.7952850e-001
 -1.6178746e-001
 -1.3754718e-001
 -1.1499614e-001
 -1.0089821e-001
 -9.8209548e-002
 -1.0501929e-001
 -1.1523019e-001
 -1.2077498e-001
 -1.1460185e-001
 -9.3367988e-002
 -5.8865695e-002
 -1.7647221e-002
  2.1046574e-002
  4.8342282e-002
  5.8710369e-002
  5.1825530e-002
  3.2671776e-002
  9.8739235e-003
 -7.1439692e-003
 -1.1177891e-002
  5.8767157e-004
  2.5958830e-002
  5.8787940e-002
  9.1243450e-002
  1.1643163e-001
  1.3043721e-001
  1.3312024e-001
  1.2750208e-001
  1.1809891e-001
  1.0891920e-001
  1.0190615e-001
  9.6371956e-002
  8.9544754e-002
  7.7910372e-002
  5.8749451e-002
  3.1247792e-002
 -3.2159106e-003
 -4.1632783e-002
 -8.0453904e-002
 -1.1669427e-001
 -1.4857677e-001
 -1.7548437e-001
 -1.9732191e-001
 -2.1366735e-001
 -2.2319630e-001
 -2.2374769e-001
 -2.1311041e-001
 -1.9026984e-001
 -1.5660469e-001
 -1.1647589e-001
 -7.6830417e-002
 -4.5790343e-002
 -3.0579080e-002
 -3.5406607e-002
 -5.9989025e-002
 -9.9195194e-002
 -1.4396424e-001
 -1.8325155e-001
 -2.0647285e-001
 -2.0581555e-001
 -1.7788476e-001
 -1.2438785e-001
 -5.1832657e-002
  2.9573719e-002
  1.0753916e-001
  1.6953267e-001
  2.0464060e-001
  2.0526284e-001
  1.6848436e-001
  9.6923417e-002
 -1.1716572e-003
 -1.1276974e-001
 -2.2190252e-001
 -3.1232950e-001
 -3.7057857e-001
 -3.8871649e-001
 -3.6615955e-001
 -3.0999354e-001
 -2.3361383e-001
 -1.5392693e-001
 -8.7744219e-002
 -4.8221886e-002
 -4.2188211e-002
 -6.8956206e-002
 -1.2082684e-001
 -1.8506675e-001
 -2.4681375e-001
 -2.9220198e-001
 -3.1102436e-001
 -2.9842839e-001
 -2.5540375e-001
 -1.8809571e-001
 -1.0620991e-001
 -2.0926827e-002
  5.7198093e-002
  1.1991431e-001
  1.6223418e-001
  1.8256682e-001
  1.8214689e-001
  1.6405984e-001
  1.3224779e-001
  9.0828589e-002
  4.3886120e-002
 -4.3448823e-003
 -4.9176527e-002
 -8.5402665e-002
 -1.0773692e-001
 -1.1179115e-001
 -9.5353111e-002
 -5.9513016e-002
 -9.1477254e-003
  4.7567917e-002
  1.0063966e-001
  1.4038823e-001
  1.5965202e-001
  1.5541592e-001
  1.2939274e-001
  8.7414879e-002
  3.7864703e-002
 -1.0350677e-002
 -4.9684596e-002
 -7.5214781e-002
 -8.5064580e-002
 -8.0056420e-002
 -6.2894351e-002
 -3.7248915e-002
 -7.0414074e-003
  2.3950932e-002
  5.2235729e-002
  7.4677968e-002
  8.8692997e-002
  9.2642726e-002
  8.6355732e-002
  7.1551782e-002
  5.1902574e-002
  3.2537055e-002
  1.8983544e-002
  1.5767488e-002
  2.5063731e-002
  4.5856335e-002
  7.3949744e-002
  1.0292560e-001
  1.2582980e-001
  1.3711418e-001
  1.3424646e-001
  1.1848866e-001
  9.4606159e-002
  6.9612825e-002
  5.0959198e-002
  4.4718111e-002
  5.4268036e-002
  7.9751648e-002
  1.1829758e-001
  1.6476122e-001
  2.1265608e-001
  2.5502526e-001
  2.8517737e-001
  2.9737071e-001
  2.8757345e-001
  2.5432276e-001
  1.9950687e-001
  1.2871948e-001
  5.0811029e-002
 -2.3552406e-002
 -8.4153373e-002
 -1.2375033e-001
 -1.4006262e-001
 -1.3645099e-001
 -1.2089529e-001
 -1.0345096e-001
 -9.2952024e-002
 -9.4082906e-002
 -1.0589781e-001
 -1.2240399e-001
 -1.3508879e-001
 -1.3652663e-001
 -1.2373829e-001
 -9.9989865e-002
 -7.4235406e-002
 -5.8257692e-002
 -6.2438096e-002
 -9.1658250e-002
 -1.4287070e-001
 -2.0533545e-001
 -2.6358191e-001
 -3.0215583e-001
 -3.1051986e-001
 -2.8636454e-001
 -2.3611626e-001
 -1.7242697e-001
 -1.0954051e-001
 -5.8242734e-002
 -2.2300949e-002
  2.2163648e-003
  2.4412781e-002
  5.3742160e-002
  9.4757553e-002
  1.4358835e-001
  1.8778290e-001
  2.0996572e-001
  1.9430442e-001
  1.3359018e-001
  3.4269929e-002
 -8.2742117e-002
 -1.8631441e-001
 -2.4350065e-001
 -2.2962777e-001
 -1.3680793e-001
  2.2084464e-002
  2.1557837e-001
  4.0154644e-001
  5.3862138e-001
  5.9757938e-001
  5.6913462e-001
  4.6574176e-001
  3.1696933e-001
  1.6010378e-001
  2.9143187e-002
 -5.4270570e-002
 -8.5260876e-002
 -7.4464314e-002
 -4.2084437e-002
 -9.7341729e-003
  6.9011842e-003
  2.1073227e-003
 -2.0180701e-002
 -5.0446537e-002
 -7.9439363e-002
 -1.0329377e-001
 -1.2584218e-001
 -1.5722313e-001
 -2.0936265e-001
 -2.9011887e-001
 -3.9839763e-001
 -5.2220204e-001
 -6.4051974e-001
 -7.2857534e-001
 -7.6477935e-001
 -7.3710752e-001
 -6.4683860e-001
 -5.0847528e-001
 -3.4593906e-001
 -1.8631918e-001
 -5.3167656e-002
  3.8649629e-002
  8.5176688e-002
  9.2339230e-002
  7.2401915e-002
  3.9374223e-002
  4.9955467e-003
 -2.3474256e-002
 -4.3225806e-002
 -5.4077157e-002
 -5.5947177e-002
 -4.6909335e-002
 -2.2796394e-002
  2.1368508e-002
  8.8653672e-002
  1.7737794e-001
  2.7949671e-001
  3.8121073e-001
  4.6599782e-001
  5.1930412e-001
  5.3336175e-001
  5.1034664e-001
  4.6250621e-001
  4.0887735e-001
  3.6945261e-001
  3.5867683e-001
  3.8055181e-001
  4.2718676e-001
  4.8146488e-001
  5.2300445e-001
  5.3533569e-001
  5.1169266e-001
  4.5726985e-001
  3.8708112e-001
  3.2021090e-001
  2.7263172e-001
  2.5133065e-001
  2.5200185e-001
  2.6119649e-001
  2.6209606e-001
  2.4166377e-001
  1.9638207e-001
  1.3431902e-001
  7.2674035e-002
  3.1685431e-002
  2.7170621e-002
  6.4485694e-002
  1.3615331e-001
  2.2403874e-001
  3.0528516e-001
  3.5987596e-001
  3.7715431e-001
  3.5906274e-001
  3.1907250e-001
  2.7729265e-001
  2.5353687e-001
  2.6074842e-001
  3.0096536e-001
  3.6506688e-001
  4.3623198e-001
  4.9581653e-001
  5.2961041e-001
  5.3239225e-001
  5.0933428e-001
  4.7388994e-001
  4.4295617e-001
  4.3096583e-001
  4.4486775e-001
  4.8161407e-001
  5.2892650e-001
  5.6904287e-001
  5.8420488e-001
  5.6213575e-001
  4.9982088e-001
  4.0450118e-001
  2.9169844e-001
  1.8100435e-001
  9.0984801e-002
  3.4700698e-002
  1.7018377e-002
  3.4230962e-002
  7.5785874e-002
  1.2735915e-001
  1.7428878e-001
  2.0449309e-001
  2.1034706e-001
  1.8939407e-001
  1.4407548e-001
  8.0785907e-002
  8.5295661e-003
 -6.2644931e-002
 -1.2331414e-001
 -1.6630309e-001
 -1.8800830e-001
 -1.8908035e-001
 -1.7415784e-001
 -1.5054792e-001
 -1.2608618e-001
 -1.0675955e-001
 -9.4877611e-002
 -8.8505874e-002
 -8.2503304e-002
 -7.0939059e-002
 -5.0100410e-002
 -2.0972093e-002
  9.8746022e-003
  3.1575189e-002
  3.2294668e-002
  3.6562355e-003
 -5.5164623e-002
 -1.3518231e-001
 -2.1823247e-001
 -2.8070542e-001
 -2.9961619e-001
 -2.5943248e-001
 -1.5769438e-001
 -7.6335417e-003
  1.6328779e-001
  3.1892310e-001
  4.2292425e-001
  4.4809259e-001
  3.8411888e-001
  2.4147998e-001
  5.0153194e-002
 -1.4685027e-001
 -3.0368719e-001
 -3.8303971e-001
 -3.6558262e-001
 -2.5491073e-001
 -7.6471806e-002
  1.2927110e-001
  3.1755696e-001
  4.5089448e-001
  5.0821298e-001
  4.8908104e-001
  4.1198954e-001
  3.0748696e-001
  2.0845411e-001
  1.4054492e-001
  1.1559107e-001
  1.2968649e-001
  1.6612349e-001
  2.0186389e-001
  2.1526579e-001
  1.9261315e-001
  1.3159801e-001
  4.1022977e-002
 -6.2779421e-002
 -1.6136934e-001
 -2.3962774e-001
 -2.8956785e-001
 -3.1159287e-001
 -3.1315014e-001
 -3.0552105e-001
 -2.9994747e-001
 -3.0432963e-001
 -3.2138651e-001
 -3.4860614e-001
 -3.7973458e-001
 -4.0713776e-001
 -4.2421927e-001
 -4.2719131e-001
 -4.1579653e-001
 -3.9294242e-001
 -3.6352062e-001
 -3.3286273e-001
 -3.0530887e-001
 -2.8325952e-001
 -2.6689957e-001
 -2.5458283e-001
 -2.4369599e-001
 -2.3171278e-001
 -2.1711972e-001
 -1.9994426e-001
 -1.8173645e-001
 -1.6501945e-001
 -1.5239247e-001
 -1.4559202e-001
 -1.4484735e-001
 -1.4878175e-001
 -1.5492792e-001
 -1.6069974e-001
 -1.6447540e-001
 -1.6637495e-001
 -1.6839948e-001
 -1.7381936e-001
 -1.8598052e-001
 -2.0693323e-001
 -2.3638227e-001
 -2.7136562e-001
 -3.0681982e-001
 -3.3687381e-001
 -3.5645012e-001
 -3.6264159e-001
 -3.5541529e-001
 -3.3743872e-001
 -3.1313229e-001
 -2.8731090e-001
 -2.6389384e-001
 -2.4509976e-001
 -2.3133782e-001
 -2.2173948e-001
 -2.1505165e-001
 -2.1050867e-001
 -2.0834788e-001
 -2.0980013e-001
 -2.1660284e-001
 -2.3026235e-001
 -2.5137067e-001
 -2.7923837e-001
 -3.1196562e-001
 -3.4689887e-001
 -3.8128077e-001
 -4.1284567e-001
 -4.4015653e-001
 -4.6259667e-001
 -4.8006887e-001
 -4.9256142e-001
 -4.9977676e-001
 -5.0097866e-001
 -4.9512036e-001
 -4.8120957e-001
 -4.5878567e-001
 -4.2835312e-001
 -3.9163511e-001
 -3.5156591e-001
 -3.1200856e-001
 -2.7724485e-001
 -2.5132947e-001
 -2.3742584e-001
 -2.3725006e-001
 -2.5073981e-001
 -2.7603438e-001
 -3.0979807e-001
 -3.4784612e-001
 -3.8595517e-001
 -4.2067947e-001
 -4.4997281e-001
 -4.7344764e-001
 -4.9218567e-001
 -5.0813150e-001
 -5.2322145e-001
 -5.3848952e-001
 -5.5342148e-001
 -5.6578042e-001
 -5.7200712e-001
 -5.6813304e-001
 -5.5097836e-001
 -5.1929411e-001
 -4.7449068e-001
 -4.2069064e-001
 -3.6403250e-001
 -3.1137934e-001
 -2.6877849e-001
 -2.4010913e-001
 -2.2631036e-001
 -2.2541167e-001
 -2.3334529e-001
 -2.4528326e-001
 -2.5708575e-001
 -2.6642089e-001
 -2.7322592e-001
 -2.7939012e-001
 -2.8778472e-001
 -3.0096955e-001
 -3.2000575e-001
 -3.4376979e-001
 -3.6900446e-001
 -3.9110828e-001
 -4.0542837e-001
 -4.0865902e-001
 -3.9991016e-001
 -3.8110909e-001
 -3.5660337e-001
 -3.3207635e-001
 -3.1309363e-001
 -3.0370486e-001
 -3.0550011e-001
 -3.1737475e-001
 -3.3603824e-001
 -3.5708016e-001
 -3.7624877e-001
 -3.9055103e-001
 -3.9886012e-001
 -4.0188845e-001
 -4.0159374e-001
 -4.0026248e-001
 -3.9960288e-001
 -4.0015315e-001
 -4.0118360e-001
 -4.0109319e-001
 -3.9813267e-001
 -3.9118581e-001
 -3.8033351e-001
 -3.6700977e-001
 -3.5369907e-001
 -3.4327302e-001
 -3.3817485e-001
 -3.3970291e-001
 -3.4761097e-001
 -3.6014747e-001
 -3.7452633e-001
 -3.8769526e-001
 -3.9717784e-001
 -4.0174028e-001
 -4.0168090e-001
 -3.9865279e-001
 -3.9507496e-001
 -3.9332206e-001
 -3.9496014e-001
 -4.0028497e-001
 -4.0831692e-001
 -4.1724370e-001
 -4.2513746e-001
 -4.3066798e-001
 -4.3353484e-001
 -4.3445139e-001
 -4.3469416e-001
 -4.3541051e-001
 -4.3698292e-001
 -4.3873339e-001
 -4.3911714e-001
 -4.3635455e-001
 -4.2926244e-001
 -4.1795039e-001
 -4.0408586e-001
 -3.9059266e-001
 -3.8086746e-001
 -3.7779210e-001
 -3.8290539e-001
 -3.9604302e-001
 -4.1557660e-001
 -4.3915336e-001
 -4.6464463e-001
 -4.9092953e-001
 -5.1820032e-001
 -5.4765542e-001
 -5.8067765e-001
 -6.1779361e-001
 -6.5780402e-001
 -6.9743000e-001
 -7.3165312e-001
 -7.5469526e-001
 -7.6136707e-001
 -7.4838612e-001
 -7.1526987e-001
 -6.6454224e-001
 -6.0120994e-001
 -5.3168980e-001
 -4.6252647e-001
 -3.9927743e-001
 -3.4585294e-001
 -3.0441774e-001
 -2.7575836e-001
 -2.5986887e-001
 -2.5646078e-001
 -2.6517249e-001
 -2.8540681e-001
 -3.1590040e-001
 -3.5425640e-001
 -3.9670406e-001
 -4.3827461e-001
 -4.7343243e-001
 -4.9703159e-001
 -5.0534212e-001
 -4.9685255e-001
 -4.7261361e-001
 -4.3602027e-001
 -3.9208687e-001
 -3.4640410e-001
 -3.0404032e-001
 -2.6864858e-001
 -2.4197539e-001
 -2.2385900e-001
 -2.1268483e-001
 -2.0615731e-001
 -2.0217377e-001
 -1.9956041e-001
 -1.9846196e-001
 -2.0026442e-001
 -2.0705880e-001
 -2.2079408e-001
 -2.4237716e-001
 -2.7101593e-001
 -3.0404454e-001
 -3.3732552e-001
 -3.6613367e-001
 -3.8625760e-001
 -3.9497195e-001
 -3.9157336e-001
 -3.7732763e-001
 -3.5488729e-001
 -3.2742727e-001
 -2.9783469e-001
 -2.6824248e-001
 -2.4003349e-001
 -2.1423025e-001
 -1.9201475e-001
 -1.7506487e-001
 -1.6547615e-001
 -1.6522669e-001
 -1.7536162e-001
 -1.9522912e-001
 -2.2212324e-001
 -2.5156373e-001
 -2.7821131e-001
 -2.9716826e-001
 -3.0524496e-001
 -3.0175617e-001
 -2.8855847e-001
 -2.6930288e-001
 -2.4815754e-001
 -2.2844702e-001
 -2.1168321e-001
 -1.9731479e-001
 -1.8325413e-001
 -1.6695571e-001
 -1.4662776e-001
 -1.2213100e-001
 -9.5258954e-002
 -6.9341299e-002
 -4.8361001e-002
 -3.5930370e-002
 -3.4476387e-002
 -4.4855362e-002
 -6.6419286e-002
 -9.7382405e-002
 -1.3525788e-001
 -1.7717282e-001
 -2.1999195e-001
 -2.6031737e-001
 -2.9451559e-001
 -3.1891551e-001
 -3.3023287e-001
 -3.2615269e-001
 -3.0590442e-001
 -2.7063609e-001
 -2.2344550e-001
 -1.6903163e-001
 -1.1304163e-001
 -6.1265865e-002
 -1.8852892e-002
  1.0317510e-002
  2.4025841e-002
  2.1851029e-002
  5.0757094e-003
 -2.3605503e-002
 -6.0535024e-002
 -1.0165147e-001
 -1.4309333e-001
 -1.8175704e-001
 -2.1570460e-001
 -2.4432741e-001
 -2.6821780e-001
 -2.8877041e-001
 -3.0760880e-001
 -3.2598233e-001
 -3.4428447e-001
 -3.6180406e-001
 -3.7675279e-001
 -3.8654213e-001
 -3.8823732e-001
 -3.7910365e-001
 -3.5717369e-001
 -3.2177959e-001
 -2.7399364e-001
 -2.1689547e-001
 -1.5555610e-001
 -9.6626992e-002
 -4.7479836e-002
 -1.4963724e-002
 -4.0031835e-003
 -1.6390579e-002
 -5.0161391e-002
 -9.9836221e-002
 -1.5757787e-001
 -2.1501395e-001
 -2.6522362e-001
 -3.0428709e-001
 -3.3190548e-001
 -3.5089421e-001
 -3.6573540e-001
 -3.8070208e-001
 -3.9821314e-001
 -4.1798367e-001
 -4.3723451e-001
 -4.5183382e-001
 -4.5791158e-001
 -4.5333830e-001
 -4.3854182e-001
 -4.1640747e-001
 -3.9135401e-001
 -3.6796611e-001
 -3.4968895e-001
 -3.3802075e-001
 -3.3241768e-001
 -3.3085278e-001
 -3.3075274e-001
 -3.2994921e-001
 -3.2733759e-001
 -3.2309084e-001
 -3.1845193e-001
 -3.1525228e-001
 -3.1534117e-001
 -3.2007334e-001
 -3.2993425e-001
 -3.4433270e-001
 -3.6158106e-001
 -3.7909897e-001
 -3.9387691e-001
 -4.0318510e-001
 -4.0540690e-001
 -4.0075452e-001
 -3.9155944e-001
 -3.8188577e-001
 -3.7641165e-001
 -3.7881437e-001
 -3.9016780e-001
 -4.0798710e-001
 -4.2644128e-001
 -4.3789476e-001
 -4.3544047e-001
 -4.1563280e-001
 -3.8041851e-001
 -3.3742059e-001
 -2.9824359e-001
 -2.7517518e-001
 -2.7729825e-001
 -3.0733977e-001
 -3.6041708e-001
 -4.2522788e-001
 -4.8737651e-001
 -5.3375024e-001
 -5.5645399e-001
 -5.5494454e-001
 -5.3563781e-001
 -5.0916516e-001
 -4.8629444e-001
 -4.7399718e-001
 -4.7306713e-001
 -4.7811210e-001
 -4.7987308e-001
 -4.6899331e-001
 -4.3986282e-001
 -3.9316718e-001
 -3.3625121e-001
 -2.8117994e-001
 -2.4115940e-001
 -2.2650375e-001
 -2.4144354e-001
 -2.8275493e-001
 -3.4058428e-001
 -4.0115977e-001
 -4.5053793e-001
 -4.7827757e-001
 -4.8001502e-001
 -4.5827728e-001
 -4.2138988e-001
 -3.8086175e-001
 -3.4802376e-001
 -3.3086724e-001
 -3.3194253e-001
 -3.4786282e-001
 -3.7050255e-001
 -3.8950381e-001
 -3.9534170e-001
 -3.8205543e-001
 -3.4887237e-001
 -3.0030056e-001
 -2.4473337e-001
 -1.9204667e-001
 -1.5093667e-001
 -1.2676678e-001
 -1.2047409e-001
 -1.2872211e-001
 -1.4510749e-001
 -1.6196120e-001
 -1.7219793e-001
 -1.7075920e-001
 -1.5540053e-001
 -1.2679730e-001
 -8.8107722e-002
 -4.4198242e-002
 -7.1830324e-004
  3.6844334e-002
  6.4041342e-002
  7.8194488e-002
  7.8875381e-002
  6.8011233e-002
  4.9518027e-002
  2.8450325e-002
  9.7948337e-003
 -2.8218576e-003
 -8.1516162e-003
 -7.7241598e-003
 -5.4202657e-003
 -6.2479030e-003
 -1.4619573e-002
 -3.2641266e-002
 -5.8992935e-002
 -8.8858052e-002
 -1.1505803e-001
 -1.3014719e-001
 -1.2885743e-001
 -1.1008902e-001
 -7.7720543e-002
 -3.9859820e-002
 -6.6779198e-003
  1.2521926e-002
  1.2043238e-002
 -8.5839312e-003
 -4.4655591e-002
 -8.7981689e-002
 -1.2958417e-001
 -1.6242082e-001
 -1.8316343e-001
 -1.9244305e-001
 -1.9358350e-001
 -1.9043681e-001
 -1.8527558e-001
 -1.7764864e-001
 -1.6468511e-001
 -1.4270632e-001
 -1.0943035e-001
 -6.5770033e-002
 -1.6359257e-002
  3.1547893e-002
  7.0475354e-002
  9.5511468e-002
  1.0634926e-001
  1.0768624e-001
  1.0771458e-001
  1.1519836e-001
  1.3622867e-001
  1.7191824e-001
  2.1796228e-001
  2.6627700e-001
  3.0811538e-001
  3.3747849e-001
  3.5352193e-001
  3.6104532e-001
  3.6888735e-001
  3.8683518e-001
  4.2218947e-001
  4.7721290e-001
  5.4831980e-001
  6.2720453e-001
  7.0341979e-001
  7.6745779e-001
  8.1330094e-001
  8.3969024e-001
  8.4986601e-001
  8.5006285e-001
  8.4739998e-001
  8.4789851e-001
