 -5.9409461e-002
 -8.3227113e-002
 -1.0489481e-001
 -1.2372681e-001
 -1.3943025e-001
 -1.5206564e-001
 -1.6184553e-001
 -1.6885824e-001
 -1.7284495e-001
 -1.7315076e-001
 -1.6891052e-001
 -1.5943901e-001
 -1.4470443e-001
 -1.2571102e-001
 -1.0462428e-001
 -8.4544506e-002
 -6.8947523e-002
 -6.0928636e-002
 -6.2462895e-002
 -7.3903430e-002
 -9.3873757e-002
 -1.1959124e-001
 -1.4752746e-001
 -1.7421173e-001
 -1.9694838e-001
 -2.1425662e-001
 -2.2593656e-001
 -2.3278321e-001
 -2.3607249e-001
 -2.3699949e-001
 -2.3624656e-001
 -2.3380431e-001
 -2.2908265e-001
 -2.2125881e-001
 -2.0974019e-001
 -1.9458809e-001
 -1.7676074e-001
 -1.5808628e-001
 -1.4095538e-001
 -1.2780759e-001
 -1.2055358e-001
 -1.2010397e-001
 -1.2615303e-001
 -1.3729378e-001
 -1.5143863e-001
 -1.6641829e-001
 -1.8056726e-001
 -1.9310256e-001
 -2.0416873e-001
 -2.1453761e-001
 -2.2507570e-001
 -2.3617944e-001
 -2.4739523e-001
 -2.5737726e-001
 -2.6421423e-001
 -2.6601997e-001
 -2.6158328e-001
 -2.5084753e-001
 -2.3504820e-001
 -2.1645712e-001
 -1.9781904e-001
 -1.8167020e-001
 -1.6976218e-001
 -1.6276759e-001
 -1.6033712e-001
 -1.6145047e-001
 -1.6490449e-001
 -1.6974492e-001
 -1.7548366e-001
 -1.8203723e-001
 -1.8943536e-001
 -1.9744132e-001
 -2.0526231e-001
 -2.1149762e-001
 -2.1438435e-001
 -2.1228660e-001
 -2.0427480e-001
 -1.9059042e-001
 -1.7280938e-001
 -1.5360119e-001
 -1.3610595e-001
 -1.2308060e-001
 -1.1605634e-001
 -1.1476880e-001
 -1.1706012e-001
 -1.1932031e-001
 -1.1737243e-001
 -1.0756337e-001
 -8.7747222e-002
 -5.7871291e-002
 -1.9991625e-002
  2.2279547e-002
  6.4716501e-002
  1.0351850e-001
  1.3613216e-001
  1.6163114e-001
  1.8058198e-001
  1.9449442e-001
  2.0507793e-001
  2.1356515e-001
  2.2031063e-001
  2.2475646e-001
  2.2572258e-001
  2.2187789e-001
  2.1220938e-001
  1.9633622e-001
  1.7459323e-001
  1.4789846e-001
  1.1748898e-001
  8.4637009e-002
  5.0443067e-002
  1.5759144e-002
 -1.8757032e-002
 -5.2495970e-002
 -8.4719241e-002
 -1.1441426e-001
 -1.4023479e-001
 -1.6056564e-001
 -1.7373003e-001
 -1.7833082e-001
 -1.7367955e-001
 -1.6022323e-001
 -1.3984165e-001
 -1.1587533e-001
 -9.2776321e-002
 -7.5357270e-002
 -6.7737826e-002
 -7.2217843e-002
 -8.8398236e-002
 -1.1287628e-001
 -1.3973719e-001
 -1.6185736e-001
 -1.7277554e-001
 -1.6865764e-001
 -1.4976392e-001
 -1.2088814e-001
 -9.0484917e-002
 -6.8579929e-002
 -6.3955185e-002
 -8.1386027e-002
 -1.1976709e-001
 -1.7175940e-001
 -2.2516712e-001
 -2.6573765e-001
 -2.8064013e-001
 -2.6166218e-001
 -2.0724731e-001
 -1.2284891e-001
 -1.9579679e-002
  8.8379463e-002
  1.8683653e-001
  2.6428843e-001
  3.1364494e-001
  3.3272186e-001
  3.2363183e-001
  2.9147637e-001
  2.4283603e-001
  1.8447158e-001
  1.2245584e-001
  6.1748309e-002
  6.0857397e-003
 -4.1974479e-002
 -8.0970352e-002
 -1.1043864e-001
 -1.3077243e-001
 -1.4299551e-001
 -1.4846293e-001
 -1.4855874e-001
 -1.4449277e-001
 -1.3727137e-001
 -1.2783834e-001
 -1.1728998e-001
 -1.0701300e-001
 -9.8610887e-002
 -9.3576726e-002
 -9.2800230e-002
 -9.6105604e-002
 -1.0204936e-001
 -1.0813868e-001
 -1.1148053e-001
 -1.0969660e-001
 -1.0180988e-001
 -8.8781904e-002
 -7.3472548e-002
 -5.9977171e-002
 -5.2506149e-002
 -5.4133773e-002
 -6.5800852e-002
 -8.5887289e-002
 -1.1050010e-001
 -1.3440427e-001
 -1.5232848e-001
 -1.6026589e-001
 -1.5639609e-001
 -1.4137562e-001
 -1.1794274e-001
 -8.9996119e-002
 -6.1467768e-002
 -3.5365069e-002
 -1.3284817e-002
  4.4764417e-003
  1.8316979e-002
  2.8523821e-002
  3.4646980e-002
  3.5373786e-002
  2.9025985e-002
  1.4534747e-002
 -7.4884092e-003
 -3.4073305e-002
 -6.0010014e-002
 -7.8904829e-002
 -8.4951491e-002
 -7.4871102e-002
 -4.9321423e-002
 -1.3178314e-002
  2.5560872e-002
  5.8017813e-002
  7.7135674e-002
  7.9926226e-002
  6.8431641e-002
  4.8975356e-002
  2.9870327e-002
  1.8327534e-002
  1.7647046e-002
  2.5737512e-002
  3.5589054e-002
  3.7652027e-002
  2.3382129e-002
 -1.1249845e-002
 -6.3541026e-002
 -1.2400225e-001
 -1.7862679e-001
 -2.1284998e-001
 -2.1596845e-001
 -1.8459552e-001
 -1.2401787e-001
 -4.6994007e-002
  2.9633535e-002
  8.9439072e-002
  1.2062104e-001
  1.1865177e-001
  8.6662929e-002
  3.3626431e-002
 -2.8903671e-002
 -9.0318981e-002
 -1.4360394e-001
 -1.8636146e-001
 -2.2010516e-001
 -2.4831709e-001
 -2.7414768e-001
 -2.9866341e-001
 -3.2024852e-001
 -3.3527684e-001
 -3.3968550e-001
 -3.3077836e-001
 -3.0855746e-001
 -2.7610814e-001
 -2.3893934e-001
 -2.0355302e-001
 -1.7575525e-001
 -1.5925703e-001
 -1.5496056e-001
 -1.6106465e-001
 -1.7385547e-001
 -1.8886665e-001
 -2.0203928e-001
 -2.1058015e-001
 -2.1335850e-001
 -2.1083630e-001
 -2.0464478e-001
 -1.9697666e-001
 -1.8996239e-001
 -1.8516126e-001
 -1.8324704e-001
 -1.8392073e-001
 -1.8604355e-001
 -1.8794974e-001
 -1.8786803e-001
 -1.8435640e-001
 -1.7664544e-001
 -1.6480132e-001
 -1.4966352e-001
 -1.3257640e-001
 -1.1499728e-001
 -9.8104154e-002
 -8.2525154e-002
 -6.8267502e-002
 -5.4850933e-002
 -4.1577518e-002
 -2.7824611e-002
 -1.3248403e-002
  2.1692076e-003
  1.8227495e-002
  3.4699137e-002
  5.1505938e-002
  6.8787911e-002
  8.6826609e-002
  1.0585135e-001
  1.2581252e-001
  1.4622578e-001
  1.6616694e-001
  1.8443935e-001
  1.9986774e-001
  2.1162241e-001
  2.1946419e-001
  2.2382828e-001
  2.2572214e-001
  2.2647536e-001
  2.2742545e-001
  2.2963662e-001
  2.3372761e-001
  2.3984025e-001
  2.4773133e-001
  2.5693417e-001
  2.6692425e-001
  2.7723544e-001
  2.8750220e-001
  2.9743494e-001
  3.0675867e-001
  3.1515309e-001
  3.2222423e-001
  3.2752076e-001
  3.3058960e-001
  3.3105221e-001
  3.2867956e-001
  3.2344703e-001
  3.1555915e-001
  3.0544179e-001
  2.9370447e-001
  2.8107787e-001
  2.6833164e-001
  2.5618021e-001
  2.4518702e-001
  2.3568259e-001
  2.2771413e-001
  2.2104188e-001
  2.1518869e-001
  2.0953606e-001
  2.0344566e-001
  1.9637630e-001
  1.8796660e-001
  1.7806360e-001
  1.6669543e-001
  1.5400469e-001
  1.4017212e-001
  1.2536191e-001
  1.0970980e-001
  9.3356887e-002
  7.6512906e-002
  5.9519415e-002
  4.2882323e-002
  2.7253437e-002
  1.3359170e-002
  1.8935617e-003
 -6.5947160e-003
 -1.1790124e-002
 -1.3650950e-002
 -1.2397443e-002
 -8.4586834e-003
 -2.4004882e-003
  5.1416613e-003
  1.3508114e-002
  2.2035299e-002
  3.0059902e-002
  3.6923857e-002
  4.1996778e-002
  4.4724595e-002
  4.4700919e-002
  4.1745762e-002
  3.5969212e-002
  2.7798107e-002
  1.7951629e-002
  7.3646706e-003
 -2.9283610e-003
 -1.1925941e-002
 -1.8780295e-002
 -2.2882072e-002
 -2.3893779e-002
 -2.1730431e-002
 -1.6499567e-002
 -8.4229014e-003
  2.2344804e-003
  1.5205561e-002
  3.0222497e-002
  4.6981024e-002
  6.5085673e-002
  8.4001945e-002
  1.0304168e-001
  1.2139879e-001
  1.3823697e-001
  1.5281314e-001
  1.6460746e-001
  1.7342558e-001
  1.7944502e-001
  1.8319216e-001
  1.8545486e-001
  1.8715149e-001
  1.8918636e-001
  1.9231981e-001
  1.9707301e-001
  2.0367443e-001
  2.1204439e-001
  2.2180877e-001
  2.3233329e-001
  2.4277501e-001
  2.5215230e-001
  2.5943570e-001
  2.6365853e-001
  2.6403806e-001
  2.6009009e-001
  2.5171538e-001
  2.3923815e-001
  2.2338557e-001
  2.0521042e-001
  1.8597199e-001
  1.6699978e-001
  1.4956675e-001
  1.3479323e-001
  1.2359206e-001
  1.1665215e-001
  1.1444706e-001
  1.1724960e-001
  1.2513517e-001
  1.3796446e-001
  1.5534769e-001
  1.7660389e-001
  2.0073639e-001
  2.2644605e-001
  2.5219676e-001
  2.7633472e-001
  2.9724745e-001
  3.1353564e-001
  3.2416452e-001
  3.2856470e-001
  3.2666427e-001
  3.1885108e-001
  3.0588136e-001
  2.8876267e-001
  2.6864115e-001
  2.4671613e-001
  2.2419038e-001
  2.0224900e-001
  1.8204848e-001
  1.6469503e-001
  1.5119772e-001
  1.4239565e-001
  1.3887213e-001
  1.4087892e-001
  1.4829378e-001
  1.6062673e-001
  1.7707547e-001
  1.9661610e-001
  2.1810588e-001
  2.4037446e-001
  2.6228828e-001
  2.8278637e-001
  3.0089830e-001
  3.1576151e-001
  3.2665311e-001
  3.3304102e-001
  3.3464641e-001
  3.3149812e-001
  3.2395696e-001
  3.1269342e-001
  2.9861568e-001
  2.8276043e-001
  2.6617098e-001
  2.4979115e-001
  2.3439738e-001
  2.2057878e-001
  2.0875824e-001
  1.9923561e-001
  1.9222754e-001
  1.8788331e-001
  1.8626688e-001
  1.8731089e-001
  1.9076106e-001
  1.9613577e-001
  2.0272207e-001
  2.0961833e-001
  2.1581798e-001
  2.2031595e-001
  2.2221323e-001
  2.2079837e-001
  2.1559637e-001
  2.0638883e-001
  1.9321869e-001
  1.7639343e-001
  1.5649104e-001
  1.3435882e-001
  1.1108325e-001
  8.7908296e-002
  6.6092682e-002
  4.6721094e-002
  3.0511457e-002
  1.7677098e-002
  7.9000079e-003
  4.4601001e-004
 -5.5891616e-003
 -1.0958632e-002
 -1.5955428e-002
 -2.0209607e-002
 -2.2662784e-002
 -2.1746342e-002
 -1.5735863e-002
 -3.2076878e-003
  1.6503755e-002
  4.2952060e-002
  7.4413445e-002
  1.0796094e-001
  1.3978867e-001
  1.6575541e-001
  1.8207798e-001
  1.8607063e-001
  1.7680015e-001
  1.5551558e-001
  1.2572433e-001
  9.2833573e-002
  6.3355688e-002
  4.3778886e-002
  3.9304052e-002
  5.2714302e-002
  8.3647596e-002
  1.2847268e-001
  1.8083661e-001
  2.3279231e-001
  2.7627329e-001
  3.0460100e-001
  3.1371071e-001
  3.0285831e-001
  2.7469459e-001
  2.3472651e-001
  1.9029301e-001
  1.4924994e-001
  1.1858555e-001
  1.0318608e-001
  1.0495063e-001
  1.2241636e-001
  1.5099215e-001
  1.8380416e-001
  2.1303516e-001
  2.3151480e-001
  2.3422711e-001
  2.1938498e-001
  1.8880011e-001
  1.4744309e-001
  1.0229867e-001
  6.0812598e-002
  2.9335462e-002
  1.1957135e-002
  9.9970004e-003
  2.2211542e-002
  4.5571845e-002
  7.6315922e-002
  1.1093806e-001
  1.4684389e-001
  1.8254284e-001
  2.1741375e-001
  2.5120961e-001
  2.8352551e-001
  3.1343327e-001
  3.3940419e-001
  3.5953400e-001
  3.7198739e-001
  3.7551914e-001
  3.6991560e-001
  3.5622845e-001
  3.3672917e-001
  3.1458068e-001
  2.9328868e-001
  2.7604720e-001
  2.6512254e-001
  2.6142057e-001
  2.6434926e-001
  2.7202469e-001
  2.8178411e-001
  2.9088562e-001
  2.9721398e-001
  2.9980068e-001
  2.9901155e-001
  2.9635072e-001
  2.9394616e-001
  2.9388314e-001
  2.9759953e-001
  3.0553250e-001
  3.1711390e-001
  3.3108378e-001
  3.4597287e-001
  3.6054346e-001
  3.7399877e-001
  3.8587131e-001
  3.9564548e-001
  4.0230218e-001
  4.0403729e-001
  3.9836663e-001
  3.8269110e-001
  3.5520197e-001
  3.1583106e-001
  2.6686874e-001
  2.1293090e-001
  1.6014947e-001
  1.1473182e-001
  8.1284844e-002
  6.1433448e-002
  5.3217731e-002
  5.1530685e-002
  4.9526924e-002
  4.0605226e-002
  2.0360116e-002
 -1.2112510e-002
 -5.3974415e-002
 -9.9547906e-002
 -1.4207287e-001
 -1.7575397e-001
 -1.9744587e-001
 -2.0744981e-001
 -2.0918995e-001
 -2.0790210e-001
 -2.0878117e-001
 -2.1519551e-001
 -2.2753892e-001
 -2.4307258e-001
 -2.5678581e-001
 -2.6298375e-001
 -2.5709257e-001
 -2.3712511e-001
 -2.0437688e-001
 -1.6317712e-001
 -1.1981333e-001
 -8.0986285e-002
 -5.2263711e-002
 -3.6958694e-002
 -3.5690051e-002
 -4.6651573e-002
 -6.6406201e-002
 -9.0896467e-002
 -1.1635457e-001
 -1.3989115e-001
 -1.5969317e-001
 -1.7490587e-001
 -1.8536014e-001
 -1.9131146e-001
 -1.9329173e-001
 -1.9207922e-001
 -1.8871187e-001
 -1.8444032e-001
 -1.8055120e-001
 -1.7806837e-001
 -1.7742378e-001
 -1.7823722e-001
 -1.7933116e-001
 -1.7903078e-001
 -1.7568844e-001
 -1.6826980e-001
 -1.5678886e-001
 -1.4240847e-001
 -1.2712725e-001
 -1.1312276e-001
 -1.0196009e-001
 -9.3951980e-002
 -8.7935309e-002
 -8.1604070e-002
 -7.2347161e-002
 -5.8341446e-002
 -3.9520587e-002
 -1.8034019e-002
  2.0538389e-003
  1.5828984e-002
  1.9084942e-002
  9.8861773e-003
 -1.0409873e-002
 -3.7092664e-002
 -6.3130496e-002
 -8.1060057e-002
 -8.5184097e-002
 -7.3379331e-002
 -4.7899695e-002
 -1.4860609e-002
  1.7485809e-002
  4.1169219e-002
  5.0853415e-002
  4.5368651e-002
  2.7929471e-002
  4.9705862e-003
 -1.6016646e-002
 -2.8944126e-002
 -3.1095260e-002
 -2.3987722e-002
 -1.2885256e-002
 -5.1472289e-003
 -7.9596554e-003
 -2.6156117e-002
 -6.0770282e-002
 -1.0870205e-001
 -1.6352577e-001
 -2.1714140e-001
 -2.6176653e-001
 -2.9173243e-001
 -3.0466544e-001
 -3.0184174e-001
 -2.8772401e-001
 -2.6885809e-001
 -2.5240151e-001
 -2.4457846e-001
 -2.4933329e-001
 -2.6741139e-001
 -2.9604159e-001
 -3.2932141e-001
 -3.5930302e-001
 -3.7764171e-001
 -3.7751937e-001
 -3.5543369e-001
 -3.1240022e-001
 -2.5418750e-001
 -1.9040240e-001
 -1.3252876e-001
 -9.1323881e-002
 -7.4202655e-002
 -8.3306216e-002
 -1.1482038e-001
 -1.5979673e-001
 -2.0631647e-001
 -2.4244473e-001
 -2.5917546e-001
 -2.5255204e-001
 -2.2438134e-001
 -1.8137463e-001
 -1.3301885e-001
 -8.8855463e-002
 -5.6000191e-002
 -3.7625620e-002
 -3.2790075e-002
 -3.7547078e-002
 -4.6862239e-002
 -5.6633173e-002
 -6.5123152e-002
 -7.3363925e-002
 -8.4462697e-002
 -1.0212623e-001
 -1.2896339e-001
 -1.6517044e-001
 -2.0804091e-001
 -2.5244351e-001
 -2.9208767e-001
 -3.2115572e-001
 -3.3579366e-001
 -3.3503189e-001
 -3.2090888e-001
 -2.9781791e-001
 -2.7130844e-001
 -2.4669353e-001
 -2.2782344e-001
 -2.1630209e-001
 -2.1128664e-001
 -2.0986578e-001
 -2.0789127e-001
 -2.0105755e-001
 -1.8598838e-001
 -1.6109638e-001
 -1.2702699e-001
 -8.6582158e-002
 -4.4131132e-002
 -4.6394512e-003
  2.7448809e-002
  4.9189252e-002
  5.9716894e-002
  6.0275872e-002
  5.3707949e-002
  4.3571372e-002
  3.3170415e-002
  2.4791031e-002
  1.9353322e-002
  1.6538308e-002
  1.5282141e-002
  1.4415627e-002
  1.3200698e-002
  1.1582074e-002
  1.0100354e-002
  9.5486085e-003
  1.0546063e-002
  1.3218041e-002
  1.7111572e-002
  2.1370095e-002
  2.5082892e-002
  2.7656254e-002
  2.9047133e-002
  2.9754898e-002
  3.0560386e-002
  3.2099897e-002
  3.4431358e-002
  3.6767185e-002
  3.7505878e-002
  3.4602534e-002
  2.6202955e-002
  1.1362347e-002
 -9.3866790e-003
 -3.3835753e-002
 -5.8397722e-002
 -7.8875908e-002
 -9.1522611e-002
 -9.4086984e-002
 -8.6524575e-002
 -7.1121016e-002
 -5.1952033e-002
 -3.3809003e-002
 -2.0894168e-002
 -1.5670911e-002
 -1.8211589e-002
 -2.6231020e-002
 -3.5779491e-002
 -4.2367191e-002
 -4.2169078e-002
 -3.2953371e-002
 -1.4485578e-002
  1.1657651e-002
  4.2738219e-002
  7.5705253e-002
  1.0793865e-001
  1.3765151e-001
  1.6386378e-001
  1.8603272e-001
  2.0356030e-001
  2.1544266e-001
  2.2026430e-001
  2.1659081e-001
  2.0363471e-001
  1.8192839e-001
  1.5369583e-001
  1.2269362e-001
  9.3471562e-002
  7.0222398e-002
  5.5569253e-002
  4.9708793e-002
  5.0252649e-002
  5.2904872e-002
  5.2839947e-002
  4.6393043e-002
  3.2529002e-002
  1.3576133e-002
 -5.0981489e-003
 -1.6478806e-002
 -1.4024971e-002
  6.0842806e-003
  4.3287243e-002
  9.2151749e-002
  1.4333949e-001
  1.8586742e-001
  2.1008841e-001
  2.1053649e-001
  1.8775533e-001
  1.4848220e-001
  1.0403408e-001
  6.7298129e-002
  4.9184656e-002
  5.5598681e-002
  8.5845684e-002
  1.3294370e-001
  1.8571133e-001
  2.3194478e-001
  2.6167947e-001
  2.6955932e-001
  2.5569001e-001
  2.2489326e-001
  1.8480331e-001
  1.4356826e-001
  1.0793594e-001
  8.2239150e-002
  6.8376102e-002
  6.6488319e-002
  7.5823254e-002
  9.5301722e-002
  1.2355191e-001
  1.5849852e-001
  1.9685566e-001
  2.3394968e-001
  2.6416341e-001
  2.8200725e-001
  2.8351489e-001
  2.6746732e-001
  2.3595694e-001
  1.9401646e-001
  1.4837236e-001
  1.0570651e-001
  7.0993100e-002
  4.6449661e-002
  3.1412679e-002
  2.3112032e-002
  1.8004285e-002
  1.3151497e-002
  7.1580477e-003
  3.8200262e-004
 -5.5692638e-003
 -8.7853467e-003
 -8.0308215e-003
 -3.3776435e-003
  3.7120939e-003
  1.0825103e-002
  1.5336569e-002
  1.5147596e-002
  9.1658113e-003
 -2.5836610e-003
 -1.9166102e-002
 -3.9100816e-002
 -6.0697864e-002
 -8.2254422e-002
 -1.0210993e-001
 -1.1865406e-001
 -1.3041011e-001
 -1.3626550e-001
 -1.3581704e-001
 -1.2969622e-001
 -1.1969230e-001
 -1.0853164e-001
 -9.9291150e-002
 -9.4577633e-002
 -9.5728878e-002
 -1.0232954e-001
 -1.1225931e-001
 -1.2232141e-001
 -1.2929287e-001
 -1.3107077e-001
 -1.2752606e-001
 -1.2074901e-001
 -1.1455958e-001
 -1.1339975e-001
 -1.2093919e-001
 -1.3883594e-001
 -1.6605765e-001
 -1.9899790e-001
 -2.3237075e-001
 -2.6061801e-001
 -2.7940083e-001
 -2.8672113e-001
 -2.8333781e-001
 -2.7236668e-001
 -2.5820857e-001
 -2.4515478e-001
 -2.3610909e-001
 -2.3181479e-001
 -2.3080397e-001
 -2.3005234e-001
 -2.2610275e-001
 -2.1628464e-001
 -1.9964317e-001
 -1.7730080e-001
 -1.5216346e-001
 -1.2808870e-001
 -1.0879005e-001
 -9.6812767e-002
 -9.2872478e-002
 -9.5720873e-002
 -1.0253866e-001
 -1.0970800e-001
 -1.1372590e-001
 -1.1200574e-001
 -1.0337124e-001
 -8.8149638e-002
 -6.7885970e-002
 -4.4794377e-002
 -2.1115905e-002
  1.4434249e-003
  2.2058084e-002
  4.0841120e-002
  5.8619387e-002
  7.6499924e-002
  9.5352685e-002
  1.1535853e-001
  1.3576135e-001
  1.5491744e-001
  1.7065766e-001
  1.8088436e-001
  1.8423866e-001
  1.8062681e-001
  1.7140988e-001
  1.5914874e-001
  1.4693591e-001
  1.3749579e-001
  1.3233907e-001
  1.3126902e-001
  1.3244072e-001
  1.3299178e-001
  1.3005766e-001
  1.2183140e-001
  1.0829184e-001
  9.1327555e-002
  7.4194684e-002
  6.0489607e-002
  5.2998303e-002
  5.2830650e-002
  5.9138648e-002
  6.9493549e-002
  8.0747042e-002
  9.0026801e-002
  9.5487330e-002
  9.6563391e-002
  9.3699264e-002
  8.7754151e-002
  7.9412969e-002
  6.8906434e-002
  5.6176875e-002
  4.1392872e-002
  2.5523895e-002
  1.0626455e-002
 -4.0080160e-004
 -4.6047333e-003
 -6.2234565e-005
  1.3154721e-002
  3.2553500e-002
  5.3580914e-002
  7.0728393e-002
  7.9054628e-002
  7.5625759e-002
  6.0385287e-002
  3.6159163e-002
  7.8021085e-003
 -1.9215016e-002
 -4.0298743e-002
 -5.2828266e-002
 -5.6541590e-002
 -5.3168757e-002
 -4.5530075e-002
 -3.6478305e-002
 -2.8072661e-002
 -2.1239109e-002
 -1.5958280e-002
 -1.1816739e-002
 -8.6356355e-003
 -6.8902249e-003
 -7.7419641e-003
 -1.2670538e-002
 -2.2849689e-002
 -3.8503444e-002
 -5.8483414e-002
 -8.0232104e-002
 -1.0017468e-001
 -1.1445395e-001
 -1.1982551e-001
 -1.1448341e-001
 -9.8596889e-002
 -7.4400617e-002
 -4.5781787e-002
 -1.7428993e-002
  6.2734626e-003
  2.2334651e-002
  2.9930695e-002
  3.0616616e-002
  2.7863246e-002
  2.5994912e-002
  2.8797165e-002
  3.8198830e-002
  5.3453784e-002
  7.1131276e-002
  8.5990543e-002
  9.2532402e-002
  8.6779585e-002
  6.7726162e-002
  3.7964020e-002
  3.2313737e-003
 -2.9035347e-002
 -5.1738189e-002
 -6.0129481e-002
 -5.3175136e-002
 -3.3840064e-002
 -8.2034883e-003
  1.6319635e-002
  3.3098257e-002
  3.8099700e-002
  3.0869466e-002
  1.4428549e-002
 -5.8134228e-003
 -2.3737794e-002
 -3.4250473e-002
 -3.4565849e-002
 -2.4726341e-002
 -7.3075977e-003
  1.3495779e-002
  3.3061235e-002
  4.7445360e-002
  5.4141439e-002
  5.2375856e-002
  4.2980321e-002
  2.7971605e-002
  9.9952360e-003
 -8.2395209e-003
 -2.4454684e-002
 -3.7186028e-002
 -4.6020475e-002
 -5.1649272e-002
 -5.5698439e-002
 -6.0327659e-002
 -6.7651689e-002
 -7.9114962e-002
 -9.5004216e-002
 -1.1428017e-001
 -1.3483178e-001
 -1.5412129e-001
 -1.7004002e-001
 -1.8169212e-001
 -1.8981439e-001
 -1.9664026e-001
 -2.0520069e-001
 -2.1826089e-001
 -2.3724444e-001
 -2.6153208e-001
 -2.8841787e-001
 -3.1378828e-001
 -3.3333274e-001
 -3.4389033e-001
 -3.4446532e-001
 -3.3653940e-001
 -3.2354462e-001
 -3.0965766e-001
 -2.9832715e-001
 -2.9105584e-001
 -2.8688368e-001
 -2.8277619e-001
 -2.7480058e-001
 -2.5968392e-001
 -2.3620061e-001
 -2.0588569e-001
 -1.7280125e-001
 -1.4241350e-001
 -1.1994981e-001
 -1.0878741e-001
 -1.0941312e-001
 -1.1929495e-001
 -1.3369236e-001
 -1.4711661e-001
 -1.5494608e-001
 -1.5467146e-001
 -1.4639839e-001
 -1.3250674e-001
 -1.1665691e-001
 -1.0253825e-001
 -9.2806068e-002
 -8.8541601e-002
 -8.9346827e-002
 -9.3942361e-002
 -1.0096540e-001
 -1.0962515e-001
 -1.1997049e-001
 -1.3270966e-001
 -1.4871398e-001
 -1.6845810e-001
 -1.9165437e-001
 -2.1723299e-001
 -2.4365567e-001
 -2.6940108e-001
 -2.9338956e-001
 -3.1515110e-001
 -3.3466536e-001
 -3.5195930e-001
 -3.6666828e-001
 -3.7779610e-001
 -3.8383421e-001
 -3.8324868e-001
 -3.7517771e-001
 -3.6007128e-001
 -3.3999564e-001
 -3.1842689e-001
 -2.9953309e-001
 -2.8712790e-001
 -2.8360194e-001
 -2.8915644e-001
 -3.0157321e-001
 -3.1659295e-001
 -3.2879991e-001
 -3.3278400e-001
 -3.2430614e-001
 -3.0122754e-001
 -2.6404966e-001
 -2.1600696e-001
 -1.6272764e-001
 -1.1151675e-001
 -7.0336066e-002
 -4.6577209e-002
 -4.5765806e-002
 -7.0391901e-002
 -1.1910817e-001
 -1.8653700e-001
 -2.6385032e-001
 -3.4013019e-001
 -4.0431521e-001
 -4.4734851e-001
 -4.6403537e-001
 -4.5414150e-001
 -4.2242556e-001
 -3.7756336e-001
 -3.3020816e-001
 -2.9065644e-001
 -2.6668130e-001
 -2.6203237e-001
 -2.7590788e-001
 -3.0344470e-001
 -3.3702723e-001
 -3.6804909e-001
 -3.8870763e-001
 -3.9346305e-001
 -3.7991790e-001
 -3.4902357e-001
 -3.0465954e-001
 -2.5273555e-001
 -2.0002963e-001
 -1.5299715e-001
 -1.1676997e-001
 -9.4511546e-002
 -8.7208835e-002
 -9.3877269e-002
 -1.1205749e-001
 -1.3842190e-001
 -1.6930986e-001
 -2.0107579e-001
 -2.3024012e-001
 -2.5353628e-001
 -2.6799863e-001
 -2.7121141e-001
 -2.6174139e-001
 -2.3965028e-001
 -2.0688466e-001
 -1.6732314e-001
 -1.2634200e-001
 -8.9917311e-002
 -6.3454745e-002
 -5.0657810e-002
 -5.2759397e-002
 -6.8340003e-002
 -9.3774375e-002
 -1.2415448e-001
 -1.5440193e-001
 -1.8025361e-001
 -1.9888415e-001
 -2.0907831e-001
 -2.1102362e-001
 -2.0589818e-001
 -1.9544707e-001
 -1.8167921e-001
 -1.6671155e-001
 -1.5269112e-001
 -1.4168232e-001
 -1.3543353e-001
 -1.3502003e-001
 -1.4045928e-001
 -1.5046202e-001
 -1.6248231e-001
 -1.7315132e-001
 -1.7904796e-001
 -1.7762009e-001
 -1.6798099e-001
 -1.5130671e-001
 -1.3066257e-001
 -1.1026224e-001
 -9.4352957e-002
 -8.6055504e-002
 -8.6516129e-002
 -9.4632396e-002
 -1.0742788e-001
 -1.2093744e-001
 -1.3130461e-001
 -1.3574420e-001
 -1.3310164e-001
 -1.2390941e-001
 -1.1002745e-001
 -9.4081572e-002
 -7.8932826e-002
 -6.7324025e-002
 -6.1709651e-002
 -6.4156757e-002
 -7.6170833e-002
 -9.8370062e-002
 -1.3006794e-001
 -1.6895388e-001
 -2.1110775e-001
 -2.5150735e-001
 -2.8500681e-001
 -3.0755120e-001
 -3.1724502e-001
 -3.1488452e-001
 -3.0371729e-001
 -2.8845673e-001
 -2.7385568e-001
 -2.6332059e-001
 -2.5804900e-001
 -2.5699202e-001
 -2.5764243e-001
 -2.5734339e-001
 -2.5461756e-001
 -2.5000802e-001
 -2.4610198e-001
 -2.4670824e-001
 -2.5546624e-001
 -2.7436701e-001
 -3.0269589e-001
 -3.3676208e-001
 -3.7052232e-001
 -3.9693017e-001
 -4.0964029e-001
 -4.0462075e-001
 -3.8127830e-001
 -3.4284119e-001
 -2.9591441e-001
 -2.4927959e-001
 -2.1213602e-001
 -1.9207694e-001
 -1.9317475e-001
 -2.1460299e-001
 -2.5021827e-001
 -2.8941369e-001
 -3.1930709e-001
 -3.2796107e-001
 -3.0793507e-001
 -2.5918323e-001
 -1.9028149e-001
 -1.1728068e-001
 -6.0111165e-002
 -3.7250501e-002
 -6.0053485e-002
 -1.2846792e-001
 -2.2964483e-001
 -3.4019795e-001
 -4.3177224e-001
 -4.7849092e-001
 -4.6414509e-001
 -3.8694510e-001
 -2.6032720e-001
 -1.0950935e-001
  3.5176577e-002
  1.4613503e-001
  2.0515936e-001
  2.0695973e-001
  1.5872435e-001
  7.6201282e-002
 -2.2106646e-002
 -1.2054037e-001
 -2.0983807e-001
 -2.8769228e-001
 -3.5652839e-001
 -4.1973605e-001
 -4.7807903e-001
 -5.2782508e-001
 -5.6137402e-001
 -5.7012749e-001
 -5.4843661e-001
 -4.9702137e-001
 -4.2443172e-001
 -3.4583602e-001
 -2.7939919e-001
 -2.4138751e-001
 -2.4159323e-001
 -2.8055801e-001
 -3.4945036e-001
 -4.3255840e-001
 -5.1152126e-001
 -5.6992692e-001
 -5.9690057e-001
 -5.8876054e-001
 -5.4853672e-001
 -4.8385808e-001
 -4.0417541e-001
 -3.1835513e-001
 -2.3337177e-001
 -1.5428581e-001
 -8.5138746e-002
 -3.0037748e-002
  6.3337173e-003
  1.9250733e-002
  5.4957932e-003
 -3.4628138e-002
 -9.5698136e-002
 -1.6685814e-001
 -2.3330060e-001
 -2.7943367e-001
 -2.9296259e-001
 -2.6865108e-001
 -2.1046082e-001
 -1.3116145e-001
 -4.9266976e-002
  1.5952939e-002
  4.9925303e-002
  4.6966406e-002
  1.1810865e-002
 -4.2098954e-002
 -9.7067365e-002
 -1.3690285e-001
 -1.5206491e-001
 -1.4247376e-001
 -1.1705511e-001
 -9.0227791e-002
 -7.6606591e-002
 -8.5800690e-002
 -1.1911900e-001
 -1.6927806e-001
 -2.2311666e-001
 -2.6625816e-001
 -2.8801330e-001
 -2.8480259e-001
 -2.6097852e-001
 -2.2689746e-001
 -1.9506081e-001
 -1.7576795e-001
 -1.7379924e-001
 -1.8718849e-001
 -2.0835226e-001
 -2.2702269e-001
 -2.3386812e-001
 -2.2355034e-001
 -1.9626399e-001
 -1.5738905e-001
 -1.1553567e-001
 -7.9753011e-002
 -5.6866301e-002
 -4.9770202e-002
 -5.7121503e-002
 -7.4386916e-002
 -9.5775125e-002
 -1.1634162e-001
 -1.3355690e-001
 -1.4785272e-001
 -1.6202312e-001
 -1.7973808e-001
 -2.0371215e-001
 -2.3417520e-001
 -2.6819108e-001
 -3.0009833e-001
 -3.2298910e-001
 -3.3080861e-001
 -3.2044770e-001
 -2.9317916e-001
 -2.5496003e-001
 -2.1543550e-001
 -1.8584473e-001
 -1.7633839e-001
 -1.9338848e-001
 -2.3795870e-001
 -3.0491806e-001
 -3.8387547e-001
 -4.6126915e-001
 -5.2324666e-001
 -5.5868443e-001
 -5.6165857e-001
 -5.3279518e-001
 -4.7917416e-001
 -4.1278585e-001
 -3.4787880e-001
 -2.9781507e-001
 -2.7219425e-001
 -2.7496874e-001
 -3.0403792e-001
 -3.5241737e-001
 -4.1062859e-001
 -4.6957398e-001
 -5.2298489e-001
 -5.6863973e-001
 -6.0794093e-001
 -6.4400784e-001
 -6.7900157e-001
 -7.1174239e-001
 -7.3665939e-001
 -7.4469913e-001
 -7.2612883e-001
 -6.7443549e-001
 -5.9001097e-001
 -4.8223181e-001
 -3.6894985e-001
 -2.7319268e-001
 -2.1777743e-001
 -2.1926555e-001
 -2.8298530e-001
 -4.0062101e-001
 -5.5118441e-001
 -7.0525804e-001
 -8.3151019e-001
 -9.0387596e-001
 -9.0763074e-001
 -8.4287156e-001
 -7.2457015e-001
 -5.7919307e-001
 -4.3869567e-001
 -3.3330548e-001
 -2.8478358e-001
 -3.0173289e-001
 -3.7803259e-001
 -4.9472626e-001
 -6.2485104e-001
 -7.3997336e-001
 -8.1678463e-001
 -8.4212446e-001
 -8.1524487e-001
 -7.4688715e-001
 -6.5559965e-001
 -5.6243509e-001
 -4.8553095e-001
 -4.3600291e-001
 -4.1611248e-001
 -4.1996540e-001
 -4.3627815e-001
 -4.5222590e-001
 -4.5719311e-001
 -4.4541047e-001
 -4.1689698e-001
 -3.7667629e-001
 -3.3272804e-001
 -2.9343080e-001
 -2.6528911e-001
 -2.5153688e-001
 -2.5186281e-001
 -2.6313613e-001
 -2.8073782e-001
 -2.9999378e-001
 -3.1727208e-001
 -3.3049823e-001
 -3.3907768e-001
 -3.4340931e-001
 -3.4426798e-001
 -3.4231330e-001
 -3.3787197e-001
 -3.3099810e-001
 -3.2169927e-001
 -3.1016698e-001
 -2.9687901e-001
 -2.8252534e-001
 -2.6780620e-001
 -2.5321595e-001
 -2.3893228e-001
 -2.2487672e-001
 -2.1092538e-001
 -1.9717009e-001
 -1.8409637e-001
 -1.7257393e-001
 -1.6363670e-001
 -1.5812821e-001
 -1.5635973e-001
 -1.5793897e-001
 -1.6186725e-001
 -1.6689417e-001
 -1.7200576e-001
 -1.7685331e-001
 -1.8193747e-001
 -1.8844783e-001
 -1.9779002e-001
 -2.1095945e-001
 -2.2799039e-001
 -2.4769342e-001
 -2.6779562e-001
 -2.8545488e-001
 -2.9798588e-001
 -3.0356124e-001
 -3.0166284e-001
 -2.9314996e-001
 -2.7994457e-001
 -2.6446106e-001
 -2.4898240e-001
 -2.3518393e-001
 -2.2393620e-001
 -2.1540913e-001
 -2.0939356e-001
 -2.0568971e-001
 -2.0440511e-001
 -2.0605392e-001
 -2.1143230e-001
 -2.2132896e-001
 -2.3618598e-001
 -2.5583573e-001
 -2.7940549e-001
 -3.0541797e-001
 -3.3204766e-001
 -3.5744436e-001
 -3.8002087e-001
 -3.9862497e-001
 -4.1256381e-001
 -4.2150403e-001
 -4.2531161e-001
 -4.2391016e-001
 -4.1722072e-001
 -4.0521002e-001
 -3.8803086e-001
 -3.6620348e-001
 -3.4077086e-001
 -3.1336591e-001
 -2.8615101e-001
 -2.6162248e-001
 -2.4230518e-001
 -2.3038951e-001
 -2.2737978e-001
 -2.3382603e-001
 -2.4920118e-001
 -2.7196041e-001
 -2.9978460e-001
 -3.2996855e-001
 -3.5987795e-001
 -3.8737549e-001
 -4.1111573e-001
 -4.3063335e-001
 -4.4619831e-001
 -4.5847339e-001
 -4.6806848e-001
 -4.7512503e-001
 -4.7906679e-001
 -4.7861536e-001
 -4.7209515e-001
 -4.5796210e-001
 -4.3541098e-001
 -4.0487439e-001
 -3.6824115e-001
 -3.2869403e-001
 -2.9017680e-001
 -2.5661581e-001
 -2.3110401e-001
 -2.1527577e-001
 -2.0905148e-001
 -2.1082358e-001
 -2.1802437e-001
 -2.2790113e-001
 -2.3826259e-001
 -2.4797210e-001
 -2.5704527e-001
 -2.6633706e-001
 -2.7693728e-001
 -2.8948961e-001
 -3.0367745e-001
 -3.1806728e-001
 -3.3038335e-001
 -3.3814223e-001
 -3.3944995e-001
 -3.3370148e-001
 -3.2194335e-001
 -3.0676196e-001
 -2.9170860e-001
 -2.8041995e-001
 -2.7569122e-001
 -2.7877528e-001
 -2.8911191e-001
 -3.0455697e-001
 -3.2202905e-001
 -3.3836636e-001
 -3.5113185e-001
 -3.5913289e-001
 -3.6252324e-001
 -3.6249408e-001
 -3.6069051e-001
 -3.5856903e-001
 -3.5691506e-001
 -3.5567036e-001
 -3.5410442e-001
 -3.5124242e-001
 -3.4637809e-001
 -3.3947728e-001
 -3.3132495e-001
 -3.2336243e-001
 -3.1727191e-001
 -3.1445083e-001
 -3.1555511e-001
 -3.2026448e-001
 -3.2734916e-001
 -3.3501802e-001
 -3.4143892e-001
 -3.4526888e-001
 -3.4603064e-001
 -3.4422260e-001
 -3.4113260e-001
 -3.3841811e-001
 -3.3758552e-001
 -3.3953057e-001
 -3.4427921e-001
 -3.5100321e-001
 -3.5829637e-001
 -3.6461486e-001
 -3.6873518e-001
 -3.7008233e-001
 -3.6882924e-001
 -3.6574966e-001
 -3.6189176e-001
 -3.5819935e-001
 -3.5522017e-001
 -3.5300247e-001
 -3.5120645e-001
 -3.4937560e-001
 -3.4725369e-001
 -3.4502003e-001
 -3.4335142e-001
 -3.4328864e-001
 -3.4596143e-001
 -3.5227660e-001
 -3.6268278e-001
 -3.7708852e-001
 -3.9494735e-001
 -4.1545771e-001
 -4.3778558e-001
 -4.6121567e-001
 -4.8517253e-001
 -5.0910968e-001
 -5.3232109e-001
 -5.5376247e-001
 -5.7197089e-001
 -5.8513890e-001
 -5.9134746e-001
 -5.8890848e-001
 -5.7673000e-001
 -5.5460793e-001
 -5.2336867e-001
 -4.8482915e-001
 -4.4159078e-001
 -3.9672356e-001
 -3.5341539e-001
 -3.1465462e-001
 -2.8298654e-001
 -2.6035068e-001
 -2.4797864e-001
 -2.4632394e-001
 -2.5500702e-001
 -2.7278326e-001
 -2.9756605e-001
 -3.2654549e-001
 -3.5643012e-001
 -3.8380461e-001
 -4.0555444e-001
 -4.1927631e-001
 -4.2358431e-001
 -4.1824353e-001
 -4.0410683e-001
 -3.8288206e-001
 -3.5679685e-001
 -3.2824410e-001
 -2.9948033e-001
 -2.7242038e-001
 -2.4853827e-001
 -2.2885833e-001
 -2.1400877e-001
 -2.0430814e-001
 -1.9985937e-001
 -2.0062831e-001
 -2.0648496e-001
 -2.1719021e-001
 -2.3232364e-001
 -2.5117123e-001
 -2.7261748e-001
 -2.9510268e-001
 -3.1669922e-001
 -3.3532687e-001
 -3.4907416e-001
 -3.5654227e-001
 -3.5710262e-001
 -3.5097648e-001
 -3.3910230e-001
 -3.2283555e-001
 -3.0359283e-001
 -2.8257778e-001
 -2.6069508e-001
 -2.3867855e-001
 -2.1736194e-001
 -1.9794628e-001
 -1.8210098e-001
 -1.7179009e-001
 -1.6882364e-001
 -1.7425711e-001
 -1.8784910e-001
 -2.0779904e-001
 -2.3091144e-001
 -2.5319212e-001
 -2.7072574e-001
 -2.8057207e-001
 -2.8139647e-001
 -2.7363239e-001
 -2.5913303e-001
 -2.4044785e-001
 -2.1999006e-001
 -1.9939175e-001
 -1.7926209e-001
 -1.5940202e-001
 -1.3935049e-001
 -1.1901298e-001
 -9.9101708e-002
 -8.1203923e-002
 -6.7452304e-002
 -5.9932242e-002
 -6.0060276e-002
 -6.8167658e-002
 -8.3429033e-002
 -1.0413240e-001
 -1.2815529e-001
 -1.5344634e-001
 -1.7833359e-001
 -2.0157396e-001
 -2.2217898e-001
 -2.3914663e-001
 -2.5126151e-001
 -2.5708707e-001
 -2.5518559e-001
 -2.4450349e-001
 -2.2479068e-001
 -1.9690600e-001
 -1.6289827e-001
 -1.2582328e-001
 -8.9334422e-002
 -5.7141931e-002
 -3.2460337e-002
 -1.7554707e-002
 -1.3464373e-002
 -1.9940908e-002
 -3.5595954e-002
 -5.8219950e-002
 -8.5206740e-002
 -1.1400264e-001
 -1.4249382e-001
 -1.6925645e-001
 -1.9362188e-001
 -2.1555145e-001
 -2.3536352e-001
 -2.5339484e-001
 -2.6969530e-001
 -2.8384208e-001
 -2.9491942e-001
 -3.0165795e-001
 -3.0268279e-001
 -2.9679849e-001
 -2.8324727e-001
 -2.6190527e-001
 -2.3341221e-001
 -1.9924424e-001
 -1.6172944e-001
 -1.2397906e-001
 -8.9684945e-002
 -6.2738391e-002
 -4.6670706e-002
 -4.3991194e-002
 -5.5576400e-002
 -8.0304785e-002
 -1.1510317e-001
 -1.5546926e-001
 -1.9638535e-001
 -2.3339453e-001
 -2.6353103e-001
 -2.8582023e-001
 -3.0119264e-001
 -3.1184899e-001
 -3.2030092e-001
 -3.2842232e-001
 -3.3683631e-001
 -3.4483358e-001
 -3.5081782e-001
 -3.5307925e-001
 -3.5058135e-001
 -3.4345260e-001
 -3.3299872e-001
 -3.2124233e-001
 -3.1018185e-001
 -3.0106815e-001
 -2.9398928e-001
 -2.8793412e-001
 -2.8132411e-001
 -2.7282601e-001
 -2.6215093e-001
 -2.5054167e-001
 -2.4074753e-001
 -2.3644621e-001
 -2.4124307e-001
 -2.5750871e-001
 -2.8537542e-001
 -3.2219307e-001
 -3.6265335e-001
 -3.9964613e-001
 -4.2573512e-001
 -4.3496065e-001
 -4.2453533e-001
 -3.9594148e-001
 -3.5501270e-001
 -3.1080355e-001
 -2.7339066e-001
 -2.5111782e-001
 -2.4807041e-001
 -2.6261651e-001
 -2.8761845e-001
 -3.1243025e-001
 -3.2619420e-001
 -3.2144187e-001
 -2.9679630e-001
 -2.5777885e-001
 -2.1531523e-001
 -1.8232543e-001
 -1.6949073e-001
 -1.8164431e-001
 -2.1607267e-001
 -2.6337464e-001
 -3.1062170e-001
 -3.4572664e-001
 -3.6147464e-001
 -3.5777951e-001
 -3.4136733e-001
 -3.2302596e-001
 -3.1344336e-001
 -3.1916225e-001
 -3.4011699e-001
 -3.6962263e-001
 -3.9678359e-001
 -4.1042142e-001
 -4.0310337e-001
 -3.7386269e-001
 -3.2871241e-001
 -2.7885648e-001
 -2.3729272e-001
 -2.1499856e-001
 -2.1794053e-001
 -2.4577100e-001
 -2.9244431e-001
 -3.4834608e-001
 -4.0310575e-001
 -4.4817282e-001
 -4.7846262e-001
 -4.9279005e-001
 -4.9323329e-001
 -4.8385622e-001
 -4.6929767e-001
 -4.5362987e-001
 -4.3968361e-001
 -4.2883553e-001
 -4.2112780e-001
 -4.1556221e-001
 -4.1045419e-001
 -4.0379650e-001
 -3.9362496e-001
 -3.7838174e-001
 -3.5724598e-001
 -3.3037142e-001
 -2.9896179e-001
 -2.6513653e-001
 -2.3158583e-001
 -2.0106811e-001
 -1.7584679e-001
 -1.5718412e-001
 -1.4500511e-001
 -1.3781713e-001
 -1.3292678e-001
 -1.2694094e-001
 -1.1647887e-001
 -9.8966302e-002
 -7.3342435e-002
 -4.0501889e-002
 -3.3288273e-003
  3.3738863e-002
  6.5563617e-002
  8.7409524e-002
  9.6030774e-002
  9.0460652e-002
  7.2268905e-002
  4.5185997e-002
  1.4169787e-002
 -1.5836377e-002
 -4.1092622e-002
 -5.9832018e-002
 -7.2363177e-002
 -8.0476214e-002
 -8.6370670e-002
 -9.1512443e-002
 -9.5874360e-002
 -9.7886380e-002
 -9.5149768e-002
 -8.5652874e-002
 -6.8993190e-002
 -4.7068241e-002
 -2.3881474e-002
 -4.4585073e-003
  6.7538617e-003
  7.3894518e-003
 -2.0479388e-003
 -1.8456322e-002
 -3.7390127e-002
 -5.4804404e-002
 -6.8571194e-002
 -7.9122017e-002
 -8.8920427e-002
 -1.0096015e-001
 -1.1691490e-001
 -1.3575021e-001
 -1.5345680e-001
 -1.6412724e-001
 -1.6204274e-001
 -1.4398965e-001
 -1.1087580e-001
 -6.7939425e-002
 -2.3363921e-002
  1.4268921e-002
  3.8782413e-002
  4.8429657e-002
  4.6376318e-002
  3.9454309e-002
  3.5654548e-002
  4.1302413e-002
  5.8966584e-002
  8.6850062e-002
  1.1982601e-001
  1.5164823e-001
  1.7743827e-001
  1.9549071e-001
  2.0775339e-001
  2.1888738e-001
  2.3436224e-001
  2.5837790e-001
  2.9240665e-001
  3.3484170e-001
  3.8176920e-001
  4.2844657e-001
  4.7084218e-001
  5.0663959e-001
  5.3538957e-001
  5.5787224e-001
  5.7504869e-001
  5.8711712e-001
  5.9310280e-001
