 -9.2159981e-003
 -2.7620790e-002
 -4.3685536e-002
 -5.8660910e-002
 -7.3719016e-002
 -8.9551421e-002
 -1.0602018e-001
 -1.2197728e-001
 -1.3534936e-001
 -1.4352717e-001
 -1.4401145e-001
 -1.3517529e-001
 -1.1693795e-001
 -9.1136479e-002
 -6.1441650e-002
 -3.2781488e-002
 -1.0378285e-002
  1.3730443e-003
 -1.0409711e-004
 -1.4974728e-002
 -4.0961547e-002
 -7.3889193e-002
 -1.0865914e-001
 -1.4039602e-001
 -1.6546618e-001
 -1.8211374e-001
 -1.9057234e-001
 -1.9265872e-001
 -1.9099364e-001
 -1.8808981e-001
 -1.8557136e-001
 -1.8374113e-001
 -1.8160674e-001
 -1.7734270e-001
 -1.6904076e-001
 -1.5551739e-001
 -1.3692833e-001
 -1.1499242e-001
 -9.2737924e-002
 -7.3825414e-002
 -6.1632110e-002
 -5.8363666e-002
 -6.4462249e-002
 -7.8498273e-002
 -9.7587804e-002
 -1.1821213e-001
 -1.3718454e-001
 -1.5245831e-001
 -1.6352112e-001
 -1.7126012e-001
 -1.7736307e-001
 -1.8348059e-001
 -1.9045542e-001
 -1.9789626e-001
 -2.0424698e-001
 -2.0732222e-001
 -2.0511329e-001
 -1.9657388e-001
 -1.8210619e-001
 -1.6357734e-001
 -1.4386267e-001
 -1.2607512e-001
 -1.1274170e-001
 -1.0519602e-001
 -1.0337056e-001
 -1.0602902e-001
 -1.1132753e-001
 -1.1748887e-001
 -1.2334743e-001
 -1.2858170e-001
 -1.3357144e-001
 -1.3895472e-001
 -1.4506918e-001
 -1.5150477e-001
 -1.5695823e-001
 -1.5947527e-001
 -1.5702794e-001
 -1.4824760e-001
 -1.3306101e-001
 -1.1298572e-001
 -9.0933511e-002
 -7.0523332e-002
 -5.5071300e-002
 -4.6550374e-002
 -4.4849815e-002
 -4.7594699e-002
 -5.0623971e-002
 -4.9021330e-002
 -3.8414416e-002
 -1.6166714e-002
  1.7883859e-002
  6.1345185e-002
  1.0985353e-001
  1.5812824e-001
  2.0118598e-001
  2.3538397e-001
  2.5904217e-001
  2.7253402e-001
  2.7788339e-001
  2.7801818e-001
  2.7588749e-001
  2.7365217e-001
  2.7212281e-001
  2.7056175e-001
  2.6689543e-001
  2.5830395e-001
  2.4206794e-001
  2.1647468e-001
  1.8153677e-001
  1.3928923e-001
  9.3518898e-002
  4.8936954e-002
  9.9899323e-003
 -2.0344955e-002
 -4.1381962e-002
 -5.4850964e-002
 -6.4216950e-002
 -7.3363261e-002
 -8.5054413e-002
 -9.9718293e-002
 -1.1502710e-001
 -1.2651308e-001
 -1.2909940e-001
 -1.1907846e-001
 -9.5859215e-002
 -6.2823074e-002
 -2.6888260e-002
  3.1893678e-003
  1.9300445e-002
  1.6462815e-002
 -5.5359234e-003
 -4.1920590e-002
 -8.4256095e-002
 -1.2291880e-001
 -1.4991696e-001
 -1.6114477e-001
 -1.5735006e-001
 -1.4353535e-001
 -1.2703840e-001
 -1.1496371e-001
 -1.1181763e-001
 -1.1808529e-001
 -1.3013453e-001
 -1.4137916e-001
 -1.4424395e-001
 -1.3227590e-001
 -1.0178559e-001
 -5.2636293e-002
  1.1883846e-002
  8.5894121e-002
  1.6210040e-001
  2.3297428e-001
  2.9171019e-001
  3.3289613e-001
  3.5294647e-001
  3.5037198e-001
  3.2591443e-001
  2.8249963e-001
  2.2492410e-001
  1.5922378e-001
  9.1773522e-002
  2.8290329e-002
 -2.7003800e-002
 -7.1812984e-002
 -1.0566273e-001
 -1.2931765e-001
 -1.4396546e-001
 -1.5051157e-001
 -1.4928844e-001
 -1.4030648e-001
 -1.2392291e-001
 -1.0158856e-001
 -7.6251612e-002
 -5.2105370e-002
 -3.3635121e-002
 -2.4244281e-002
 -2.4981734e-002
 -3.3932474e-002
 -4.6631747e-002
 -5.7480131e-002
 -6.1719157e-002
 -5.7248297e-002
 -4.5554600e-002
 -3.1313458e-002
 -2.0709328e-002
 -1.9035047e-002
 -2.8454310e-002
 -4.6812676e-002
 -6.8038594e-002
 -8.4102509e-002
 -8.7908558e-002
 -7.6105492e-002
 -5.0776629e-002
 -1.9326937e-002
  7.4911686e-003
  1.8805547e-002
  7.0327250e-003
 -2.9694578e-002
 -8.6915235e-002
 -1.5524762e-001
 -2.2331718e-001
 -2.8117944e-001
 -3.2306321e-001
 -3.4853380e-001
 -3.6177038e-001
 -3.6933940e-001
 -3.7737101e-001
 -3.8921435e-001
 -4.0441092e-001
 -4.1928501e-001
 -4.2882235e-001
 -4.2903292e-001
 -4.1884273e-001
 -4.0077642e-001
 -3.8017820e-001
 -3.6328313e-001
 -3.5488023e-001
 -3.5645353e-001
 -3.6550470e-001
 -3.7632850e-001
 -3.8199101e-001
 -3.7683358e-001
 -3.5863724e-001
 -3.2969073e-001
 -2.9636830e-001
 -2.6731600e-001
 -2.5080571e-001
 -2.5209313e-001
 -2.7162358e-001
 -3.0466551e-001
 -3.4250262e-001
 -3.7482643e-001
 -3.9259777e-001
 -3.9050737e-001
 -3.6830417e-001
 -3.3062762e-001
 -2.8545566e-001
 -2.4170742e-001
 -2.0678235e-001
 -1.8480005e-001
 -1.7604175e-001
 -1.7767657e-001
 -1.8542856e-001
 -1.9554313e-001
 -2.0634223e-001
 -2.1883016e-001
 -2.3616247e-001
 -2.6219330e-001
 -2.9963405e-001
 -3.4848334e-001
 -4.0528844e-001
 -4.6351496e-001
 -5.1493660e-001
 -5.5163444e-001
 -5.6801713e-001
 -5.6228422e-001
 -5.3693693e-001
 -4.9822039e-001
 -4.5467026e-001
 -4.1515202e-001
 -3.8688158e-001
 -3.7389272e-001
 -3.7629500e-001
 -3.9047945e-001
 -4.1021585e-001
 -4.2837926e-001
 -4.3888179e-001
 -4.3830820e-001
 -4.2679735e-001
 -4.0788728e-001
 -3.8732620e-001
 -3.7117137e-001
 -3.6375243e-001
 -3.6616448e-001
 -3.7582515e-001
 -3.8729963e-001
 -3.9416584e-001
 -3.9130974e-001
 -3.7685197e-001
 -3.5299876e-001
 -3.2546507e-001
 -3.0162120e-001
 -2.8798389e-001
 -2.8793195e-001
 -3.0046854e-001
 -3.2048812e-001
 -3.4046447e-001
 -3.5295682e-001
 -3.5303228e-001
 -3.3974105e-001
 -3.1614470e-001
 -2.8795045e-001
 -2.6133063e-001
 -2.4080116e-001
 -2.2797944e-001
 -2.2166131e-001
 -2.1910218e-001
 -2.1788457e-001
 -2.1750933e-001
 -2.1996444e-001
 -2.2895957e-001
 -2.4808900e-001
 -2.7866454e-001
 -3.1814337e-001
 -3.5988236e-001
 -3.9445599e-001
 -4.1217445e-001
 -4.0597164e-001
 -3.7368010e-001
 -3.1892503e-001
 -2.5035803e-001
 -1.7951801e-001
 -1.1803779e-001
 -7.5062048e-002
 -5.5580756e-002
 -6.0002071e-002
 -8.4855115e-002
 -1.2418836e-001
 -1.7111293e-001
 -2.1903864e-001
 -2.6238739e-001
 -2.9682763e-001
 -3.1924878e-001
 -3.2772935e-001
 -3.2165722e-001
 -3.0199413e-001
 -2.7152430e-001
 -2.3485753e-001
 -1.9800344e-001
 -1.6747686e-001
 -1.4907855e-001
 -1.4664668e-001
 -1.6113134e-001
 -1.9028210e-001
 -2.2907558e-001
 -2.7080160e-001
 -3.0854190e-001
 -3.3667197e-001
 -3.5202005e-001
 -3.5441845e-001
 -3.4654217e-001
 -3.3310228e-001
 -3.1960409e-001
 -3.1096778e-001
 -3.1033123e-001
 -3.1831289e-001
 -3.3291280e-001
 -3.5008701e-001
 -3.6486586e-001
 -3.7273575e-001
 -3.7091009e-001
 -3.5911667e-001
 -3.3964485e-001
 -3.1660761e-001
 -2.9462449e-001
 -2.7733740e-001
 -2.6625315e-001
 -2.6031962e-001
 -2.5640278e-001
 -2.5051626e-001
 -2.3937872e-001
 -2.2174454e-001
 -1.9902713e-001
 -1.7498959e-001
 -1.5461833e-001
 -1.4258918e-001
 -1.4186652e-001
 -1.5289700e-001
 -1.7360991e-001
 -2.0012659e-001
 -2.2784308e-001
 -2.5247497e-001
 -2.7075507e-001
 -2.8068563e-001
 -2.8145523e-001
 -2.7323760e-001
 -2.5705667e-001
 -2.3476676e-001
 -2.0904692e-001
 -1.8323460e-001
 -1.6087007e-001
 -1.4496746e-001
 -1.3719477e-001
 -1.3724841e-001
 -1.4269011e-001
 -1.4938048e-001
 -1.5244577e-001
 -1.4753404e-001
 -1.3201826e-001
 -1.0581627e-001
 -7.1605698e-002
 -3.4372106e-002
 -3.9092226e-004
  2.4130118e-002
  3.4451060e-002
  2.8435379e-002
  7.1618568e-003
 -2.5147334e-002
 -6.1902224e-002
 -9.5484308e-002
 -1.1886359e-001
 -1.2711728e-001
 -1.1847538e-001
 -9.4625289e-002
 -6.0200326e-002
 -2.1602633e-002
  1.4501560e-002
  4.2591551e-002
  5.9233559e-002
  6.3349983e-002
  5.5841955e-002
  3.8797598e-002
  1.4628624e-002
 -1.4545589e-002
 -4.7089492e-002
 -8.1640815e-002
 -1.1669425e-001
 -1.5025396e-001
 -1.7978274e-001
 -2.0252797e-001
 -2.1612130e-001
 -2.1921113e-001
 -2.1185581e-001
 -1.9549566e-001
 -1.7249735e-001
 -1.4544920e-001
 -1.1649984e-001
 -8.7020915e-002
 -5.7737150e-002
 -2.9256295e-002
 -2.7369146e-003
  1.9659666e-002
  3.4826536e-002
  3.9371993e-002
  3.0715303e-002
  8.2285297e-003
 -2.6044451e-002
 -6.7454361e-002
 -1.0969615e-001
 -1.4641027e-001
 -1.7293620e-001
 -1.8762121e-001
 -1.9220785e-001
 -1.9112747e-001
 -1.8990787e-001
 -1.9322197e-001
 -2.0324145e-001
 -2.1886315e-001
 -2.3607783e-001
 -2.4936022e-001
 -2.5361262e-001
 -2.4601211e-001
 -2.2714970e-001
 -2.0108733e-001
 -1.7430951e-001
 -1.5389353e-001
 -1.4545939e-001
 -1.5152237e-001
 -1.7074615e-001
 -1.9832535e-001
 -2.2739093e-001
 -2.5102577e-001
 -2.6428857e-001
 -2.6562985e-001
 -2.5725685e-001
 -2.4432009e-001
 -2.3316147e-001
 -2.2916767e-001
 -2.3491005e-001
 -2.4917110e-001
 -2.6717836e-001
 -2.8197892e-001
 -2.8652203e-001
 -2.7579857e-001
 -2.4838513e-001
 -2.0695166e-001
 -1.5763253e-001
 -1.0850908e-001
 -6.7688967e-002
 -4.1528901e-002
 -3.3433829e-002
 -4.3443298e-002
 -6.8576521e-002
 -1.0373126e-001
 -1.4285646e-001
 -1.8013423e-001
 -2.1097217e-001
 -2.3267798e-001
 -2.4474190e-001
 -2.4869424e-001
 -2.4755608e-001
 -2.4497707e-001
 -2.4424474e-001
 -2.4741839e-001
 -2.5484296e-001
 -2.6520514e-001
 -2.7612069e-001
 -2.8504642e-001
 -2.9017521e-001
 -2.9096576e-001
 -2.8809960e-001
 -2.8289765e-001
 -2.7646847e-001
 -2.6899229e-001
 -2.5950079e-001
 -2.4630115e-001
 -2.2789987e-001
 -2.0403475e-001
 -1.7633637e-001
 -1.4826077e-001
 -1.2422023e-001
 -1.0817441e-001
 -1.0218918e-001
 -1.0552100e-001
 -1.1461512e-001
 -1.2407832e-001
 -1.2832792e-001
 -1.2336480e-001
 -1.0806595e-001
 -8.4559842e-002
 -5.7571221e-002
 -3.2980085e-002
 -1.6099606e-002
 -1.0248188e-002
 -1.6051357e-002
 -3.1620515e-002
 -5.3433146e-002
 -7.7508401e-002
 -1.0041890e-001
 -1.1981592e-001
 -1.3440371e-001
 -1.4356082e-001
 -1.4695331e-001
 -1.4444818e-001
 -1.3643301e-001
 -1.2437626e-001
 -1.1125816e-001
 -1.0147788e-001
 -1.0003032e-001
 -1.1107863e-001
 -1.3637873e-001
 -1.7418134e-001
 -2.1914601e-001
 -2.6346311e-001
 -2.9891944e-001
 -3.1924902e-001
 -3.2195345e-001
 -3.0893323e-001
 -2.8568937e-001
 -2.5937325e-001
 -2.3637715e-001
 -2.2030850e-001
 -2.1102569e-001
 -2.0500766e-001
 -1.9684971e-001
 -1.8130843e-001
 -1.5518487e-001
 -1.1846037e-001
 -7.4402569e-002
 -2.8706310e-002
  1.2001970e-002
  4.1853960e-002
  5.7208929e-002
  5.7599877e-002
  4.5982358e-002
  2.8224928e-002
  1.1884931e-002
  4.4376696e-003
  1.1281053e-002
  3.3986701e-002
  6.9336327e-002
  1.0958889e-001
  1.4413782e-001
  1.6229145e-001
  1.5648012e-001
  1.2493100e-001
  7.2891125e-002
  1.1850761e-002
 -4.3174865e-002
 -7.7607202e-002
 -8.1363375e-002
 -5.1780332e-002
  5.5099078e-003
  7.8045488e-002
  1.4991190e-001
  2.0602314e-001
  2.3604565e-001
  2.3684828e-001
  2.1284201e-001
  1.7422436e-001
  1.3375444e-001
  1.0307283e-001
  8.9643145e-002
  9.5134353e-002
  1.1558432e-001
  1.4314272e-001
  1.6874867e-001
  1.8487622e-001
  1.8753018e-001
  1.7696165e-001
  1.5700098e-001
  1.3333698e-001
  1.1137587e-001
  9.4401168e-002
  8.2610013e-002
  7.3280112e-002
  6.1938335e-002
  4.4087355e-002
  1.6899095e-002
 -1.9661977e-002
 -6.2604513e-002
 -1.0659124e-001
 -1.4529678e-001
 -1.7304198e-001
 -1.8627191e-001
 -1.8452072e-001
 -1.7064794e-001
 -1.5029207e-001
 -1.3064380e-001
 -1.1877946e-001
 -1.1990620e-001
 -1.3593245e-001
 -1.6475748e-001
 -2.0054676e-001
 -2.3502611e-001
 -2.5953639e-001
 -2.6732865e-001
 -2.5544953e-001
 -2.2563526e-001
 -1.8390466e-001
 -1.3893914e-001
 -9.9729394e-002
 -7.3212625e-002
 -6.2628042e-002
 -6.7074462e-002
 -8.2345867e-002
 -1.0269393e-001
 -1.2287203e-001
 -1.3975470e-001
 -1.5301362e-001
 -1.6469063e-001
 -1.7790316e-001
 -1.9520626e-001
 -2.1722135e-001
 -2.4200965e-001
 -2.6538198e-001
 -2.8200995e-001
 -2.8695282e-001
 -2.7711305e-001
 -2.5219536e-001
 -2.1492344e-001
 -1.7049502e-001
 -1.2545659e-001
 -8.6308274e-002
 -5.8187405e-002
 -4.3932051e-002
 -4.3711630e-002
 -5.5259812e-002
 -7.4590342e-002
 -9.6959853e-002
 -1.1779894e-001
 -1.3338091e-001
 -1.4112223e-001
 -1.3956353e-001
 -1.2819865e-001
 -1.0734975e-001
 -7.8208928e-002
 -4.3018927e-002
 -5.2182461e-003
  3.0686646e-002
  5.9691472e-002
  7.7290209e-002
  8.0652529e-002
  6.9575693e-002
  4.6798009e-002
  1.7440375e-002
 -1.2346953e-002
 -3.7133167e-002
 -5.3756328e-002
 -6.2104273e-002
 -6.4813804e-002
 -6.5973293e-002
 -6.9302901e-002
 -7.6510423e-002
 -8.6482842e-002
 -9.5677058e-002
 -9.9621904e-002
 -9.5003855e-002
 -8.1547447e-002
 -6.2922881e-002
 -4.6221239e-002
 -4.0032641e-002
 -5.1675503e-002
 -8.4475221e-002
 -1.3604764e-001
 -1.9827158e-001
 -2.5911134e-001
 -3.0583953e-001
 -3.2871623e-001
 -3.2397567e-001
 -2.9513976e-001
 -2.5217807e-001
 -2.0870938e-001
 -1.7806862e-001
 -1.6943295e-001
 -1.8518611e-001
 -2.2030617e-001
 -2.6392332e-001
 -3.0252663e-001
 -3.2381929e-001
 -3.2007677e-001
 -2.9007637e-001
 -2.3914692e-001
 -1.7746131e-001
 -1.1717726e-001
 -6.9289433e-002
 -4.1041037e-002
 -3.4498978e-002
 -4.6526236e-002
 -7.0008237e-002
 -9.5902775e-002
 -1.1553747e-001
 -1.2258209e-001
 -1.1425149e-001
 -9.1510204e-002
 -5.8306135e-002
 -2.0109379e-002
  1.7782347e-002
  5.1642242e-002
  7.9973006e-002
  1.0321799e-001
  1.2264797e-001
  1.3886598e-001
  1.5055908e-001
  1.5408758e-001
  1.4422473e-001
  1.1592446e-001
  6.6557806e-002
 -2.2040547e-003
 -8.3647875e-002
 -1.6686212e-001
 -2.3906815e-001
 -2.8879573e-001
 -3.0892045e-001
 -2.9858331e-001
 -2.6336525e-001
 -2.1366565e-001
 -1.6182238e-001
 -1.1889748e-001
 -9.2103919e-002
 -8.3563489e-002
 -9.0589498e-002
 -1.0717733e-001
 -1.2604979e-001
 -1.4054516e-001
 -1.4583984e-001
 -1.3934704e-001
 -1.2046809e-001
 -9.0059872e-002
 -4.9969195e-002
 -2.8144726e-003
  4.8026984e-002
  9.8425272e-002
  1.4371894e-001
  1.7925943e-001
  2.0120626e-001
  2.0734445e-001
  1.9763955e-001
  1.7431619e-001
  1.4140836e-001
  1.0391418e-001
  6.6818392e-002
  3.4273224e-002
  9.1480396e-003
 -6.9930311e-003
 -1.3586480e-002
 -1.0647523e-002
  1.5413000e-003
  2.2478630e-002
  5.1214485e-002
  8.5970465e-002
  1.2383158e-001
  1.6073547e-001
  1.9189434e-001
  2.1262924e-001
  2.1943112e-001
  2.1094785e-001
  1.8857547e-001
  1.5641879e-001
  1.2055566e-001
  8.7741567e-002
  6.3862393e-002
  5.2531475e-002
  5.4204477e-002
  6.6058860e-002
  8.2689578e-002
  9.7463918e-002
  1.0421085e-001
  9.8834655e-002
  8.0455298e-002
  5.1781977e-002
  1.8595477e-002
 -1.1584072e-002
 -3.1372154e-002
 -3.5512382e-002
 -2.2486190e-002
  4.7269085e-003
  3.9045920e-002
  7.0877148e-002
  9.0597214e-002
  9.1326667e-002
  7.1216918e-002
  3.4515777e-002
 -9.0397102e-003
 -4.6488240e-002
 -6.5037150e-002
 -5.5659845e-002
 -1.5848182e-002
  4.9325489e-002
  1.2819779e-001
  2.0530446e-001
  2.6518226e-001
  2.9610686e-001
  2.9274542e-001
  2.5706747e-001
  1.9739889e-001
  1.2603470e-001
  5.6179233e-002
 -9.3446349e-004
 -3.8071442e-002
 -5.2833653e-002
 -4.7344882e-002
 -2.7089974e-002
  6.6664888e-004
  2.8490909e-002
  5.0146175e-002
  6.1577878e-002
  6.1462568e-002
  5.1298247e-002
  3.5015731e-002
  1.8114131e-002
  6.4004228e-003
  4.5383278e-003
  1.4737883e-002
  3.5973555e-002
  6.4046685e-002
  9.2595052e-002
  1.1485021e-001
  1.2565693e-001
  1.2311800e-001
  1.0929390e-001
  8.9671726e-002
  7.1532129e-002
  6.1733497e-002
  6.4645306e-002
  8.0907557e-002
  1.0738746e-001
  1.3826920e-001
  1.6682220e-001
  1.8720150e-001
  1.9570629e-001
  1.9121029e-001
  1.7484200e-001
  1.4926854e-001
  1.1800966e-001
  8.5063526e-002
  5.4851155e-002
  3.2230430e-002
  2.2229879e-002
  2.9266673e-002
  5.5897268e-002
  1.0147058e-001
  1.6125313e-001
  2.2655886e-001
  2.8612776e-001
  3.2855200e-001
  3.4511586e-001
  3.3217507e-001
  2.9226479e-001
  2.3349377e-001
  1.6733763e-001
  1.0548994e-001
  5.6765090e-002
  2.5040674e-002
  8.8722818e-003
  2.8332935e-003
  3.5963806e-005
 -5.1038424e-003
 -1.4844498e-002
 -2.7516126e-002
 -3.8470810e-002
 -4.2148846e-002
 -3.4442108e-002
 -1.4474843e-002
  1.4811342e-002
  4.7407345e-002
  7.5970287e-002
  9.3869731e-002
  9.6831019e-002
  8.3684991e-002
  5.6115297e-002
  1.7671937e-002
 -2.7452996e-002
 -7.5386636e-002
 -1.2296901e-001
 -1.6757198e-001
 -2.0660527e-001
 -2.3710398e-001
 -2.5574280e-001
 -2.5942026e-001
 -2.4628779e-001
 -2.1686881e-001
 -1.7481162e-001
 -1.2688433e-001
 -8.2033835e-002
 -4.9625632e-002
 -3.7263943e-002
 -4.8771547e-002
 -8.2923511e-002
 -1.3336500e-001
 -1.8983934e-001
 -2.4049159e-001
 -2.7469835e-001
 -2.8570151e-001
 -2.7234703e-001
 -2.3944839e-001
 -1.9665056e-001
 -1.5606412e-001
 -1.2926372e-001
 -1.2441263e-001
 -1.4424267e-001
 -1.8539833e-001
 -2.3930235e-001
 -2.9430886e-001
 -3.3857839e-001
 -3.6292352e-001
 -3.6288752e-001
 -3.3953195e-001
 -2.9877167e-001
 -2.4950550e-001
 -2.0112894e-001
 -1.6117443e-001
 -1.3375174e-001
 -1.1917673e-001
 -1.1477384e-001
 -1.1645455e-001
 -1.2044210e-001
 -1.2451204e-001
 -1.2834385e-001
 -1.3294220e-001
 -1.3944904e-001
 -1.4789320e-001
 -1.5643092e-001
 -1.6142274e-001
 -1.5835586e-001
 -1.4328885e-001
 -1.1429318e-001
 -7.2365500e-002
 -2.1475082e-002
  3.2286414e-002
  8.2187771e-002
  1.2251850e-001
  1.4994355e-001
  1.6419319e-001
  1.6794421e-001
  1.6597366e-001
  1.6383641e-001
  1.6639937e-001
  1.7656363e-001
  1.9444592e-001
  2.1719877e-001
  2.3953984e-001
  2.5493511e-001
  2.5724222e-001
  2.4248259e-001
  2.1031285e-001
  1.6475393e-001
  1.1384983e-001
  6.8171070e-002
  3.8402800e-002
  3.2573910e-002
  5.3678592e-002
  9.8427230e-002
  1.5761010e-001
  2.1811749e-001
  2.6615838e-001
  2.9081769e-001
  2.8693128e-001
  2.5641200e-001
  2.0759899e-001
  1.5280030e-001
  1.0476521e-001
  7.3168597e-002
  6.2189593e-002
  6.9908487e-002
  8.9639782e-002
  1.1266814e-001
  1.3138454e-001
  1.4170356e-001
  1.4392839e-001
  1.4182216e-001
  1.4032715e-001
  1.4289306e-001
  1.4952932e-001
  1.5641695e-001
  1.5730206e-001
  1.4617586e-001
  1.2020477e-001
  8.1722633e-002
  3.8404774e-002
  1.3988806e-003
 -1.8052113e-002
 -1.2380529e-002
  1.9442351e-002
  7.0975898e-002
  1.2970952e-001
  1.8042628e-001
  2.0953059e-001
  2.0903476e-001
  1.7900634e-001
  1.2774551e-001
  6.9632711e-002
  2.1255601e-002
 -3.0960775e-003
  4.6833438e-003
  4.4313434e-002
  1.0719851e-001
  1.7872778e-001
  2.4214652e-001
  2.8291301e-001
  2.9233736e-001
  2.6952449e-001
  2.2115036e-001
  1.5923718e-001
  9.7666948e-002
  4.8505362e-002
  1.9201479e-002
  1.1393856e-002
  2.1510753e-002
  4.2785707e-002
  6.7904543e-002
  9.1376932e-002
  1.1090403e-001
  1.2741194e-001
  1.4389101e-001
  1.6356564e-001
  1.8810162e-001
  2.1649675e-001
  2.4503360e-001
  2.6829920e-001
  2.8091637e-001
  2.7939791e-001
  2.6349346e-001
  2.3655951e-001
  2.0479444e-001
  1.7554588e-001
  1.5520305e-001
  1.4733385e-001
  1.5166300e-001
  1.6422932e-001
  1.7868625e-001
  1.8834138e-001
  1.8829016e-001
  1.7696879e-001
  1.5664085e-001
  1.3267927e-001
  1.1188954e-001
  1.0041550e-001
  1.0187968e-001
  1.1631003e-001
  1.4013838e-001
  1.6722024e-001
  1.9053296e-001
  2.0404427e-001
  2.0424141e-001
  1.9095051e-001
  1.6729675e-001
  1.3888390e-001
  1.1244757e-001
  9.4327264e-002
  8.9103902e-002
  9.8680504e-002
  1.2196889e-001
  1.5521098e-001
  1.9283166e-001
  2.2861202e-001
  2.5690785e-001
  2.7363618e-001
  2.7682054e-001
  2.6661294e-001
  2.4486235e-001
  2.1442751e-001
  1.7848623e-001
  1.4005214e-001
  1.0178635e-001
  6.6039865e-002
  3.4951996e-002
  1.0413699e-002
 -6.2045100e-003
 -1.4504817e-002
 -1.5493743e-002
 -1.1733492e-002
 -7.0205249e-003
 -5.5729978e-003
 -1.0918691e-002
 -2.4828644e-002
 -4.6667493e-002
 -7.3411904e-002
 -1.0036805e-001
 -1.2238448e-001
 -1.3519842e-001
 -1.3652705e-001
 -1.2661959e-001
 -1.0817008e-001
 -8.5677281e-002
 -6.4463436e-002
 -4.9598291e-002
 -4.4932927e-002
 -5.2372643e-002
 -7.1453551e-002
 -9.9257927e-002
 -1.3070179e-001
 -1.5922449e-001
 -1.7787097e-001
 -1.8066771e-001
 -1.6407120e-001
 -1.2815869e-001
 -7.7193636e-002
 -1.9275718e-002
  3.5016428e-002
  7.4804277e-002
  9.1448649e-002
  8.0807619e-002
  4.4563274e-002
 -9.8419969e-003
 -7.0766299e-002
 -1.2511178e-001
 -1.6157289e-001
 -1.7352249e-001
 -1.6072650e-001
 -1.2937884e-001
 -9.0413535e-002
 -5.6544676e-002
 -3.8855910e-002
 -4.3893632e-002
 -7.2066551e-002
 -1.1776437e-001
 -1.7110039e-001
 -2.2071482e-001
 -2.5679127e-001
 -2.7342060e-001
 -2.6969005e-001
 -2.4929480e-001
 -2.1892406e-001
 -1.8602270e-001
 -1.5666695e-001
 -1.3419082e-001
 -1.1890191e-001
 -1.0883960e-001
 -1.0118261e-001
 -9.3720117e-002
 -8.5819539e-002
 -7.8544375e-002
 -7.3916918e-002
 -7.3661560e-002
 -7.7979280e-002
 -8.4909342e-002
 -9.0620242e-002
 -9.0610583e-002
 -8.1423635e-002
 -6.2232690e-002
 -3.5642534e-002
 -7.2965569e-003
  1.5697282e-002
  2.7055118e-002
  2.3542286e-002
  6.3141727e-003
 -1.9187245e-002
 -4.4855636e-002
 -6.2591095e-002
 -6.7141865e-002
 -5.8125030e-002
 -4.0468405e-002
 -2.3030456e-002
 -1.5777605e-002
 -2.6411688e-002
 -5.7559981e-002
 -1.0548164e-001
 -1.6075651e-001
 -2.1077120e-001
 -2.4322846e-001
 -2.4958190e-001
 -2.2734602e-001
 -1.8062525e-001
 -1.1879784e-001
 -5.3868997e-002
  2.6232109e-003
  4.2216499e-002
  6.0974686e-002
  5.9554365e-002
  4.2122092e-002
  1.4665895e-002
 -1.6682347e-002
 -4.6848898e-002
 -7.2360524e-002
 -9.1322082e-002
 -1.0309190e-001
 -1.0792825e-001
 -1.0676239e-001
 -1.0108903e-001
 -9.2845258e-002
 -8.4135299e-002
 -7.6753426e-002
 -7.1608695e-002
 -6.8281106e-002
 -6.4965577e-002
 -5.8957596e-002
 -4.7631053e-002
 -2.9632488e-002
 -5.8644770e-003
  2.0169498e-002
  4.2913694e-002
  5.6158679e-002
  5.4924224e-002
  3.7237582e-002
  5.1880497e-003
 -3.5170016e-002
 -7.5135075e-002
 -1.0556105e-001
 -1.1930051e-001
 -1.1314690e-001
 -8.8687366e-002
 -5.1827035e-002
 -1.1167781e-002
  2.4232073e-002
  4.7041074e-002
  5.3188977e-002
  4.2427537e-002
  1.7929183e-002
 -1.4789835e-002
 -4.9211676e-002
 -7.9060233e-002
 -9.9241495e-002
 -1.0645448e-001
 -9.9551956e-002
 -7.9723767e-002
 -5.0484163e-002
 -1.7344619e-002
  1.2968491e-002
  3.3789498e-002
  4.0113719e-002
  3.0129069e-002
  6.1586615e-003
 -2.5443366e-002
 -5.5628759e-002
 -7.5001817e-002
 -7.6551818e-002
 -5.7917746e-002
 -2.2389811e-002
  2.1789242e-002
  6.3705744e-002
  9.2964464e-002
  1.0275873e-001
  9.1793962e-002
  6.4408085e-002
  2.8853468e-002
 -5.6446943e-003
 -3.1999482e-002
 -4.7429196e-002
 -5.3916491e-002
 -5.6832328e-002
 -6.2286834e-002
 -7.4253675e-002
 -9.2608579e-002
 -1.1288378e-001
 -1.2788864e-001
 -1.3062308e-001
 -1.1738756e-001
 -8.9873983e-002
 -5.5360857e-002
 -2.4817175e-002
 -9.4948125e-003
 -1.7171355e-002
 -4.9372591e-002
 -1.0058640e-001
 -1.5978658e-001
 -2.1376703e-001
 -2.5114374e-001
 -2.6565168e-001
 -2.5763207e-001
 -2.3327166e-001
 -2.0197163e-001
 -1.7288471e-001
 -1.5191970e-001
 -1.4028035e-001
 -1.3497604e-001
 -1.3096086e-001
 -1.2392963e-001
 -1.1256716e-001
 -9.9298464e-002
 -8.9221950e-002
 -8.7672085e-002
 -9.7448110e-002
 -1.1692134e-001
 -1.3991717e-001
 -1.5757343e-001
 -1.6157113e-001
 -1.4753320e-001
 -1.1723838e-001
 -7.8676383e-002
 -4.3750088e-002
 -2.4323567e-002
 -2.7979649e-002
 -5.5024827e-002
 -9.7881027e-002
 -1.4317026e-001
 -1.7583528e-001
 -1.8390531e-001
 -1.6228393e-001
 -1.1428896e-001
 -5.0474367e-002
  1.4787467e-002
  6.7736599e-002
  9.9154748e-002
  1.0653260e-001
  9.3893197e-002
  6.9526265e-002
  4.2577524e-002
  1.9746879e-002
  3.2005167e-003
 -9.7136100e-003
 -2.5025170e-002
 -4.9625548e-002
 -8.8614116e-002
 -1.4338327e-001
 -2.1097696e-001
 -2.8479193e-001
 -3.5627737e-001
 -4.1705210e-001
 -4.6083686e-001
 -4.8474775e-001
 -4.8972522e-001
 -4.8009515e-001
 -4.6242406e-001
 -4.4393250e-001
 -4.3078732e-001
 -4.2661817e-001
 -4.3159075e-001
 -4.4229485e-001
 -4.5255018e-001
 -4.5500827e-001
 -4.4318853e-001
 -4.1341229e-001
 -3.6607097e-001
 -3.0581861e-001
 -2.4058448e-001
 -1.7966203e-001
 -1.3142187e-001
 -1.0131106e-001
 -9.0695821e-002
 -9.6819911e-002
 -1.1379201e-001
 -1.3421449e-001
 -1.5092505e-001
 -1.5837664e-001
 -1.5338569e-001
 -1.3523630e-001
 -1.0532942e-001
 -6.6641010e-002
 -2.3194172e-002
  2.0387194e-002
  5.9306225e-002
  8.9114649e-002
  1.0638243e-001
  1.0943668e-001
  9.8956863e-002
  7.8157289e-002
  5.2356470e-002
  2.7914670e-002
  1.0751735e-002
  4.8429292e-003
  1.1149234e-002
  2.7334125e-002
  4.8379391e-002
  6.7921143e-002
  7.9891736e-002
  7.9963320e-002
  6.6379124e-002
  3.9993477e-002
  3.6278854e-003
 -3.8924820e-002
 -8.3838923e-002
 -1.2782002e-001
 -1.6819129e-001
 -2.0263306e-001
 -2.2886001e-001
 -2.4452754e-001
 -2.4752283e-001
 -2.3658287e-001
 -2.1198899e-001
 -1.7600325e-001
 -1.3277575e-001
 -8.7640759e-002
 -4.5958649e-002
 -1.1853878e-002
  1.2731273e-002
  2.8333289e-002
  3.7494217e-002
  4.3664973e-002
  4.9854947e-002
  5.7495964e-002
  6.5922980e-002
  7.2662867e-002
  7.4437125e-002
  6.8523950e-002
  5.3983599e-002
  3.2283175e-002
  7.0577155e-003
 -1.6952064e-002
 -3.5443895e-002
 -4.6048117e-002
 -4.9232907e-002
 -4.8266904e-002
 -4.8203398e-002
 -5.4191731e-002
 -6.9666728e-002
 -9.5028049e-002
 -1.2727430e-001
 -1.6074959e-001
 -1.8879594e-001
 -2.0580420e-001
 -2.0901757e-001
 -1.9950930e-001
 -1.8200640e-001
 -1.6358725e-001
 -1.5163057e-001
 -1.5163252e-001
 -1.6556117e-001
 -1.9126776e-001
 -2.2316009e-001
 -2.5395898e-001
 -2.7701655e-001
 -2.8848352e-001
 -2.8863574e-001
 -2.8190910e-001
 -2.7558213e-001
 -2.7747114e-001
 -2.9333292e-001
 -3.2479606e-001
 -3.6851555e-001
 -4.1689297e-001
 -4.6022392e-001
 -4.8967060e-001
 -5.0015471e-001
 -4.9223072e-001
 -4.7225947e-001
 -4.5069622e-001
 -4.3889681e-001
 -4.4535248e-001
 -4.7252097e-001
 -5.1532766e-001
 -5.6196665e-001
 -5.9695021e-001
 -6.0563615e-001
 -5.7893358e-001
 -5.1673584e-001
 -4.2893043e-001
 -3.3352191e-001
 -2.5227210e-001
 -2.0503872e-001
 -2.0442168e-001
 -2.5226003e-001
 -3.3897937e-001
 -4.4594647e-001
 -5.5011862e-001
 -6.2965331e-001
 -6.6894761e-001
 -6.6183652e-001
 -6.1227876e-001
 -5.3258680e-001
 -4.3989016e-001
 -3.5189071e-001
 -2.8301088e-001
 -2.4178901e-001
 -2.2995185e-001
 -2.4313111e-001
 -2.7280925e-001
 -3.0885744e-001
 -3.4198926e-001
 -3.6557759e-001
 -3.7651677e-001
 -3.7509015e-001
 -3.6405578e-001
 -3.4733170e-001
 -3.2871130e-001
 -3.1096482e-001
 -2.9551240e-001
 -2.8264620e-001
 -2.7209983e-001
 -2.6367210e-001
 -2.5763355e-001
 -2.5476405e-001
 -2.5603730e-001
 -2.6211514e-001
 -2.7288665e-001
 -2.8725981e-001
 -3.0330583e-001
 -3.1871622e-001
 -3.3141809e-001
 -3.4014540e-001
 -3.4479142e-001
 -3.4644946e-001
 -3.4714575e-001
 -3.4934420e-001
 -3.5534165e-001
 -3.6667649e-001
 -3.8366165e-001
 -4.0513691e-001
 -4.2851792e-001
 -4.5018800e-001
 -4.6621868e-001
 -4.7331580e-001
 -4.6978771e-001
 -4.5626193e-001
 -4.3587963e-001
 -4.1379954e-001
 -3.9603383e-001
 -3.8786549e-001
 -3.9227954e-001
 -4.0890093e-001
 -4.3382719e-001
 -4.6049041e-001
 -4.8135733e-001
 -4.8999157e-001
 -4.8286332e-001
 -4.6035783e-001
 -4.2668536e-001
 -3.8874535e-001
 -3.5431965e-001
 -3.3015200e-001
 -3.2045589e-001
 -3.2620219e-001
 -3.4525638e-001
 -3.7317579e-001
 -4.0433137e-001
 -4.3301972e-001
 -4.5434781e-001
 -4.6482812e-001
 -4.6273408e-001
 -4.4828800e-001
 -4.2369459e-001
 -3.9294934e-001
 -3.6131389e-001
 -3.3440904e-001
 -3.1702236e-001
 -3.1190139e-001
 -3.1891214e-001
 -3.3491071e-001
 -3.5448601e-001
 -3.7143786e-001
 -3.8057197e-001
 -3.7924260e-001
 -3.6812995e-001
 -3.5099526e-001
 -3.3351453e-001
 -3.2161200e-001
 -3.1986697e-001
 -3.3049556e-001
 -3.5315150e-001
 -3.8546279e-001
 -4.2396565e-001
 -4.6501363e-001
 -5.0534772e-001
 -5.4224183e-001
 -5.7336892e-001
 -5.9665419e-001
 -6.1034308e-001
 -6.1334360e-001
 -6.0570059e-001
 -5.8893115e-001
 -5.6596719e-001
 -5.4060741e-001
 -5.1660485e-001
 -4.9669785e-001
 -4.8194430e-001
 -4.7161217e-001
 -4.6366190e-001
 -4.5562336e-001
 -4.4552562e-001
 -4.3253817e-001
 -4.1712097e-001
 -4.0068835e-001
 -3.8497690e-001
 -3.7139553e-001
 -3.6060367e-001
 -3.5243923e-001
 -3.4616722e-001
 -3.4090623e-001
 -3.3605072e-001
 -3.3154186e-001
 -3.2791635e-001
 -3.2614309e-001
 -3.2731396e-001
 -3.3227987e-001
 -3.4132513e-001
 -3.5396242e-001
 -3.6891246e-001
 -3.8430091e-001
 -3.9805628e-001
 -4.0843076e-001
 -4.1450885e-001
 -4.1654213e-001
 -4.1597446e-001
 -4.1510262e-001
 -4.1643234e-001
 -4.2190046e-001
 -4.3219709e-001
 -4.4641084e-001
 -4.6213139e-001
 -4.7600530e-001
 -4.8459605e-001
 -4.8529907e-001
 -4.7703838e-001
 -4.6053575e-001
 -4.3807317e-001
 -4.1282621e-001
 -3.8797672e-001
 -3.6587914e-001
 -3.4753258e-001
 -3.3251088e-001
 -3.1935724e-001
 -3.0630615e-001
 -2.9209885e-001
 -2.7663577e-001
 -2.6126418e-001
 -2.4860879e-001
 -2.4198347e-001
 -2.4453509e-001
 -2.5833940e-001
 -2.8368024e-001
 -3.1869845e-001
 -3.5950914e-001
 -4.0077602e-001
 -4.3662497e-001
 -4.6170210e-001
 -4.7215256e-001
 -4.6632347e-001
 -4.4506688e-001
 -4.1161211e-001
 -3.7106217e-001
 -3.2962199e-001
 -2.9368123e-001
 -2.6886371e-001
 -2.5914146e-001
 -2.6611294e-001
 -2.8856406e-001
 -3.2244586e-001
 -3.6138274e-001
 -3.9774360e-001
 -4.2416457e-001
 -4.3524423e-001
 -4.2900232e-001
 -4.0766884e-001
 -3.7748875e-001
 -3.4747528e-001
 -3.2735206e-001
 -3.2519045e-001
 -3.4537580e-001
 -3.8747262e-001
 -4.4631528e-001
 -5.1330317e-001
 -5.7853697e-001
 -6.3320075e-001
 -6.7154028e-001
 -6.9191958e-001
 -6.9671082e-001
 -6.9110460e-001
 -6.8122643e-001
 -6.7213198e-001
 -6.6628019e-001
 -6.6294205e-001
 -6.5872835e-001
 -6.4908186e-001
 -6.3027239e-001
 -6.0124859e-001
 -5.6470514e-001
 -5.2693453e-001
 -4.9639850e-001
 -4.8137369e-001
 -4.8736300e-001
 -5.1510095e-001
 -5.5985378e-001
 -6.1234432e-001
 -6.6112363e-001
 -6.9572664e-001
 -7.0965325e-001
 -7.0222134e-001
 -6.7866238e-001
 -6.4838111e-001
 -6.2190356e-001
 -6.0748770e-001
 -6.0850692e-001
 -6.2247744e-001
 -6.4205811e-001
 -6.5768392e-001
 -6.6093521e-001
 -6.4749135e-001
 -6.1866389e-001
 -5.8100131e-001
 -5.4412933e-001
 -5.1759735e-001
 -5.0782746e-001
 -5.1619478e-001
 -5.3884004e-001
 -5.6819073e-001
 -5.9557910e-001
 -6.1400486e-001
 -6.2010898e-001
 -6.1477356e-001
 -6.0229129e-001
 -5.8854667e-001
 -5.7893990e-001
 -5.7677649e-001
 -5.8257917e-001
 -5.9438432e-001
 -6.0873023e-001
 -6.2185768e-001
 -6.3067161e-001
 -6.3320931e-001
 -6.2861979e-001
 -6.1686101e-001
 -5.9839143e-001
 -5.7405558e-001
 -5.4519610e-001
 -5.1385545e-001
 -4.8284246e-001
 -4.5547623e-001
 -4.3496582e-001
 -4.2357231e-001
 -4.2184405e-001
 -4.2824392e-001
 -4.3937909e-001
 -4.5083341e-001
 -4.5837398e-001
 -4.5914769e-001
 -4.5246693e-001
 -4.3991730e-001
 -4.2475462e-001
 -4.1080646e-001
 -4.0126222e-001
 -3.9776341e-001
 -4.0008652e-001
 -4.0649061e-001
 -4.1456416e-001
 -4.2223533e-001
 -4.2856514e-001
 -4.3403543e-001
 -4.4023518e-001
 -4.4907042e-001
 -4.6179608e-001
 -4.7823465e-001
 -4.9648435e-001
 -5.1325304e-001
 -5.2473931e-001
 -5.2779327e-001
 -5.2098803e-001
 -5.0525157e-001
 -4.8383875e-001
 -4.6162140e-001
 -4.4387541e-001
 -4.3488971e-001
 -4.3677185e-001
 -4.4877324e-001
 -4.6732397e-001
 -4.8679277e-001
 -5.0081288e-001
 -5.0387720e-001
 -4.9282917e-001
 -4.6787510e-001
 -4.3282396e-001
 -3.9441759e-001
 -3.6082712e-001
 -3.3961967e-001
 -3.3568560e-001
 -3.4969543e-001
 -3.7758141e-001
 -4.1130356e-001
 -4.4081129e-001
 -4.5674405e-001
 -4.5314540e-001
 -4.2939347e-001
 -3.9072103e-001
 -3.4707661e-001
 -3.1056007e-001
 -2.9210718e-001
 -2.9835660e-001
 -3.2962268e-001
 -3.7960779e-001
 -4.3699689e-001
 -4.8852451e-001
 -5.2265666e-001
 -5.3282574e-001
 -5.1926715e-001
 -4.8890842e-001
 -4.5333958e-001
 -4.2547132e-001
 -4.1588325e-001
 -4.2994809e-001
 -4.6655930e-001
 -5.1877178e-001
 -5.7605942e-001
 -6.2740151e-001
 -6.6419557e-001
 -6.8212230e-001
 -6.8150234e-001
 -6.6622709e-001
 -6.4181666e-001
 -6.1339196e-001
 -5.8427436e-001
 -5.5559753e-001
 -5.2687965e-001
 -4.9714116e-001
 -4.6600266e-001
 -4.3429824e-001
 -4.0402221e-001
 -3.7774724e-001
 -3.5786264e-001
 -3.4599740e-001
 -3.4282976e-001
 -3.4824500e-001
 -3.6161981e-001
 -3.8198277e-001
 -4.0793418e-001
 -4.3742335e-001
 -4.6764689e-001
 -4.9533676e-001
 -5.1752794e-001
 -5.3260759e-001
 -5.4119817e-001
 -5.4636219e-001
 -5.5280470e-001
 -5.6514099e-001
 -5.8573737e-001
 -6.1292530e-001
 -6.4038438e-001
 -6.5815609e-001
 -6.5519079e-001
 -6.2275172e-001
 -5.5762334e-001
 -4.6404953e-001
 -3.5367974e-001
 -2.4340810e-001
 -1.5164045e-001
 -9.3997782e-002
 -7.9613154e-002
 -1.0897647e-001
 -1.7382130e-001
 -2.5899555e-001
 -3.4578423e-001
 -4.1587269e-001
 -4.5508331e-001
 -4.5614837e-001
 -4.2002054e-001
 -3.5550408e-001
 -2.7727505e-001
 -2.0263768e-001
 -1.4762313e-001
 -1.2324011e-001
 -1.3276596e-001
 -1.7084442e-001
 -2.2479386e-001
 -2.7796755e-001
 -3.1438339e-001
 -3.2335907e-001
 -3.0275085e-001
 -2.5970855e-001
 -2.0858061e-001
 -1.6651963e-001
 -1.4813869e-001
 -1.6094844e-001
 -2.0309665e-001
 -2.6417664e-001
 -3.2882130e-001
 -3.8183089e-001
 -4.1305062e-001
 -4.2032024e-001
 -4.0952507e-001
 -3.9182552e-001
 -3.7914499e-001
 -3.7958731e-001
 -3.9443120e-001
 -4.1773385e-001
 -4.3861201e-001
 -4.4531661e-001
 -4.2961687e-001
 -3.8995944e-001
 -3.3235616e-001
 -2.6877682e-001
 -2.1367123e-001
 -1.7982238e-001
 -1.7486199e-001
 -1.9945842e-001
 -2.4756790e-001
 -3.0846596e-001
 -3.6977721e-001
 -4.2053900e-001
 -4.5347792e-001
 -4.6604247e-001
 -4.6016159e-001
 -4.4103618e-001
 -4.1543931e-001
 -3.8999630e-001
 -3.6979791e-001
 -3.5754466e-001
 -3.5328504e-001
 -3.5471371e-001
 -3.5792825e-001
 -3.5848423e-001
 -3.5253536e-001
 -3.3781309e-001
 -3.1421500e-001
 -2.8384962e-001
 -2.5051852e-001
 -2.1876729e-001
 -1.9275640e-001
 -1.7524824e-001
 -1.6696300e-001
 -1.6644188e-001
 -1.7041320e-001
 -1.7453411e-001
 -1.7431239e-001
 -1.6600701e-001
 -1.4734800e-001
 -1.1797671e-001
 -7.9561959e-002
 -3.5586437e-002
  9.1731368e-003
  4.9415893e-002
  8.0235412e-002
  9.8034438e-002
  1.0124522e-001
  9.0666167e-002
  6.9283931e-002
  4.1565855e-002
  1.2356991e-002
 -1.4343919e-002
 -3.6375608e-002
 -5.3841543e-002
 -6.8782444e-002
 -8.4135807e-002
 -1.0228333e-001
 -1.2368130e-001
 -1.4611100e-001
 -1.6493129e-001
 -1.7438734e-001
 -1.6963027e-001
 -1.4877811e-001
 -1.1424239e-001
 -7.2727615e-002
 -3.3746170e-002
 -7.0316241e-003
  3.2619770e-004
 -1.3956057e-002
 -4.6667601e-002
 -9.0152840e-002
 -1.3473290e-001
 -1.7163398e-001
 -1.9538204e-001
 -2.0484646e-001
 -2.0265232e-001
 -1.9331748e-001
 -1.8095386e-001
 -1.6750745e-001
 -1.5224540e-001
 -1.3264302e-001
 -1.0620950e-001
 -7.2377324e-002
 -3.3544642e-002
  5.2768094e-003
  3.8141872e-002
  6.0509684e-002
  7.1237865e-002
  7.3328413e-002
  7.3017194e-002
  7.7494147e-002
  9.2140754e-002
  1.1841324e-001
  1.5327028e-001
  1.9042874e-001
  2.2298338e-001
  2.4635773e-001
  2.6040229e-001
  2.6978451e-001
  2.8248660e-001
  3.0696572e-001
  3.4904057e-001
  4.0965513e-001
  4.8431549e-001
  5.6435742e-001
  6.3953812e-001
  7.0100875e-001
  7.4365971e-001
  7.6713247e-001
  7.7531467e-001
  7.7466610e-001
  7.7206792e-001
  7.7294381e-001
