  2.9531290e-003
 -1.1607638e-002
 -3.4872817e-002
 -6.2174606e-002
 -8.9641978e-002
 -1.1473073e-001
 -1.3612502e-001
 -1.5317579e-001
 -1.6521291e-001
 -1.7109684e-001
 -1.6925522e-001
 -1.5822884e-001
 -1.3752086e-001
 -1.0839178e-001
 -7.4231960e-002
 -4.0277102e-002
 -1.2661257e-002
  2.9582924e-003
  2.8061823e-003
 -1.4004008e-002
 -4.5176279e-002
 -8.5752408e-002
 -1.2930126e-001
 -1.6943774e-001
 -2.0124584e-001
 -2.2222413e-001
 -2.3252573e-001
 -2.3447628e-001
 -2.3155772e-001
 -2.2718477e-001
 -2.2363949e-001
 -2.2146333e-001
 -2.1945936e-001
 -2.1527527e-001
 -2.0637072e-001
 -1.9106531e-001
 -1.6934387e-001
 -1.4316732e-001
 -1.1618123e-001
 -9.2891213e-002
 -7.7534814e-002
 -7.2976792e-002
 -7.9956439e-002
 -9.6916666e-002
 -1.2047051e-001
 -1.4636326e-001
 -1.7063099e-001
 -1.9059268e-001
 -2.0536931e-001
 -2.1578285e-001
 -2.2369921e-001
 -2.3106758e-001
 -2.3900844e-001
 -2.4727656e-001
 -2.5428446e-001
 -2.5766723e-001
 -2.5517590e-001
 -2.4557313e-001
 -2.2921105e-001
 -2.0808931e-001
 -1.8537808e-001
 -1.6457485e-001
 -1.4858303e-001
 -1.3901398e-001
 -1.3592452e-001
 -1.3804346e-001
 -1.4337304e-001
 -1.4993103e-001
 -1.5636593e-001
 -1.6223791e-001
 -1.6788737e-001
 -1.7396449e-001
 -1.8081606e-001
 -1.8797845e-001
 -1.9399256e-001
 -1.9664697e-001
 -1.9360543e-001
 -1.8323079e-001
 -1.6532751e-001
 -1.4152257e-001
 -1.1509665e-001
 -9.0242982e-002
 -7.0922060e-002
 -5.9633786e-002
 -5.6490191e-002
 -5.8910296e-002
 -6.2085450e-002
 -6.0129033e-002
 -4.7605706e-002
 -2.1007652e-002
  2.0245920e-002
  7.3566802e-002
  1.3376694e-001
  1.9425847e-001
  2.4853886e-001
  2.9156426e-001
  3.2067830e-001
  3.3590950e-001
  3.3962279e-001
  3.3566099e-001
  3.2821057e-001
  3.2066503e-001
  3.1474481e-001
  3.1007606e-001
  3.0433747e-001
  2.9396306e-001
  2.7525147e-001
  2.4560777e-001
  2.0457014e-001
  1.5428984e-001
  9.9256821e-002
  4.5278000e-002
 -2.0378758e-003
 -3.8837978e-002
 -6.4109434e-002
 -7.9882626e-002
 -9.0414999e-002
 -1.0056527e-001
 -1.1387800e-001
 -1.3105156e-001
 -1.4938564e-001
 -1.6350235e-001
 -1.6719708e-001
 -1.5584871e-001
 -1.2856284e-001
 -8.9243628e-002
 -4.6106418e-002
 -9.6604945e-003
  1.0265428e-002
  7.5100761e-003
 -1.8422021e-002
 -6.2055226e-002
 -1.1347997e-001
 -1.6126013e-001
 -1.9577149e-001
 -2.1188858e-001
 -2.1016678e-001
 -1.9618468e-001
 -1.7833032e-001
 -1.6481471e-001
 -1.6090882e-001
 -1.6726725e-001
 -1.7979104e-001
 -1.9095425e-001
 -1.9206672e-001
 -1.7571412e-001
 -1.3766195e-001
 -7.7779175e-002
  9.6094107e-005
  8.9107154e-002
  1.8073519e-001
  2.6616239e-001
  3.3738366e-001
  3.8798919e-001
  4.1366973e-001
  4.1253017e-001
  3.8524600e-001
  3.3501646e-001
  2.6722498e-001
  1.8875031e-001
  1.0697934e-001
  2.8704224e-002
 -4.0824308e-002
 -9.8424187e-002
 -1.4294803e-001
 -1.7474142e-001
 -1.9483905e-001
 -2.0424684e-001
 -2.0361683e-001
 -1.9344081e-001
 -1.7463864e-001
 -1.4920717e-001
 -1.2052632e-001
 -9.3038340e-002
 -7.1286278e-002
 -5.8609093e-002
 -5.6002483e-002
 -6.1658717e-002
 -7.1471978e-002
 -8.0417257e-002
 -8.4334766e-002
 -8.1443790e-002
 -7.2973246e-002
 -6.2622404e-002
 -5.5030452e-002
 -5.3846750e-002
 -6.0176976e-002
 -7.2046720e-002
 -8.5118749e-002
 -9.4385090e-002
 -9.6143956e-002
 -8.9439499e-002
 -7.6351830e-002
 -6.0996306e-002
 -4.7634222e-002
 -3.8687159e-002
 -3.3517729e-002
 -2.8551509e-002
 -1.8775800e-002
 -7.2686776e-005
  2.8539116e-002
  6.3705235e-002
  9.8175887e-002
  1.2287182e-001
  1.2992685e-001
  1.1564231e-001
  8.2258527e-002
  3.7826394e-002
 -5.8851316e-003
 -3.6816910e-002
 -4.6273874e-002
 -3.1600832e-002
  3.0044120e-003
  4.7805208e-002
  9.0532750e-002
  1.2011020e-001
  1.2991203e-001
  1.1955628e-001
  9.4718576e-002
  6.5087445e-002
  4.1147789e-002
  3.0812672e-002
  3.6935542e-002
  5.6438606e-002
  8.1289919e-002
  1.0100696e-001
  1.0591974e-001
  9.0216115e-002
  5.3869975e-002
  2.8912993e-003
 -5.2166707e-002
 -9.8999842e-002
 -1.2682951e-001
 -1.2922218e-001
 -1.0566348e-001
 -6.1483163e-002
 -6.2226278e-003
  4.9008008e-002
  9.4361582e-002
  1.2343875e-001
  1.3423647e-001
  1.2869186e-001
  1.1111050e-001
  8.6112105e-002
  5.6846077e-002
  2.4091040e-002
 -1.3491161e-002
 -5.8102312e-002
 -1.1106933e-001
 -1.7130240e-001
 -2.3455573e-001
 -2.9381067e-001
 -3.4071025e-001
 -3.6761806e-001
 -3.6967161e-001
 -3.4621026e-001
 -3.0116191e-001
 -2.4229039e-001
 -1.7952659e-001
 -1.2283621e-001
 -8.0162120e-002
 -5.5921098e-002
 -5.0370465e-002
 -5.9944496e-002
 -7.8442705e-002
 -9.8768429e-002
 -1.1479308e-001
 -1.2288200e-001
 -1.2268090e-001
 -1.1693211e-001
 -1.1034514e-001
 -1.0782702e-001
 -1.1260068e-001
 -1.2481939e-001
 -1.4117247e-001
 -1.5568569e-001
 -1.6153087e-001
 -1.5330129e-001
 -1.2901369e-001
 -9.1144113e-002
 -4.6293878e-002
 -3.5214311e-003
  2.8181656e-002
  4.2502041e-002
  3.7697982e-002
  1.7197800e-002
 -1.1262451e-002
 -3.7678905e-002
 -5.2378465e-002
 -4.8438086e-002
 -2.3304828e-002
  2.0711284e-002
  7.7050456e-002
  1.3631718e-001
  1.8805306e-001
  2.2245287e-001
  2.3175150e-001
  2.1118467e-001
  1.5955409e-001
  7.9462597e-002
 -2.2763014e-002
 -1.3752105e-001
 -2.5285285e-001
 -3.5587438e-001
 -4.3462211e-001
 -4.8002847e-001
 -4.8759969e-001
 -4.5834880e-001
 -3.9867570e-001
 -3.1915556e-001
 -2.3250709e-001
 -1.5124948e-001
 -8.5631125e-002
 -4.2295152e-002
 -2.3884426e-002
 -2.9486237e-002
 -5.5587287e-002
 -9.7132107e-002
 -1.4836331e-001
 -2.0331523e-001
 -2.5604037e-001
 -3.0078040e-001
 -3.3230064e-001
 -3.4649397e-001
 -3.4118360e-001
 -3.1689103e-001
 -2.7725833e-001
 -2.2885814e-001
 -1.8028248e-001
 -1.4062148e-001
 -1.1765141e-001
 -1.1617501e-001
 -1.3695092e-001
 -1.7650996e-001
 -2.2792543e-001
 -2.8235406e-001
 -3.3096857e-001
 -3.6681659e-001
 -3.8617954e-001
 -3.8914677e-001
 -3.7931663e-001
 -3.6273428e-001
 -3.4633261e-001
 -3.3623594e-001
 -3.3630550e-001
 -3.4725529e-001
 -3.6654984e-001
 -3.8912566e-001
 -4.0877910e-001
 -4.1987816e-001
 -4.1893727e-001
 -4.0559387e-001
 -3.8266767e-001
 -3.5524574e-001
 -3.2904844e-001
 -3.0858784e-001
 -2.9573215e-001
 -2.8918101e-001
 -2.8505834e-001
 -2.7843697e-001
 -2.6526720e-001
 -2.4402152e-001
 -2.1646158e-001
 -1.8725143e-001
 -1.6256331e-001
 -1.4818465e-001
 -1.4779373e-001
 -1.6197082e-001
 -1.8820094e-001
 -2.2174327e-001
 -2.5695164e-001
 -2.8854322e-001
 -3.1244261e-001
 -3.2608964e-001
 -3.2835256e-001
 -3.1931191e-001
 -3.0013150e-001
 -2.7306061e-001
 -2.4142893e-001
 -2.0941392e-001
 -1.8143133e-001
 -1.6118929e-001
 -1.5065650e-001
 -1.4931407e-001
 -1.5402240e-001
 -1.5964667e-001
 -1.6032541e-001
 -1.5103989e-001
 -1.2903588e-001
 -9.4693780e-002
 -5.1611386e-002
 -5.8874169e-003
  3.5200598e-002
  6.4797062e-002
  7.7979284e-002
  7.2852793e-002
  5.1008001e-002
  1.7252053e-002
 -2.1323303e-002
 -5.6741984e-002
 -8.1716275e-002
 -9.1054907e-002
 -8.2602991e-002
 -5.7519617e-002
 -1.9861715e-002
  2.4383641e-002
  6.8543968e-002
  1.0646002e-001
  1.3336611e-001
  1.4631091e-001
  1.4413973e-001
  1.2719184e-001
  9.6922201e-002
  5.5618886e-002
  6.2807241e-003
 -4.7405620e-002
 -1.0113262e-001
 -1.5022791e-001
 -1.9016095e-001
 -2.1723031e-001
 -2.2924221e-001
 -2.2594210e-001
 -2.0901385e-001
 -1.8160210e-001
 -1.4749022e-001
 -1.1020647e-001
 -7.2371892e-002
 -3.5519377e-002
 -4.2962139e-004
  3.2185057e-002
  6.0976825e-002
  8.3597705e-002
  9.6914439e-002
  9.7810387e-002
  8.4323103e-002
  5.6686358e-002
  1.7825619e-002
 -2.6982141e-002
 -7.1280146e-002
 -1.0911246e-001
 -1.3667038e-001
 -1.5332975e-001
 -1.6168532e-001
 -1.6652342e-001
 -1.7304674e-001
 -1.8493760e-001
 -2.0291873e-001
 -2.2431310e-001
 -2.4377279e-001
 -2.5495823e-001
 -2.5263701e-001
 -2.3453768e-001
 -2.0237514e-001
 -1.6172193e-001
 -1.2074668e-001
 -8.8170621e-002
 -7.1013636e-002
 -7.2760495e-002
 -9.2465235e-002
 -1.2505736e-001
 -1.6278132e-001
 -1.9737453e-001
 -2.2236006e-001
 -2.3477333e-001
 -2.3579023e-001
 -2.3005030e-001
 -2.2387969e-001
 -2.2298287e-001
 -2.3036000e-001
 -2.4514276e-001
 -2.6273851e-001
 -2.7623218e-001
 -2.7857442e-001
 -2.6483360e-001
 -2.3379523e-001
 -1.8844247e-001
 -1.3524273e-001
 -8.2546836e-002
 -3.8643425e-002
 -1.0035809e-002
 -3.4388895e-004
 -9.9729782e-003
 -3.6449894e-002
 -7.5189419e-002
 -1.2044260e-001
 -1.6625160e-001
 -2.0732219e-001
 -2.3976626e-001
 -2.6164821e-001
 -2.7322701e-001
 -2.7677791e-001
 -2.7594750e-001
 -2.7473921e-001
 -2.7638602e-001
 -2.8246059e-001
 -2.9253389e-001
 -3.0451351e-001
 -3.1553441e-001
 -3.2304711e-001
 -3.2566083e-001
 -3.2340184e-001
 -3.1730737e-001
 -3.0858012e-001
 -2.9773780e-001
 -2.8420436e-001
 -2.6658824e-001
 -2.4356466e-001
 -2.1497106e-001
 -1.8258182e-001
 -1.5012477e-001
 -1.2240480e-001
 -1.0378378e-001
 -9.6567076e-002
 -9.9933975e-002
 -1.0987924e-001
 -1.2026895e-001
 -1.2469674e-001
 -1.1851958e-001
 -1.0037271e-001
 -7.2643106e-002
 -4.0748911e-002
 -1.1491224e-002
  8.9432147e-003
  1.6656613e-002
  1.0874219e-002
 -6.2457447e-003
 -3.0630301e-002
 -5.7666036e-002
 -8.3388970e-002
 -1.0510553e-001
 -1.2136353e-001
 -1.3150308e-001
 -1.3519409e-001
 -1.3232676e-001
 -1.2338398e-001
 -1.1010205e-001
 -9.5982279e-002
 -8.6184293e-002
 -8.6553506e-002
 -1.0192974e-001
 -1.3427793e-001
 -1.8138525e-001
 -2.3676259e-001
 -2.9098667e-001
 -3.3416975e-001
 -3.5877256e-001
 -3.6178637e-001
 -3.4549443e-001
 -3.1652195e-001
 -2.8350337e-001
 -2.5419359e-001
 -2.3303267e-001
 -2.1997855e-001
 -2.1093781e-001
 -1.9954918e-001
 -1.7962913e-001
 -1.4742606e-001
 -1.0297727e-001
 -5.0226982e-002
  4.0170341e-003
  5.1890011e-002
  8.6501310e-002
  1.0368475e-001
  1.0310036e-001
  8.8482581e-002
  6.6974938e-002
  4.7623157e-002
  3.9247566e-002
  4.8091346e-002
  7.5803859e-002
  1.1838203e-001
  1.6656876e-001
  2.0786391e-001
  2.2980715e-001
  2.2370278e-001
  1.8767186e-001
  1.2798521e-001
  5.8079013e-002
 -4.6401957e-003
 -4.3367075e-002
 -4.6521658e-002
 -1.1034420e-002
  5.6710883e-002
  1.4256231e-001
  2.2839520e-001
  2.9687829e-001
  3.3582503e-001
  3.4093544e-001
  3.1627307e-001
  2.7251635e-001
  2.2364781e-001
  1.8311747e-001
  1.6055501e-001
  1.5983762e-001
  1.7886099e-001
  2.1086398e-001
  2.4676354e-001
  2.7775706e-001
  2.9747001e-001
  3.0313474e-001
  2.9560681e-001
  2.7836467e-001
  2.5590779e-001
  2.3210021e-001
  2.0897243e-001
  1.8631231e-001
  1.6210458e-001
  1.3360534e-001
  9.8647832e-002
  5.6725102e-002
  9.4921715e-003
 -3.9465005e-002
 -8.5507877e-002
 -1.2418862e-001
 -1.5247738e-001
 -1.6961010e-001
 -1.7731034e-001
 -1.7931611e-001
 -1.8033110e-001
 -1.8467664e-001
 -1.9500936e-001
 -2.1146733e-001
 -2.3150784e-001
 -2.5051793e-001
 -2.6305744e-001
 -2.6439495e-001
 -2.5188829e-001
 -2.2578950e-001
 -1.8922327e-001
 -1.4734923e-001
 -1.0598586e-001
 -7.0149413e-002
 -4.2981071e-002
 -2.5387087e-002
 -1.6455083e-002
 -1.4429074e-002
 -1.7830264e-002
 -2.6270863e-002
 -4.0636919e-002
 -6.2563985e-002
 -9.3403389e-002
 -1.3307594e-001
 -1.7926207e-001
 -2.2726626e-001
 -2.7066277e-001
 -3.0256549e-001
 -3.1716076e-001
 -3.1106587e-001
 -2.8414227e-001
 -2.3956713e-001
 -1.8318041e-001
 -1.2230931e-001
 -6.4377637e-002
 -1.5622689e-002
  1.9820762e-002
  4.0322448e-002
  4.6628541e-002
  4.1310431e-002
  2.7987184e-002
  1.0553800e-002
 -7.3859487e-003
 -2.2781765e-002
 -3.3128393e-002
 -3.6340588e-002
 -3.0715589e-002
 -1.5134392e-002
  1.0491158e-002
  4.4695139e-002
  8.4150756e-002
  1.2386736e-001
  1.5802209e-001
  1.8129718e-001
  1.9033657e-001
  1.8480322e-001
  1.6759015e-001
  1.4401305e-001
  1.2019208e-001
  1.0116530e-001
  8.9415826e-002
  8.4367523e-002
  8.3043210e-002
  8.1623855e-002
  7.7279868e-002
  6.9521698e-002
  6.0494474e-002
  5.4056821e-002
  5.3975248e-002
  6.1938098e-002
  7.6197794e-002
  9.1442209e-002
  1.0005144e-001
  9.4381097e-002
  6.9318686e-002
  2.4230902e-002
 -3.6396155e-002
 -1.0389038e-001
 -1.6764005e-001
 -2.1795293e-001
 -2.4862585e-001
 -2.5842492e-001
 -2.5104455e-001
 -2.3361852e-001
 -2.1432429e-001
 -1.9989432e-001
 -1.9383790e-001
 -1.9589528e-001
 -2.0279966e-001
 -2.0997203e-001
 -2.1347578e-001
 -2.1151096e-001
 -2.0493712e-001
 -1.9669462e-001
 -1.9040423e-001
 -1.8871753e-001
 -1.9206374e-001
 -1.9827373e-001
 -2.0322394e-001
 -2.0225750e-001
 -1.9184907e-001
 -1.7088910e-001
 -1.4110599e-001
 -1.0646757e-001
 -7.1787269e-002
 -4.1061791e-002
 -1.6171502e-002
  3.5583842e-003
  2.0761291e-002
  3.8616689e-002
  5.9157763e-002
  8.1956702e-002
  1.0372316e-001
  1.1902904e-001
  1.2196521e-001
  1.0818854e-001
  7.6654443e-002
  3.0408978e-002
 -2.3888865e-002
 -7.7628917e-002
 -1.2261331e-001
 -1.5339221e-001
 -1.6882653e-001
 -1.7235634e-001
 -1.7084870e-001
 -1.7234421e-001
 -1.8337716e-001
 -2.0669832e-001
 -2.4012798e-001
 -2.7693493e-001
 -3.0767073e-001
 -3.2292992e-001
 -3.1620080e-001
 -2.8592108e-001
 -2.3608339e-001
 -1.7518376e-001
 -1.1383009e-001
 -6.1758918e-002
 -2.5199631e-002
 -5.4073156e-003
  1.2065099e-003
  1.4504642e-003
  2.8359012e-003
  1.1044351e-002
  2.8227526e-002
  5.2659191e-002
  7.9755134e-002
  1.0398706e-001
  1.2092007e-001
  1.2860830e-001
  1.2787898e-001
  1.2149982e-001
  1.1267150e-001
  1.0354008e-001
  9.4386744e-002
  8.3843908e-002
  7.0036689e-002
  5.2139005e-002
  3.1633435e-002
  1.2656038e-002
  1.1605634e-003
  3.1136492e-003
  2.2344631e-002
  5.8852821e-002
  1.0824239e-001
  1.6255422e-001
  2.1224825e-001
  2.4866264e-001
  2.6610976e-001
  2.6293179e-001
  2.4126348e-001
  2.0575822e-001
  1.6191067e-001
  1.1469737e-001
  6.8021344e-002
  2.5002807e-002
 -1.1289681e-002
 -3.7308787e-002
 -4.9245450e-002
 -4.4145703e-002
 -2.1560647e-002
  1.5035558e-002
  5.7896194e-002
  9.6230667e-002
  1.1890169e-001
  1.1781716e-001
  9.0824037e-002
  4.2945839e-002
 -1.4677608e-002
 -6.7962756e-002
 -1.0416273e-001
 -1.1577330e-001
 -1.0265951e-001
 -7.1626174e-002
 -3.3604956e-002
  4.6701829e-004
  2.3508441e-002
  3.4443087e-002
  3.7871309e-002
  4.1480981e-002
  5.2302158e-002
  7.3348076e-002
  1.0200474e-001
  1.3081237e-001
  1.5031740e-001
  1.5284940e-001
  1.3571375e-001
  1.0252427e-001
  6.2128052e-002
  2.5509801e-002
  1.8431392e-003
 -4.8140271e-003
  3.0764088e-003
  1.7570156e-002
  2.8342363e-002
  2.6701372e-002
  9.0183133e-003
 -2.1708610e-002
 -5.6745118e-002
 -8.4649137e-002
 -9.5332535e-002
 -8.3679430e-002
 -5.1417938e-002
 -6.5907460e-003
  3.9154506e-002
  7.4459069e-002
  9.1942768e-002
  9.0422739e-002
  7.4965556e-002
  5.4869255e-002
  4.0385032e-002
  3.9368908e-002
  5.4985612e-002
  8.5128360e-002
  1.2356630e-001
  1.6223844e-001
  1.9378726e-001
  2.1345820e-001
  2.1983249e-001
  2.1435309e-001
  2.0004741e-001
  1.8008736e-001
  1.5678934e-001
  1.3138849e-001
  1.0454960e-001
  7.7257291e-002
  5.1583507e-002
  3.0905945e-002
  1.9402378e-002
  2.0961707e-002
  3.7903104e-002
  6.9983090e-002
  1.1406966e-001
  1.6462088e-001
  2.1482234e-001
  2.5802188e-001
  2.8902576e-001
  3.0490230e-001
  3.0513341e-001
  2.9117910e-001
  2.6569305e-001
  2.3169452e-001
  1.9195606e-001
  1.4874164e-001
  1.0388371e-001
  5.9073006e-002
  1.6184401e-002
 -2.2524333e-002
 -5.4444393e-002
 -7.6904696e-002
 -8.7669108e-002
 -8.5532708e-002
 -7.0864994e-002
 -4.5929896e-002
 -1.4830529e-002
  1.7007282e-002
  4.3783774e-002
  6.0534359e-002
  6.4300326e-002
  5.4906822e-002
  3.5052669e-002
  9.5961631e-003
 -1.5821994e-002
 -3.6428154e-002
 -4.9704123e-002
 -5.6016837e-002
 -5.8217853e-002
 -6.0295688e-002
 -6.5525993e-002
 -7.4796320e-002
 -8.5781151e-002
 -9.3385188e-002
 -9.1430504e-002
 -7.5084925e-002
 -4.3191806e-002
  3.9499264e-004
  4.7095209e-002
  8.5600746e-002
  1.0507152e-001
  9.8533766e-002
  6.5328996e-002
  1.1706390e-002
 -5.0764338e-002
 -1.0854865e-001
 -1.5023266e-001
 -1.7000693e-001
 -1.6937710e-001
 -1.5650066e-001
 -1.4333992e-001
 -1.4155964e-001
 -1.5852556e-001
 -1.9472781e-001
 -2.4347367e-001
 -2.9293470e-001
 -3.2985676e-001
 -3.4370997e-001
 -3.2994047e-001
 -2.9131210e-001
 -2.3696946e-001
 -1.7959173e-001
 -1.3159353e-001
 -1.0158563e-001
 -9.2166827e-002
 -9.9649400e-002
 -1.1568935e-001
 -1.3021025e-001
 -1.3465356e-001
 -1.2455416e-001
 -1.0071312e-001
 -6.8711447e-002
 -3.7017312e-002
 -1.4327639e-002
 -6.9496957e-003
 -1.6945464e-002
 -4.1485883e-002
 -7.3497644e-002
 -1.0334665e-001
 -1.2107692e-001
 -1.1865014e-001
 -9.1696578e-002
 -4.0446505e-002
  3.0295405e-002
  1.1208630e-001
  1.9449565e-001
  2.6716165e-001
  3.2187025e-001
  3.5424248e-001
  3.6464559e-001
  3.5805675e-001
  3.4281122e-001
  3.2843603e-001
  3.2304393e-001
  3.3095416e-001
  3.5123425e-001
  3.7767652e-001
  4.0035600e-001
  4.0845388e-001
  3.9361148e-001
  3.5284700e-001
  2.9011747e-001
  2.1595104e-001
  1.4512393e-001
  9.2947592e-002
  7.1178462e-002
  8.4716183e-002
  1.3005699e-001
  1.9597268e-001
  2.6624271e-001
  3.2367635e-001
  3.5430496e-001
  3.5060524e-001
  3.1293142e-001
  2.4887974e-001
  1.7090916e-001
  9.3012678e-002
  2.7436324e-002
 -1.7670795e-002
 -3.9169501e-002
 -3.8404724e-002
 -1.9695487e-002
  1.1449898e-002
  4.9710793e-002
  9.0525442e-002
  1.2987962e-001
  1.6371780e-001
  1.8756170e-001
  1.9681660e-001
  1.8789310e-001
  1.5981926e-001
  1.1566539e-001
  6.3022351e-002
  1.3027504e-002
 -2.2056903e-002
 -3.2131469e-002
 -1.2418773e-002
  3.4577242e-002
  9.9075788e-002
  1.6615940e-001
  2.1954570e-001
  2.4595598e-001
  2.3883232e-001
  2.0032117e-001
  1.4092712e-001
  7.6895158e-002
  2.6011152e-002
  2.9453761e-003
  1.5388195e-002
  6.2012958e-002
  1.3280739e-001
  2.1167331e-001
  2.8057774e-001
  3.2411791e-001
  3.3326006e-001
  3.0726441e-001
  2.5334573e-001
  1.8428185e-001
  1.1476661e-001
  5.7626980e-002
  2.0988861e-002
  7.1056480e-003
  1.2993241e-002
  3.2442799e-002
  5.8597342e-002
  8.6193175e-002
  1.1278457e-001
  1.3868947e-001
  1.6585589e-001
  1.9619577e-001
  2.3006329e-001
  2.6544732e-001
  2.9816110e-001
  3.2295335e-001
  3.3515172e-001
  3.3227552e-001
  3.1506516e-001
  2.8756056e-001
  2.5616146e-001
  2.2792657e-001
  2.0861774e-001
  2.0109089e-001
  2.0454162e-001
  2.1485573e-001
  2.2596898e-001
  2.3181928e-001
  2.2828213e-001
  2.1448522e-001
  1.9309767e-001
  1.6951859e-001
  1.5023508e-001
  1.4086889e-001
  1.4450508e-001
  1.6078220e-001
  1.8597186e-001
  2.1397705e-001
  2.3792968e-001
  2.5193546e-001
  2.5251973e-001
  2.3944537e-001
  2.1575437e-001
  1.8707062e-001
  1.6035337e-001
  1.4238601e-001
  1.3832005e-001
  1.5057145e-001
  1.7829322e-001
  2.1753188e-001
  2.6203055e-001
  3.0449472e-001
  3.3802392e-001
  3.5737057e-001
  3.5973893e-001
  3.4497589e-001
  3.1518940e-001
  2.7399622e-001
  2.2568476e-001
  1.7454733e-001
  1.2450637e-001
  7.8991317e-002
  4.0899004e-002
  1.2452145e-002
 -5.1317161e-003
 -1.2083145e-002
 -1.0413038e-002
 -3.8699940e-003
  2.6424412e-003
  4.1461957e-003
 -3.1040685e-003
 -2.0501289e-002
 -4.6554290e-002
 -7.7167569e-002
 -1.0668328e-001
 -1.2937619e-001
 -1.4094818e-001
 -1.3959110e-001
 -1.2635701e-001
 -1.0481253e-001
 -8.0163896e-002
 -5.8145193e-002
 -4.3946122e-002
 -4.1353749e-002
 -5.2163215e-002
 -7.5839521e-002
 -1.0941316e-001
 -1.4764671e-001
 -1.8356283e-001
 -2.0941749e-001
 -2.1810537e-001
 -2.0481357e-001
 -1.6855990e-001
 -1.1314633e-001
 -4.7099461e-002
  1.7619024e-002
  6.8009799e-002
  9.3049958e-002
  8.6560659e-002
  4.9099242e-002
 -1.1763031e-002
 -8.3002669e-002
 -1.4924522e-001
 -1.9662978e-001
 -2.1638877e-001
 -2.0712736e-001
 -1.7512949e-001
 -1.3257582e-001
 -9.4165522e-002
 -7.3100479e-002
 -7.7571612e-002
 -1.0872433e-001
 -1.6062732e-001
 -2.2216945e-001
 -2.8025187e-001
 -3.2329718e-001
 -3.4406179e-001
 -3.4100932e-001
 -3.1798124e-001
 -2.8242784e-001
 -2.4287234e-001
 -2.0645384e-001
 -1.7729151e-001
 -1.5608200e-001
 -1.4090111e-001
 -1.2877714e-001
 -1.1736801e-001
 -1.0608153e-001
 -9.6221993e-002
 -9.0140077e-002
 -8.9765708e-002
 -9.5166987e-002
 -1.0379759e-001
 -1.1085190e-001
 -1.1072041e-001
 -9.9082858e-002
 -7.4867644e-002
 -4.1275864e-002
 -5.3487131e-003
  2.3935682e-002
  3.8492899e-002
  3.3948248e-002
  1.1416948e-002
 -2.2480267e-002
 -5.7513744e-002
 -8.3126535e-002
 -9.2045051e-002
 -8.2979303e-002
 -6.1419324e-002
 -3.8143285e-002
 -2.5824978e-002
 -3.4797705e-002
 -6.9359482e-002
 -1.2586609e-001
 -1.9329137e-001
 -2.5612822e-001
 -2.9873500e-001
 -3.0976580e-001
 -2.8531523e-001
 -2.2985421e-001
 -1.5476763e-001
 -7.5066809e-002
 -5.3805365e-003
  4.3538272e-002
  6.6833121e-002
  6.5698490e-002
  4.5904416e-002
  1.5400313e-002
 -1.8119188e-002
 -4.8950827e-002
 -7.4057958e-002
 -9.2751810e-002
 -1.0577190e-001
 -1.1427628e-001
 -1.1915214e-001
 -1.2081546e-001
 -1.1940656e-001
 -1.1512004e-001
 -1.0839499e-001
 -9.9820961e-002
 -8.9813882e-002
 -7.8281155e-002
 -6.4542259e-002
 -4.7670831e-002
 -2.7214740e-002
 -4.0250651e-003
  1.9208289e-002
  3.8080276e-002
  4.7404895e-002
  4.2787610e-002
  2.2357410e-002
 -1.1976377e-002
 -5.4299005e-002
 -9.5745120e-002
 -1.2664234e-001
 -1.3914304e-001
 -1.2952434e-001
 -9.9401134e-002
 -5.5434652e-002
 -7.6093050e-003
  3.3383839e-002
  5.8848945e-002
  6.4081621e-002
  4.9151988e-002
  1.8395983e-002
 -2.1058409e-002
 -6.1166853e-002
 -9.4679949e-002
 -1.1631747e-001
 -1.2331024e-001
 -1.1544256e-001
 -9.4815768e-002
 -6.5489851e-002
 -3.3014392e-002
 -3.7408873e-003
  1.6192536e-002
  2.2172185e-002
  1.2460763e-002
 -1.0851814e-002
 -4.1771120e-002
 -7.1478031e-002
 -9.0476667e-002
 -9.1294321e-002
 -7.0911501e-002
 -3.2065548e-002
  1.7137600e-002
  6.5326794e-002
  1.0110011e-001
  1.1636350e-001
  1.0865276e-001
  8.1631683e-002
  4.3585020e-002
  4.4398424e-003
 -2.7614136e-002
 -4.8684084e-002
 -5.9995801e-002
 -6.6712949e-002
 -7.5250071e-002
 -9.0156662e-002
 -1.1182446e-001
 -1.3596409e-001
 -1.5511839e-001
 -1.6168156e-001
 -1.5128029e-001
 -1.2518551e-001
 -9.0742293e-002
 -5.9522072e-002
 -4.3751184e-002
 -5.2235432e-002
 -8.7226707e-002
 -1.4337317e-001
 -2.0916470e-001
 -2.7039725e-001
 -3.1446155e-001
 -3.3397957e-001
 -3.2856940e-001
 -3.0421751e-001
 -2.7061157e-001
 -2.3750942e-001
 -2.1152074e-001
 -1.9445240e-001
 -1.8371232e-001
 -1.7444188e-001
 -1.6237648e-001
 -1.4617917e-001
 -1.2824857e-001
 -1.1366292e-001
 -1.0771975e-001
 -1.1314388e-001
 -1.2821278e-001
 -1.4671026e-001
 -1.5989078e-001
 -1.5980059e-001
 -1.4269244e-001
 -1.1113955e-001
 -7.3875289e-002
 -4.3214974e-002
 -3.0847664e-002
 -4.3460485e-002
 -7.9805050e-002
 -1.3036012e-001
 -1.7984211e-001
 -2.1179540e-001
 -2.1373730e-001
 -1.8112035e-001
 -1.1878475e-001
 -3.9451237e-002
  4.0177378e-002
  1.0434743e-001
  1.4257181e-001
  1.5198059e-001
  1.3709398e-001
  1.0731029e-001
  7.3139217e-002
  4.2538025e-002
  1.8544825e-002
 -1.1491399e-003
 -2.2757318e-002
 -5.3761403e-002
 -1.0006221e-001
 -1.6384059e-001
 -2.4270152e-001
 -3.3020050e-001
 -4.1743276e-001
 -4.9512790e-001
 -5.5566622e-001
 -5.9456812e-001
 -6.1121088e-001
 -6.0871816e-001
 -5.9310664e-001
 -5.7186925e-001
 -5.5225077e-001
 -5.3954312e-001
 -5.3577505e-001
 -5.3915094e-001
 -5.4446607e-001
 -5.4449104e-001
 -5.3202879e-001
 -5.0210310e-001
 -4.5363885e-001
 -3.9010208e-001
 -3.1886503e-001
 -2.4945465e-001
 -1.9119519e-001
 -1.5093838e-001
 -1.3152504e-001
 -1.3136219e-001
 -1.4513187e-001
 -1.6530946e-001
 -1.8397576e-001
 -1.9441067e-001
 -1.9212799e-001
 -1.7525851e-001
 -1.4440541e-001
 -1.0220151e-001
 -5.2774197e-002
 -1.2135087e-003
  4.6978488e-002
  8.6532845e-002
  1.1318646e-001
  1.2450103e-001
  1.2052529e-001
  1.0404299e-001
  8.0207614e-002
  5.5531301e-002
  3.6413736e-002
  2.7581648e-002
  3.0882308e-002
  4.4796514e-002
  6.4826782e-002
  8.4646331e-002
  9.7661106e-002
  9.8525785e-002
  8.4203994e-002
  5.4348762e-002
  1.1024325e-002
 -4.2003390e-002
 -1.0008999e-001
 -1.5838156e-001
 -2.1221283e-001
 -2.5729146e-001
 -2.8983617e-001
 -3.0683465e-001
 -3.0647974e-001
 -2.8868589e-001
 -2.5546410e-001
 -2.1090865e-001
 -1.6064626e-001
 -1.1078615e-001
 -6.6614702e-002
 -3.1416906e-002
 -5.8150486e-003
  1.2121241e-002
  2.5982373e-002
  3.9599802e-002
  5.5554243e-002
  7.4116317e-002
  9.3002916e-002
  1.0806920e-001
  1.1473555e-001
  1.0968056e-001
  9.2212670e-002
  6.4814604e-002
  3.2618485e-002
  1.9317460e-003
 -2.1727991e-002
 -3.5437165e-002
 -3.9882973e-002
 -3.9209723e-002
 -3.9697351e-002
 -4.7671731e-002
 -6.7318653e-002
 -9.9124962e-002
 -1.3948075e-001
 -1.8160718e-001
 -2.1754718e-001
 -2.4061002e-001
 -2.4750678e-001
 -2.3949923e-001
 -2.2218098e-001
 -2.0392624e-001
 -1.9345136e-001
 -1.9721531e-001
 -2.1745221e-001
 -2.5145757e-001
 -2.9238496e-001
 -3.3135396e-001
 -3.6025733e-001
 -3.7441381e-001
 -3.7422396e-001
 -3.6526072e-001
 -3.5669161e-001
 -3.5845095e-001
 -3.7799816e-001
 -4.1767556e-001
 -4.7354585e-001
 -5.3617098e-001
 -5.9320424e-001
 -6.3308179e-001
 -6.4870402e-001
 -6.3992694e-001
 -6.1398365e-001
 -5.8355535e-001
 -5.6294178e-001
 -5.6342024e-001
 -5.8922195e-001
 -6.3546391e-001
 -6.8885172e-001
 -7.3114826e-001
 -7.4452592e-001
 -7.1726329e-001
 -6.4803842e-001
 -5.4740402e-001
 -4.3583002e-001
 -3.3872844e-001
 -2.7981084e-001
 -2.7466562e-001
 -3.2640121e-001
 -4.2459500e-001
 -5.4781263e-001
 -6.6893476e-001
 -7.6176778e-001
 -8.0713812e-001
 -7.9692707e-001
 -7.3517260e-001
 -6.3621188e-001
 -5.2060310e-001
 -4.1004398e-001
 -3.2260749e-001
 -2.6936930e-001
 -2.5302483e-001
 -2.6854340e-001
 -3.0542810e-001
 -3.5084313e-001
 -3.9277735e-001
 -4.2251951e-001
 -4.3597618e-001
 -4.3369176e-001
 -4.1975375e-001
 -4.0001224e-001
 -3.8016221e-001
 -3.6420919e-001
 -3.5367944e-001
 -3.4769398e-001
 -3.4377115e-001
 -3.3902758e-001
 -3.3136541e-001
 -3.2027986e-001
 -3.0707275e-001
 -2.9445870e-001
 -2.8573391e-001
 -2.8378946e-001
 -2.9026507e-001
 -3.0506544e-001
 -3.2633465e-001
 -3.5085234e-001
 -3.7471579e-001
 -3.9412584e-001
 -4.0609936e-001
 -4.0897145e-001
 -4.0260642e-001
 -3.8829552e-001
 -3.6837357e-001
 -3.4563763e-001
 -3.2269419e-001
 -3.0138906e-001
 -2.8247104e-001
 -2.6559437e-001
 -2.4967447e-001
 -2.3349752e-001
 -2.1638340e-001
 -1.9865730e-001
 -1.8172891e-001
 -1.6770802e-001
 -1.5866300e-001
 -1.5578804e-001
 -1.5881494e-001
 -1.6594501e-001
 -1.7439395e-001
 -1.8139992e-001
 -1.8533779e-001
 -1.8650141e-001
 -1.8720525e-001
 -1.9109614e-001
 -2.0186642e-001
 -2.2180492e-001
 -2.5071006e-001
 -2.8557893e-001
 -3.2121503e-001
 -3.5156889e-001
 -3.7136593e-001
 -3.7748309e-001
 -3.6964151e-001
 -3.5023885e-001
 -3.2344991e-001
 -2.9396034e-001
 -2.6578379e-001
 -2.4152856e-001
 -2.2227282e-001
 -2.0796784e-001
 -1.9811022e-001
 -1.9236736e-001
 -1.9091265e-001
 -1.9438374e-001
 -2.0354611e-001
 -2.1885553e-001
 -2.4012917e-001
 -2.6646032e-001
 -2.9638901e-001
 -3.2822734e-001
 -3.6038311e-001
 -3.9154557e-001
 -4.2067773e-001
 -4.4685804e-001
 -4.6908517e-001
 -4.8617215e-001
 -4.9680869e-001
 -4.9978881e-001
 -4.9432446e-001
 -4.8032938e-001
 -4.5857400e-001
 -4.3066915e-001
 -3.9890276e-001
 -3.6599664e-001
 -3.3485203e-001
 -3.0831960e-001
 -2.8898537e-001
 -2.7894001e-001
 -2.7951211e-001
 -2.9099178e-001
 -3.1242498e-001
 -3.4158751e-001
 -3.7522665e-001
 -4.0958631e-001
 -4.4113015e-001
 -4.6728493e-001
 -4.8698242e-001
 -5.0080692e-001
 -5.1065622e-001
 -5.1897168e-001
 -5.2774206e-001
 -5.3758642e-001
 -5.4723263e-001
 -5.5361425e-001
 -5.5262822e-001
 -5.4037845e-001
 -5.1454863e-001
 -4.7546724e-001
 -4.2648834e-001
 -3.7350511e-001
 -3.2368231e-001
 -2.8374996e-001
 -2.5835583e-001
 -2.4897197e-001
 -2.5368706e-001
 -2.6794521e-001
 -2.8599924e-001
 -3.0262845e-001
 -3.1459444e-001
 -3.2139706e-001
 -3.2511600e-001
 -3.2941190e-001
 -3.3802395e-001
 -3.5325746e-001
 -3.7495645e-001
 -4.0030084e-001
 -4.2450449e-001
 -4.4220118e-001
 -4.4908347e-001
 -4.4327540e-001
 -4.2600217e-001
 -4.0134101e-001
 -3.7512694e-001
 -3.5335118e-001
 -3.4054468e-001
 -3.3863643e-001
 -3.4661846e-001
 -3.6109008e-001
 -3.7747636e-001
 -3.9151099e-001
 -4.0050470e-001
 -4.0400813e-001
 -4.0368949e-001
 -4.0251002e-001
 -4.0350667e-001
 -4.0860778e-001
 -4.1787955e-001
 -4.2944419e-001
 -4.4008105e-001
 -4.4629893e-001
 -4.4552112e-001
 -4.3699793e-001
 -4.2215618e-001
 -4.0427586e-001
 -3.8759258e-001
 -3.7609735e-001
 -3.7239432e-001
 -3.7695807e-001
 -3.8801381e-001
 -4.0207936e-001
 -4.1501071e-001
 -4.2324033e-001
 -4.2483492e-001
 -4.2004979e-001
 -4.1120882e-001
 -4.0194886e-001
 -3.9607053e-001
 -3.9636576e-001
 -4.0379989e-001
 -4.1730606e-001
 -4.3423849e-001
 -4.5130300e-001
 -4.6561977e-001
 -4.7553649e-001
 -4.8091491e-001
 -4.8282250e-001
 -4.8279342e-001
 -4.8198812e-001
 -4.8061376e-001
 -4.7785306e-001
 -4.7233290e-001
 -4.6293271e-001
 -4.4958196e-001
 -4.3368853e-001
 -4.1798287e-001
 -4.0579984e-001
 -4.0005560e-001
 -4.0231398e-001
 -4.1231698e-001
 -4.2818078e-001
 -4.4719926e-001
 -4.6695198e-001
 -4.8628112e-001
 -5.0573603e-001
 -5.2727594e-001
 -5.5330032e-001
 -5.8533966e-001
 -6.2288756e-001
 -6.6283176e-001
 -6.9975054e-001
 -7.2704847e-001
 -7.3861261e-001
 -7.3048089e-001
 -7.0199601e-001
 -6.5607871e-001
 -5.9853860e-001
 -5.3665096e-001
 -4.7745614e-001
 -4.2630779e-001
 -3.8608487e-001
 -3.5723554e-001
 -3.3852846e-001
 -3.2815371e-001
 -3.2472229e-001
 -3.2778775e-001
 -3.3772122e-001
 -3.5503229e-001
 -3.7944488e-001
 -4.0913162e-001
 -4.4045292e-001
 -4.6836279e-001
 -4.8740312e-001
 -4.9299862e-001
 -4.8265703e-001
 -4.5670531e-001
 -4.1833533e-001
 -3.7293961e-001
 -3.2691863e-001
 -2.8627912e-001
 -2.5538358e-001
 -2.3615553e-001
 -2.2791619e-001
 -2.2786525e-001
 -2.3205945e-001
 -2.3662356e-001
 -2.3887253e-001
 -2.3804527e-001
 -2.3544887e-001
 -2.3396826e-001
 -2.3707448e-001
 -2.4761541e-001
 -2.6674809e-001
 -2.9333990e-001
 -3.2403013e-001
 -3.5394138e-001
 -3.7782825e-001
 -3.9131825e-001
 -3.9188365e-001
 -3.7928757e-001
 -3.5543234e-001
 -3.2373258e-001
 -2.8826741e-001
 -2.5299307e-001
 -2.2121755e-001
 -1.9539753e-001
 -1.7717822e-001
 -1.6751810e-001
 -1.6675015e-001
 -1.7451533e-001
 -1.8961714e-001
 -2.0992983e-001
 -2.3250599e-001
 -2.5396080e-001
 -2.7108963e-001
 -2.8155463e-001
 -2.8441071e-001
 -2.8026634e-001
 -2.7098769e-001
 -2.5901713e-001
 -2.4652573e-001
 -2.3469406e-001
 -2.2338113e-001
 -2.1130595e-001
 -1.9667828e-001
 -1.7804710e-001
 -1.5505412e-001
 -1.2881811e-001
 -1.0181934e-001
 -7.7343429e-002
 -5.8702107e-002
 -4.8512490e-002
 -4.8262668e-002
 -5.8250437e-002
 -7.7818904e-002
 -1.0570096e-001
 -1.4027098e-001
 -1.7958644e-001
 -2.2124004e-001
 -2.6216609e-001
 -2.9859607e-001
 -3.2631226e-001
 -3.4122778e-001
 -3.4017790e-001
 -3.2170350e-001
 -2.8658401e-001
 -2.3794174e-001
 -1.8086346e-001
 -1.2162087e-001
 -6.6672990e-002
 -2.1672267e-002
  9.3275881e-003
  2.4331342e-002
  2.3481334e-002
  8.7817241e-003
 -1.6452131e-002
 -4.8305539e-002
 -8.3006510e-002
 -1.1756390e-001
 -1.5018224e-001
 -1.8037148e-001
 -2.0873189e-001
 -2.3647164e-001
 -2.6478653e-001
 -2.9427347e-001
 -3.2454101e-001
 -3.5411876e-001
 -3.8067227e-001
 -4.0143432e-001
 -4.1370757e-001
 -4.1529797e-001
 -4.0480034e-001
 -3.8174414e-001
 -3.4667326e-001
 -3.0124074e-001
 -2.4833973e-001
 -1.9219376e-001
 -1.3824983e-001
 -9.2712576e-002
 -6.1655592e-002
 -4.9824100e-002
 -5.9430509e-002
 -8.9350997e-002
 -1.3508538e-001
 -1.8963300e-001
 -2.4512573e-001
 -2.9476302e-001
 -3.3443844e-001
 -3.6351291e-001
 -3.8446777e-001
 -4.0156492e-001
 -4.1899986e-001
 -4.3921377e-001
 -4.6196047e-001
 -4.8442988e-001
 -5.0233019e-001
 -5.1148350e-001
 -5.0932698e-001
 -4.9578658e-001
 -4.7325933e-001
 -4.4578680e-001
 -4.1778602e-001
 -3.9282364e-001
 -3.7284402e-001
 -3.5804391e-001
 -3.4732656e-001
 -3.3907264e-001
 -3.3190118e-001
 -3.2516389e-001
 -3.1906959e-001
 -3.1449084e-001
 -3.1259803e-001
 -3.1447153e-001
 -3.2078421e-001
 -3.3157750e-001
 -3.4612096e-001
 -3.6286529e-001
 -3.7954447e-001
 -3.9350446e-001
 -4.0228996e-001
 -4.0440442e-001
 -4.0001601e-001
 -3.9129407e-001
 -3.8209937e-001
 -3.7694235e-001
 -3.7941912e-001
 -3.9062122e-001
 -4.0815667e-001
 -4.2631699e-001
 -4.3757118e-001
 -4.3506548e-001
 -4.1534676e-001
 -3.8030652e-001
 -3.3749224e-001
 -2.9844251e-001
 -2.7541004e-001
 -2.7748067e-001
 -3.0741471e-001
 -3.6037648e-001
 -4.2510547e-001
 -4.8722897e-001
 -5.3363347e-001
 -5.5640368e-001
 -5.5496709e-001
 -5.3571305e-001
 -5.0925787e-001
 -4.8636924e-001
 -4.7403091e-001
 -4.7305490e-001
 -4.7806593e-001
 -4.7981485e-001
 -4.6894542e-001
 -4.3984028e-001
 -3.9317361e-001
 -3.3627948e-001
 -2.8121649e-001
 -2.4119004e-001
 -2.2651877e-001
 -2.4144031e-001
 -2.8273765e-001
 -3.4056136e-001
 -4.0114019e-001
 -4.5052797e-001
 -4.7827909e-001
 -4.8002556e-001
 -4.5829164e-001
 -4.2140238e-001
 -3.8086834e-001
 -3.4802313e-001
 -3.3086082e-001
 -3.3193355e-001
 -3.4785485e-001
 -3.7049820e-001
 -3.8950400e-001
 -3.9534560e-001
 -3.8206105e-001
 -3.4887745e-001
 -3.0030342e-001
 -2.4473338e-001
 -1.9204430e-001
 -1.5093317e-001
 -1.2676354e-001
 -1.2047221e-001
 -1.2872202e-001
 -1.4510892e-001
 -1.6196339e-001
 -1.7219999e-001
 -1.7076042e-001
 -1.5540064e-001
 -1.2679644e-001
 -8.8106358e-002
 -4.4196935e-002
 -7.1750151e-004
  3.6844435e-002
  6.4040825e-002
  7.8193638e-002
  7.8874551e-002
  6.8010710e-002
  4.9517943e-002
  2.8450635e-002
  9.7953625e-003
 -2.8213315e-003
 -8.1512762e-003
 -7.7240936e-003
 -5.4204503e-003
 -6.2482316e-003
 -1.4619906e-002
 -3.2641487e-002
 -5.8992985e-002
 -8.8857942e-002
 -1.1505782e-001
 -1.3014698e-001
 -1.2885728e-001
 -1.1008898e-001
 -7.7720608e-002
 -3.9859947e-002
 -6.6780533e-003
  1.2521833e-002
  1.2043212e-002
 -8.5838930e-003
 -4.4655512e-002
 -8.7981604e-002
 -1.2958411e-001
 -1.6242080e-001
 -1.8316345e-001
 -1.9244310e-001
 -1.9358355e-001
 -1.9043685e-001
 -1.8527559e-001
 -1.7764863e-001
 -1.6468508e-001
 -1.4270628e-001
 -1.0943032e-001
 -6.5770024e-002
 -1.6359264e-002
  3.1547875e-002
  7.0475332e-002
  9.5511452e-002
  1.0634925e-001
  1.0768624e-001
  1.0771459e-001
  1.1519837e-001
  1.3622868e-001
  1.7191824e-001
  2.1796228e-001
  2.6627699e-001
  3.0811537e-001
  3.3747848e-001
  3.5352193e-001
  3.6104532e-001
  3.6888736e-001
  3.8683519e-001
  4.2218948e-001
  4.7721290e-001
  5.4831980e-001
  6.2720452e-001
  7.0341979e-001
  7.6745779e-001
  8.1330094e-001
  8.3969024e-001
  8.4986601e-001
  8.5006285e-001
  8.4739998e-001
  8.4789851e-001
