  3.6069644e-003
 -1.5886556e-002
 -3.3638238e-002
 -5.0095396e-002
 -6.5652325e-002
 -8.0440762e-002
 -9.4144109e-002
 -1.0590437e-001
 -1.1438368e-001
 -1.1800958e-001
 -1.1537914e-001
 -1.0573702e-001
 -8.9397535e-002
 -6.7970969e-002
 -4.4289696e-002
 -2.2005763e-002
 -4.9265707e-003
  3.7598339e-003
  2.1732736e-003
 -9.8409575e-003
 -3.0682121e-002
 -5.7363852e-002
 -8.6186526e-002
 -1.1353388e-001
 -1.3658686e-001
 -1.5377817e-001
 -1.6489010e-001
 -1.7080044e-001
 -1.7297720e-001
 -1.7288552e-001
 -1.7148427e-001
 -1.6895444e-001
 -1.6472853e-001
 -1.5780022e-001
 -1.4721249e-001
 -1.3256983e-001
 -1.1441105e-001
 -9.4316767e-002
 -7.4700385e-002
 -5.8324237e-002
 -4.7667983e-002
 -4.4327747e-002
 -4.8623980e-002
 -5.9539746e-002
 -7.5013233e-002
 -9.2498202e-002
 -1.0961998e-001
 -1.2472321e-001
 -1.3714413e-001
 -1.4713433e-001
 -1.5548298e-001
 -1.6298769e-001
 -1.6997362e-001
 -1.7603809e-001
 -1.8011195e-001
 -1.8081278e-001
 -1.7695959e-001
 -1.6806353e-001
 -1.5462109e-001
 -1.3810861e-001
 -1.2068093e-001
 -1.0467459e-001
 -9.2073814e-002
 -8.4098972e-002
 -8.1026779e-002
 -8.2270559e-002
 -8.6667433e-002
 -9.2863151e-002
 -9.9669306e-002
 -1.0629140e-001
 -1.1237723e-001
 -1.1789473e-001
 -1.2289926e-001
 -1.2727982e-001
 -1.3057807e-001
 -1.3195261e-001
 -1.3032131e-001
 -1.2466169e-001
 -1.1439662e-001
 -9.9749819e-002
 -8.1939520e-002
 -6.3099132e-002
 -4.5875765e-002
 -3.2751628e-002
 -2.5236957e-002
 -2.3162980e-002
 -2.4326511e-002
 -2.4682879e-002
 -1.9152664e-002
 -2.9280095e-003
  2.7014194e-002
  7.0604018e-002
  1.2399788e-001
  1.7982945e-001
  2.2846406e-001
  2.6003930e-001
  2.6681254e-001
  2.4518747e-001
  1.9682102e-001
  1.2842994e-001
  5.0273815e-002
 -2.6315261e-002
 -9.1682656e-002
 -1.4009966e-001
 -1.7086443e-001
 -1.8795306e-001
 -1.9836336e-001
 -2.0969511e-001
 -2.2773541e-001
 -2.5479202e-001
 -2.8925272e-001
 -3.2643574e-001
 -3.6037571e-001
 -3.8590115e-001
 -4.0029463e-001
 -4.0400102e-001
 -4.0019636e-001
 -3.9342774e-001
 -3.8784894e-001
 -3.8570094e-001
 -3.8658534e-001
 -3.8778686e-001
 -3.8552350e-001
 -3.7666724e-001
 -3.6030210e-001
 -3.3853234e-001
 -3.1620737e-001
 -2.9960784e-001
 -2.9450726e-001
 -3.0425612e-001
 -3.2854607e-001
 -3.6329221e-001
 -4.0169742e-001
 -4.3616369e-001
 -4.6043117e-001
 -4.7125606e-001
 -4.6910383e-001
 -4.5767296e-001
 -4.4245395e-001
 -4.2883296e-001
 -4.2036795e-001
 -4.1776797e-001
 -4.1883996e-001
 -4.1933652e-001
 -4.1435978e-001
 -3.9984229e-001
 -3.7366406e-001
 -3.3614187e-001
 -2.8986069e-001
 -2.3901799e-001
 -1.8855278e-001
 -1.4331830e-001
 -1.0745921e-001
 -8.4031293e-002
 -7.4812377e-002
 -8.0226694e-002
 -9.9338110e-002
 -1.2992457e-001
 -1.6868506e-001
 -2.1162193e-001
 -2.5458499e-001
 -2.9388510e-001
 -3.2682649e-001
 -3.5200313e-001
 -3.6926815e-001
 -3.7939695e-001
 -3.8357981e-001
 -3.8294695e-001
 -3.7831357e-001
 -3.7023364e-001
 -3.5930669e-001
 -3.4655517e-001
 -3.3364021e-001
 -3.2274190e-001
 -3.1607851e-001
 -3.1521643e-001
 -3.2044969e-001
 -3.3053981e-001
 -3.4298774e-001
 -3.5480026e-001
 -3.6349902e-001
 -3.6799525e-001
 -3.6897837e-001
 -3.6864114e-001
 -3.6982246e-001
 -3.7488641e-001
 -3.8477137e-001
 -3.9858481e-001
 -4.1390631e-001
 -4.2767820e-001
 -4.3732689e-001
 -4.4166453e-001
 -4.4121156e-001
 -4.3781875e-001
 -4.3375628e-001
 -4.3065927e-001
 -4.2878205e-001
 -4.2689066e-001
 -4.2286178e-001
 -4.1476119e-001
 -4.0196342e-001
 -3.8583473e-001
 -3.6965170e-001
 -3.5771555e-001
 -3.5393673e-001
 -3.6038644e-001
 -3.7635306e-001
 -3.9828267e-001
 -4.2067891e-001
 -4.3769735e-001
 -4.4491762e-001
 -4.4070271e-001
 -4.2668640e-001
 -4.0721971e-001
 -3.8795333e-001
 -3.7401795e-001
 -3.6839244e-001
 -3.7098351e-001
 -3.7870656e-001
 -3.8653501e-001
 -3.8918034e-001
 -3.8287020e-001
 -3.6666565e-001
 -3.4290310e-001
 -3.1661585e-001
 -2.9410051e-001
 -2.8105369e-001
 -2.8083545e-001
 -2.9338156e-001
 -3.1509510e-001
 -3.3975699e-001
 -3.6019187e-001
 -3.7020070e-001
 -3.6619606e-001
 -3.4807146e-001
 -3.1907459e-001
 -2.8476072e-001
 -2.5137901e-001
 -2.2420539e-001
 -2.0632923e-001
 -1.9823378e-001
 -1.9823850e-001
 -2.0358664e-001
 -2.1175837e-001
 -2.2153324e-001
 -2.3343265e-001
 -2.4940197e-001
 -2.7186318e-001
 -3.0248792e-001
 -3.4113503e-001
 -3.8533712e-001
 -4.3053375e-001
 -4.7100126e-001
 -5.0120682e-001
 -5.1718735e-001
 -5.1755667e-001
 -5.0386591e-001
 -4.8023374e-001
 -4.5236312e-001
 -4.2621119e-001
 -4.0664891e-001
 -3.9642954e-001
 -3.9569849e-001
 -4.0214618e-001
 -4.1175791e-001
 -4.1997595e-001
 -4.2298346e-001
 -4.1877408e-001
 -4.0770563e-001
 -3.9235827e-001
 -3.7670855e-001
 -3.6484199e-001
 -3.5959244e-001
 -3.6155059e-001
 -3.6879357e-001
 -3.7746486e-001
 -3.8304745e-001
 -3.8191949e-001
 -3.7265863e-001
 -3.5662315e-001
 -3.3757532e-001
 -3.2044722e-001
 -3.0966194e-001
 -3.0759612e-001
 -3.1373301e-001
 -3.2481515e-001
 -3.3594657e-001
 -3.4224987e-001
 -3.4048175e-001
 -3.3003239e-001
 -3.1297067e-001
 -2.9316023e-001
 -2.7482028e-001
 -2.6110357e-001
 -2.5323518e-001
 -2.5051171e-001
 -2.5109897e-001
 -2.5323584e-001
 -2.5628614e-001
 -2.6114935e-001
 -2.6981824e-001
 -2.8424223e-001
 -3.0496790e-001
 -3.3015074e-001
 -3.5541107e-001
 -3.7469009e-001
 -3.8187344e-001
 -3.7264717e-001
 -3.4595021e-001
 -3.0452612e-001
 -2.5439371e-001
 -2.0342437e-001
 -1.5949511e-001
 -1.2878293e-001
 -1.1466139e-001
 -1.1741277e-001
 -1.3468651e-001
 -1.6242138e-001
 -1.9587217e-001
 -2.3044368e-001
 -2.6218829e-001
 -2.8799142e-001
 -3.0558318e-001
 -3.1353845e-001
 -3.1136619e-001
 -2.9968263e-001
 -2.8036454e-001
 -2.5653503e-001
 -2.3226499e-001
 -2.1196720e-001
 -1.9958008e-001
 -1.9773661e-001
 -2.0715030e-001
 -2.2640858e-001
 -2.5225619e-001
 -2.8031368e-001
 -3.0605447e-001
 -3.2579581e-001
 -3.3746143e-001
 -3.4094074e-001
 -3.3797569e-001
 -3.3162087e-001
 -3.2541723e-001
 -3.2247805e-001
 -3.2470054e-001
 -3.3228796e-001
 -3.4370030e-001
 -3.5605538e-001
 -3.6589181e-001
 -3.7010439e-001
 -3.6679977e-001
 -3.5582262e-001
 -3.3878118e-001
 -3.1854425e-001
 -2.9835000e-001
 -2.8080511e-001
 -2.6710609e-001
 -2.5675484e-001
 -2.4787816e-001
 -2.3804822e-001
 -2.2531636e-001
 -2.0908697e-001
 -1.9051045e-001
 -1.7224853e-001
 -1.5769532e-001
 -1.4993522e-001
 -1.5080470e-001
 -1.6036858e-001
 -1.7695004e-001
 -1.9764269e-001
 -2.1907109e-001
 -2.3811678e-001
 -2.5239772e-001
 -2.6043510e-001
 -2.6158572e-001
 -2.5589268e-001
 -2.4398585e-001
 -2.2707019e-001
 -2.0693521e-001
 -1.8586436e-001
 -1.6635008e-001
 -1.5061584e-001
 -1.4005989e-001
 -1.3480928e-001
 -1.3356711e-001
 -1.3385198e-001
 -1.3259983e-001
 -1.2697699e-001
 -1.1518339e-001
 -9.7026215e-002
 -7.4108814e-002
 -4.9580776e-002
 -2.7500520e-002
 -1.1948392e-002
 -6.0818448e-003
 -1.1340630e-002
 -2.6987661e-002
 -5.0111101e-002
 -7.6119928e-002
 -9.9652027e-002
 -1.1570508e-001
 -1.2072734e-001
 -1.1339649e-001
 -9.4883014e-002
 -6.8528062e-002
 -3.9028334e-002
 -1.1359883e-002
  1.0257991e-002
  2.3084691e-002
  2.6106863e-002
  1.9816425e-002
  5.6717159e-003
 -1.4519213e-002
 -3.9062894e-002
 -6.6556520e-002
 -9.5778700e-002
 -1.2542275e-001
 -1.5386121e-001
 -1.7910434e-001
 -1.9901701e-001
 -2.1173188e-001
 -2.1609855e-001
 -2.1198095e-001
 -2.0027223e-001
 -1.8261302e-001
 -1.6092607e-001
 -1.3696061e-001
 -1.1203701e-001
 -8.7093368e-002
 -6.2995933e-002
 -4.0944210e-002
 -2.2738574e-002
 -1.0716420e-002
 -7.2944254e-003
 -1.4229661e-002
 -3.1859325e-002
 -5.8632112e-002
 -9.1172754e-002
 -1.2494335e-001
 -1.5534407e-001
 -1.7891608e-001
 -1.9424427e-001
 -2.0223865e-001
 -2.0567715e-001
 -2.0814884e-001
 -2.1275014e-001
 -2.2097931e-001
 -2.3220976e-001
 -2.4392387e-001
 -2.5262698e-001
 -2.5512987e-001
 -2.4976587e-001
 -2.3713477e-001
 -2.2012436e-001
 -2.0319502e-001
 -1.9114477e-001
 -1.8773092e-001
 -1.9456530e-001
 -2.1061723e-001
 -2.3247775e-001
 -2.5531462e-001
 -2.7424155e-001
 -2.8569757e-001
 -2.8842128e-001
 -2.8371960e-001
 -2.7494136e-001
 -2.6631291e-001
 -2.6149795e-001
 -2.6233836e-001
 -2.6818106e-001
 -2.7601096e-001
 -2.8135057e-001
 -2.7964152e-001
 -2.6767393e-001
 -2.4462588e-001
 -2.1241389e-001
 -1.7528172e-001
 -1.3878774e-001
 -1.0851256e-001
 -8.8852539e-002
 -8.2193189e-002
 -8.8610444e-002
 -1.0608872e-001
 -1.3112451e-001
 -1.5952958e-001
 -1.8725250e-001
 -2.1107620e-001
 -2.2909451e-001
 -2.4090811e-001
 -2.4751437e-001
 -2.5090710e-001
 -2.5346058e-001
 -2.5723670e-001
 -2.6339845e-001
 -2.7190774e-001
 -2.8161253e-001
 -2.9070230e-001
 -2.9737362e-001
 -3.0045764e-001
 -2.9976462e-001
 -2.9600731e-001
 -2.9033835e-001
 -2.8370610e-001
 -2.7632325e-001
 -2.6750561e-001
 -2.5598464e-001
 -2.4058684e-001
 -2.2099739e-001
 -1.9826373e-001
 -1.7478033e-001
 -1.5369752e-001
 -1.3793495e-001
 -1.2915456e-001
 -1.2708710e-001
 -1.2948999e-001
 -1.3278768e-001
 -1.3319471e-001
 -1.2794222e-001
 -1.1618829e-001
 -9.9304728e-002
 -8.0454435e-002
 -6.3620289e-002
 -5.2428794e-002
 -4.9163443e-002
 -5.4270636e-002
 -6.6464914e-002
 -8.3319104e-002
 -1.0206496e-001
 -1.2029055e-001
 -1.3631087e-001
 -1.4916349e-001
 -1.5835997e-001
 -1.6362610e-001
 -1.6484110e-001
 -1.6225051e-001
 -1.5684293e-001
 -1.5064111e-001
 -1.4663981e-001
 -1.4824856e-001
 -1.5832273e-001
 -1.7809053e-001
 -2.0639971e-001
 -2.3964745e-001
 -2.7252868e-001
 -2.9942623e-001
 -3.1599870e-001
 -3.2041454e-001
 -3.1378592e-001
 -2.9963874e-001
 -2.8260587e-001
 -2.6681218e-001
 -2.5452136e-001
 -2.4550296e-001
 -2.3730235e-001
 -2.2627043e-001
 -2.0895857e-001
 -1.8339413e-001
 -1.4983737e-001
 -1.1082877e-001
 -7.0574556e-002
 -3.3899358e-002
 -5.0741284e-003
  1.3193166e-002
  2.0396006e-002
  1.8382243e-002
  1.0989190e-002
  3.2026758e-003
 -3.5428526e-005
  4.8510431e-003
  1.8934618e-002
  4.0179161e-002
  6.3648112e-002
  8.2614581e-002
  9.0384165e-002
  8.2367035e-002
  5.7775654e-002
  2.0362155e-002
 -2.2140067e-002
 -5.9811126e-002
 -8.3109015e-002
 -8.5462786e-002
 -6.5115976e-002
 -2.5659589e-002
  2.4904874e-002
  7.6283637e-002
  1.1855552e-001
  1.4461361e-001
  1.5172115e-001
  1.4181859e-001
  1.2060189e-001
  9.5733325e-002
  7.4748144e-002
  6.3238816e-002
  6.3753037e-002
  7.5595785e-002
  9.5462973e-002
  1.1862821e-001
  1.4029995e-001
  1.5677501e-001
  1.6611672e-001
  1.6824532e-001
  1.6449858e-001
  1.5685953e-001
  1.4712242e-001
  1.3626138e-001
  1.2418313e-001
  1.0991254e-001
  9.2118427e-002
  6.9781458e-002
  4.2768364e-002
  1.2116114e-002
 -2.0070569e-002
 -5.1079834e-002
 -7.8272826e-002
 -9.9780899e-002
 -1.1501428e-001
 -1.2482992e-001
 -1.3129888e-001
 -1.3712185e-001
 -1.4483942e-001
 -1.5604871e-001
 -1.7085025e-001
 -1.8770012e-001
 -2.0373691e-001
 -2.1551597e-001
 -2.1995323e-001
 -2.1520373e-001
 -2.0120683e-001
 -1.7972770e-001
 -1.5388491e-001
 -1.2732216e-001
 -1.0329854e-001
 -8.3992362e-002
 -7.0229185e-002
 -6.1686939e-002
 -5.7457587e-002
 -5.6719713e-002
 -5.9245464e-002
 -6.5537958e-002
 -7.6543056e-002
 -9.3046311e-002
 -1.1498998e-001
 -1.4098121e-001
 -1.6819934e-001
 -1.9277310e-001
 -2.1053881e-001
 -2.1796543e-001
 -2.1298326e-001
 -1.9548956e-001
 -1.6740764e-001
 -1.3230385e-001
 -9.4679280e-002
 -5.9119979e-002
 -2.9501852e-002
 -8.4121860e-003
  3.1160424e-003
  5.5402801e-003
  4.7511816e-004
 -9.7910945e-003
 -2.2784122e-002
 -3.6207480e-002
 -4.8112677e-002
 -5.6892070e-002
 -6.1189176e-002
 -5.9858069e-002
 -5.2075279e-002
 -3.7619171e-002
 -1.7218348e-002
  7.2136526e-003
  3.2646661e-002
  5.5404846e-002
  7.1980150e-002
  7.9961607e-002
  7.8757579e-002
  6.9816108e-002
  5.6206039e-002
  4.1655466e-002
  2.9362676e-002
  2.1004533e-002
  1.6314280e-002
  1.3396218e-002
  9.6639204e-003
  3.0413151e-003
 -7.0476089e-003
 -1.9305738e-002
 -3.0982492e-002
 -3.8958473e-002
 -4.1103699e-002
 -3.7394592e-002
 -3.0339412e-002
 -2.4493248e-002
 -2.5161422e-002
 -3.6683580e-002
 -6.0858380e-002
 -9.6051527e-002
 -1.3733012e-001
 -1.7764590e-001
 -2.0975055e-001
 -2.2827698e-001
 -2.3134517e-001
 -2.2117814e-001
 -2.0350851e-001
 -1.8592832e-001
 -1.7566517e-001
 -1.7745091e-001
 -1.9212236e-001
 -2.1636779e-001
 -2.4368006e-001
 -2.6621432e-001
 -2.7698844e-001
 -2.7178704e-001
 -2.5024796e-001
 -2.1587414e-001
 -1.7503259e-001
 -1.3527455e-001
 -1.0346320e-001
 -8.4198453e-002
 -7.8902604e-002
 -8.5728373e-002
 -1.0023641e-001
 -1.1661466e-001
 -1.2910938e-001
 -1.3331689e-001
 -1.2704033e-001
 -1.1053285e-001
 -8.6105621e-002
 -5.7245922e-002
 -2.7528207e-002
  3.3358405e-004
  2.4982819e-002
  4.6303460e-002
  6.4747214e-002
  8.0383132e-002
  9.2084572e-002
  9.7253666e-002
  9.2303645e-002
  7.3827839e-002
  4.0087183e-002
 -7.7334802e-003
 -6.5031269e-002
 -1.2435487e-001
 -1.7697372e-001
 -2.1501435e-001
 -2.3350236e-001
 -2.3165100e-001
 -2.1297663e-001
 -1.8421103e-001
 -1.5337683e-001
 -1.2764995e-001
 -1.1166264e-001
 -1.0670383e-001
 -1.1093591e-001
 -1.2040477e-001
 -1.3039841e-001
 -1.3667796e-001
 -1.3624986e-001
 -1.2758788e-001
 -1.1043817e-001
 -8.5459956e-002
 -5.3936667e-002
 -1.7668060e-002
  2.1000691e-002
  5.9162117e-002
  9.3499264e-002
  1.2068020e-001
  1.3793524e-001
  1.4364791e-001
  1.3775419e-001
  1.2179808e-001
  9.8609684e-002
  7.1703889e-002
  4.4589721e-002
  2.0197234e-002
  5.6955551e-004
 -1.3141530e-002
 -2.0452126e-002
 -2.1246387e-002
 -1.5562427e-002
 -3.5703260e-003
  1.4249884e-002
  3.6824231e-002
  6.2253498e-002
  8.7794314e-002
  1.1014672e-001
  1.2603210e-001
  1.3293000e-001
  1.2976356e-001
  1.1731168e-001
  9.8188281e-002
  7.6347299e-002
  5.6210327e-002
  4.1628179e-002
  3.4943921e-002
  3.6405914e-002
  4.4091662e-002
  5.4372717e-002
  6.2814160e-002
  6.5294802e-002
  5.9080867e-002
  4.3595233e-002
  2.0689983e-002
 -5.6641084e-003
 -3.0231566e-002
 -4.7744892e-002
 -5.4247881e-002
 -4.8223150e-002
 -3.1186623e-002
 -7.5239421e-003
  1.6483553e-002
  3.4272746e-002
  4.0866941e-002
  3.4478313e-002
  1.7333310e-002
 -4.6146264e-003
 -2.3111253e-002
 -2.9837951e-002
 -1.8846613e-002
  1.1525268e-002
  5.7857094e-002
  1.1224330e-001
  1.6414649e-001
  2.0298551e-001
  2.2072466e-001
  2.1374960e-001
  1.8355409e-001
  1.3613111e-001
  8.0334085e-002
  2.5731639e-002
 -1.9447871e-002
 -4.9795027e-002
 -6.3365246e-002
 -6.1494994e-002
 -4.7993184e-002
 -2.8008396e-002
 -6.8617499e-003
  1.0944232e-002
  2.2426808e-002
  2.6492717e-002
  2.3970304e-002
  1.7310550e-002
  9.9813631e-003
  5.6242516e-003
  7.1136775e-003
  1.5730293e-002
  3.0688087e-002
  4.9206282e-002
  6.7181652e-002
  8.0327387e-002
  8.5465840e-002
  8.1569393e-002
  7.0187955e-002
  5.5084559e-002
  4.1165105e-002
  3.3037427e-002
  3.3669832e-002
  4.3582861e-002
  6.0811500e-002
  8.1596429e-002
  1.0151416e-001
  1.1663506e-001
  1.2434619e-001
  1.2365990e-001
  1.1505842e-001
  1.0009496e-001
  8.1010686e-002
  6.0528922e-002
  4.1812630e-002
  2.8415553e-002
  2.4007628e-002
  3.1745358e-002
  5.3352655e-002
  8.8186811e-002
  1.3268273e-001
  1.8052466e-001
  2.2368417e-001
  2.5415549e-001
  2.6593117e-001
  2.5661175e-001
  2.2810380e-001
  1.8612653e-001
  1.3863233e-001
  9.3615926e-002
  5.7004628e-002
  3.1302291e-002
  1.5403304e-002
  5.5871440e-003
 -2.7045029e-003
 -1.2968728e-002
 -2.6301830e-002
 -4.1074189e-002
 -5.3689050e-002
 -6.0096770e-002
 -5.7474185e-002
 -4.5445534e-002
 -2.6419512e-002
 -4.9609899e-003
  1.3531117e-002
  2.4339409e-002
  2.4609159e-002
  1.3836837e-002
 -6.4053965e-003
 -3.3295354e-002
 -6.3748020e-002
 -9.5169040e-002
 -1.2572853e-001
 -1.5414294e-001
 -1.7917157e-001
 -1.9915284e-001
 -2.1188079e-001
 -2.1497054e-001
 -2.0664426e-001
 -1.8667028e-001
 -1.5708371e-001
 -1.2234614e-001
 -8.8760899e-002
 -6.3198847e-002
 -5.1431003e-002
 -5.6529361e-002
 -7.7826154e-002
 -1.1079692e-001
 -1.4798379e-001
 -1.8077324e-001
 -2.0157950e-001
 -2.0584341e-001
 -1.9328632e-001
 -1.6805372e-001
 -1.3768907e-001
 -1.1120304e-001
 -9.6752848e-002
 -9.9549330e-002
 -1.2054006e-001
 -1.5619999e-001
 -1.9946026e-001
 -2.4150486e-001
 -2.7394413e-001
 -2.9078888e-001
 -2.8972034e-001
 -2.7235671e-001
 -2.4350057e-001
 -2.0963347e-001
 -1.7712385e-001
 -1.5067355e-001
 -1.3242800e-001
 -1.2194783e-001
 -1.1695759e-001
 -1.1454370e-001
 -1.1234879e-001
 -1.0934438e-001
 -1.0594210e-001
 -1.0345926e-001
 -1.0319381e-001
 -1.0549962e-001
 -1.0924009e-001
 -1.1184477e-001
 -1.0996268e-001
 -1.0048427e-001
 -8.1573679e-002
 -5.3355558e-002
 -1.8027869e-002
  2.0630393e-002
  5.8193860e-002
  9.0680544e-002
  1.1548617e-001
  1.3192365e-001
  1.4125617e-001
  1.4624899e-001
  1.5037320e-001
  1.5685526e-001
  1.6778305e-001
  1.8346187e-001
  2.0217314e-001
  2.2042477e-001
  2.3369362e-001
  2.3754891e-001
  2.2892870e-001
  2.0725300e-001
  1.7503646e-001
  1.3774196e-001
  1.0279344e-001
  7.7905616e-002
  6.9120223e-002
  7.9081497e-002
  1.0607583e-001
  1.4418382e-001
  1.8458724e-001
  2.1772755e-001
  2.3573745e-001
  2.3445659e-001
  2.1444368e-001
  1.8068531e-001
  1.4109247e-001
  1.0424332e-001
  7.7058098e-002
  6.3100328e-002
  6.1985046e-002
  7.0007979e-002
  8.1713101e-002
  9.1823396e-002
  9.6870065e-002
  9.5996914e-002
  9.0735373e-002
  8.3924761e-002
  7.8254077e-002
  7.5017480e-002
  7.3567153e-002
  7.1659357e-002
  6.6533653e-002
  5.6277162e-002
  4.0913765e-002
  2.2763170e-002
  5.8949949e-003
 -5.1494851e-003
 -6.9124871e-003
  1.7153272e-003
  1.8987482e-002
  4.0747591e-002
  6.1683297e-002
  7.6958722e-002
  8.3669486e-002
  8.1636524e-002
  7.3292963e-002
  6.2732581e-002
  5.4266531e-002
  5.0984012e-002
  5.3788764e-002
  6.1204418e-002
  6.9975988e-002
  7.6234205e-002
  7.6818301e-002
  7.0321033e-002
  5.7529544e-002
  4.1144464e-002
  2.4896236e-002
  1.2365695e-002
  5.8981867e-003
  5.9555423e-003
  1.1097541e-002
  1.8576901e-002
  2.5337196e-002
  2.9082488e-002
  2.9075686e-002
  2.6418764e-002
  2.3736875e-002
  2.4374143e-002
  3.1353249e-002
  4.6412029e-002
  6.9394694e-002
  9.8160056e-002
  1.2901433e-001
  1.5753047e-001
  1.7952107e-001
  1.9191084e-001
  1.9330498e-001
  1.8415045e-001
  1.6650118e-001
  1.4349322e-001
  1.1868586e-001
  9.5424511e-002
  7.6340790e-002
  6.3047256e-002
  5.6030797e-002
  5.4716848e-002
  5.7667910e-002
  6.2885608e-002
  6.8190635e-002
  7.1647261e-002
  7.1976532e-002
  6.8874803e-002
  6.3140413e-002
  5.6529923e-002
  5.1325021e-002
  4.9682771e-002
  5.2936742e-002
  6.1074273e-002
  7.2599506e-002
  8.4889172e-002
  9.4980794e-002
  1.0055756e-001
  1.0078362e-001
  9.6656260e-002
  9.0691830e-002
  8.6006492e-002
  8.5099989e-002
  8.8797084e-002
  9.5775419e-002
  1.0290531e-001
  1.0631696e-001
  1.0281479e-001
  9.1101042e-002
  7.2323168e-002
  4.9710452e-002
  2.7418341e-002
  9.0130448e-003
 -3.8242045e-003
 -1.1875351e-002
 -1.8025801e-002
 -2.6108506e-002
 -3.9396185e-002
 -5.9312482e-002
 -8.4839031e-002
 -1.1282479e-001
 -1.3906552e-001
 -1.5974371e-001
 -1.7270193e-001
 -1.7809931e-001
 -1.7823468e-001
 -1.7662071e-001
 -1.7665332e-001
 -1.8035328e-001
 -1.8762285e-001
 -1.9627711e-001
 -2.0284223e-001
 -2.0385153e-001
 -1.9719902e-001
 -1.8308425e-001
 -1.6420952e-001
 -1.4513005e-001
 -1.3093376e-001
 -1.2565202e-001
 -1.3090384e-001
 -1.4521861e-001
 -1.6428242e-001
 -1.8206997e-001
 -1.9254578e-001
 -1.9143336e-001
 -1.7751995e-001
 -1.5309828e-001
 -1.2340646e-001
 -9.5229005e-002
 -7.5070313e-002
 -6.7429966e-002
 -7.3663261e-002
 -9.1723158e-002
 -1.1681715e-001
 -1.4275897e-001
 -1.6362330e-001
 -1.7526031e-001
 -1.7629446e-001
 -1.6838461e-001
 -1.5571272e-001
 -1.4385022e-001
 -1.3828966e-001
 -1.4300303e-001
 -1.5938419e-001
 -1.8584887e-001
 -2.1821170e-001
 -2.5076136e-001
 -2.7776055e-001
 -2.9496128e-001
 -3.0069992e-001
 -2.9624192e-001
 -2.8526411e-001
 -2.7262955e-001
 -2.6283956e-001
 -2.5865716e-001
 -2.6034253e-001
 -2.6573621e-001
 -2.7113829e-001
 -2.7266229e-001
 -2.6758595e-001
 -2.5523492e-001
 -2.3711348e-001
 -2.1627385e-001
 -1.9618950e-001
 -1.7956743e-001
 -1.6753705e-001
 -1.5949022e-001
 -1.5358521e-001
 -1.4766885e-001
 -1.4022087e-001
 -1.3093789e-001
 -1.2074342e-001
 -1.1126035e-001
 -1.0400748e-001
 -9.9689114e-002
 -9.7894178e-002
 -9.7336862e-002
 -9.6534280e-002
 -9.4628798e-002
 -9.1998896e-002
 -9.0384993e-002
 -9.2447990e-002
 -1.0089952e-001
 -1.1750761e-001
 -1.4232913e-001
 -1.7343810e-001
 -2.0724230e-001
 -2.3927809e-001
 -2.6522002e-001
 -2.8178856e-001
 -2.8730055e-001
 -2.8175214e-001
 -2.6649401e-001
 -2.4368849e-001
 -2.1578027e-001
 -1.8515767e-001
 -1.5405895e-001
 -1.2464581e-001
 -9.9084019e-002
 -7.9477084e-002
 -6.7589125e-002
 -6.4425025e-002
 -6.9843710e-002
 -8.2407579e-002
 -9.9596706e-002
 -1.1836830e-001
 -1.3588593e-001
 -1.5015364e-001
 -1.6031467e-001
 -1.6650950e-001
 -1.6937724e-001
 -1.6944294e-001
 -1.6668753e-001
 -1.6051609e-001
 -1.5015599e-001
 -1.3530847e-001
 -1.1673998e-001
 -9.6498437e-002
 -7.7583914e-002
 -6.3135558e-002
 -5.5419265e-002
 -5.5015678e-002
 -6.0558638e-002
 -6.9172869e-002
 -7.7483644e-002
 -8.2832671e-002
 -8.4234045e-002
 -8.2688475e-002
 -8.0714989e-002
 -8.1264629e-002
 -8.6429582e-002
 -9.6453607e-002
 -1.0944555e-001
 -1.2193406e-001
 -1.3007795e-001
 -1.3108738e-001
 -1.2431749e-001
 -1.1160738e-001
 -9.6715244e-002
 -8.4041232e-002
 -7.7105135e-002
 -7.7348125e-002
 -8.3713862e-002
 -9.3172391e-002
 -1.0198849e-001
 -1.0724272e-001
 -1.0800442e-001
 -1.0567882e-001
 -1.0336506e-001
 -1.0445063e-001
 -1.1098156e-001
 -1.2246153e-001
 -1.3559683e-001
 -1.4516162e-001
 -1.4573540e-001
 -1.3371973e-001
 -1.0890676e-001
 -7.5003263e-002
 -3.8867182e-002
 -8.6640321e-003
  8.4659441e-003
  8.4601320e-003
 -8.5724200e-003
 -3.8563679e-002
 -7.4905194e-002
 -1.1056280e-001
 -1.4015335e-001
 -1.6128651e-001
 -1.7475656e-001
 -1.8359144e-001
 -1.9137704e-001
 -2.0052562e-001
 -2.1116052e-001
 -2.2104450e-001
 -2.2657684e-001
 -2.2447177e-001
 -2.1345961e-001
 -1.9532476e-001
 -1.7482438e-001
 -1.5843950e-001
 -1.5234833e-001
 -1.6032004e-001
 -1.8228877e-001
 -2.1415231e-001
 -2.4891978e-001
 -2.7885406e-001
 -2.9789097e-001
 -3.0350286e-001
 -2.9735634e-001
 -2.8453267e-001
 -2.7158739e-001
 -2.6413953e-001
 -2.6484982e-001
 -2.7250726e-001
 -2.8254299e-001
 -2.8877427e-001
 -2.8573650e-001
 -2.7075109e-001
 -2.4497734e-001
 -2.1307292e-001
 -1.8160016e-001
 -1.5677798e-001
 -1.4241857e-001
 -1.3881445e-001
 -1.4297944e-001
 -1.5012864e-001
 -1.5580215e-001
 -1.5777886e-001
 -1.5699513e-001
 -1.5706139e-001
 -1.6252047e-001
 -1.7650700e-001
 -1.9874459e-001
 -2.2473981e-001
 -2.4661536e-001
 -2.5541614e-001
 -2.4414789e-001
 -2.1048676e-001
 -1.5815861e-001
 -9.6415636e-002
 -3.7685481e-002
  5.8966630e-003
  2.5967091e-002
  2.0301150e-002
 -6.6878684e-003
 -4.5459598e-002
 -8.4356984e-002
 -1.1314042e-001
 -1.2593939e-001
 -1.2274843e-001
 -1.0909585e-001
 -9.4101805e-002
 -8.7621380e-002
 -9.7389016e-002
 -1.2699678e-001
 -1.7520523e-001
 -2.3663622e-001
 -3.0348623e-001
 -3.6765131e-001
 -4.2262210e-001
 -4.6466971e-001
 -4.9311748e-001
 -5.0978129e-001
 -5.1787435e-001
 -5.2076510e-001
 -5.2094698e-001
 -5.1945911e-001
 -5.1583806e-001
 -5.0853100e-001
 -4.9559538e-001
 -4.7546463e-001
 -4.4757360e-001
 -4.1269686e-001
 -3.7293725e-001
 -3.3138954e-001
 -2.9157418e-001
 -2.5677664e-001
 -2.2943313e-001
 -2.1067873e-001
 -2.0013069e-001
 -1.9593187e-001
 -1.9504040e-001
 -1.9372574e-001
 -1.8821490e-001
 -1.7541694e-001
 -1.5362870e-001
 -1.2309334e-001
 -8.6258490e-002
 -4.7589027e-002
 -1.2853912e-002
  1.2066972e-002
  2.2645027e-002
  1.7073697e-002
 -2.8794321e-003
 -3.1897517e-002
 -6.2160236e-002
 -8.5243363e-002
 -9.4395902e-002
 -8.6527649e-002
 -6.3256387e-002
 -3.0609082e-002
  2.6171304e-003
  2.7382520e-002
  3.7046123e-002
  2.9270745e-002
  6.5574127e-003
 -2.4778046e-002
 -5.6844058e-002
 -8.2860496e-002
 -9.9362886e-002
 -1.0715822e-001
 -1.1070982e-001
 -1.1619156e-001
 -1.2892915e-001
 -1.5116136e-001
 -1.8092840e-001
 -2.1247804e-001
 -2.3803103e-001
 -2.5027089e-001
 -2.4469043e-001
 -2.2101102e-001
 -1.8324375e-001
 -1.3844085e-001
 -9.4614212e-002
 -5.8531383e-002
 -3.4076249e-002
 -2.1616513e-002
 -1.8459351e-002
 -2.0131969e-002
 -2.2004451e-002
 -2.0730282e-002
 -1.5103080e-002
 -6.1538197e-003
  3.4421382e-003
  1.0389436e-002
  1.1880827e-002
  6.4609794e-003
 -5.5768104e-003
 -2.2334033e-002
 -4.0913133e-002
 -5.8293484e-002
 -7.2224847e-002
 -8.1889750e-002
 -8.8148065e-002
 -9.3283095e-002
 -1.0029782e-001
 -1.1193593e-001
 -1.2969472e-001
 -1.5312688e-001
 -1.7967723e-001
 -2.0516855e-001
 -2.2486492e-001
 -2.3485058e-001
 -2.3332922e-001
 -2.2142667e-001
 -2.0319153e-001
 -1.8471448e-001
 -1.7256398e-001
 -1.7197519e-001
 -1.8534370e-001
 -2.1151560e-001
 -2.4613494e-001
 -2.8297592e-001
 -3.1585735e-001
 -3.4052611e-001
 -3.5588581e-001
 -3.6415107e-001
 -3.6986622e-001
 -3.7812095e-001
 -3.9258579e-001
 -4.1406960e-001
 -4.4013244e-001
 -4.6592125e-001
 -4.8595550e-001
 -4.9623286e-001
 -4.9588174e-001
 -4.8772009e-001
 -4.7745149e-001
 -4.7171548e-001
 -4.7563857e-001
 -4.9074708e-001
 -5.1401740e-001
 -5.3847332e-001
 -5.5521558e-001
 -5.5626875e-001
 -5.3733199e-001
 -4.9952863e-001
 -4.4956321e-001
 -3.9820175e-001
 -3.5751762e-001
 -3.3771566e-001
 -3.4444891e-001
 -3.7736037e-001
 -4.3019547e-001
 -4.9237536e-001
 -5.5153930e-001
 -5.9635602e-001
 -6.1890318e-001
 -6.1609263e-001
 -5.8990326e-001
 -5.4648799e-001
 -4.9447242e-001
 -4.4291111e-001
 -3.9939440e-001
 -3.6871191e-001
 -3.5230829e-001
 -3.4855637e-001
 -3.5367471e-001
 -3.6297965e-001
 -3.7211683e-001
 -3.7797181e-001
 -3.7908908e-001
 -3.7558913e-001
 -3.6871229e-001
 -3.6019596e-001
 -3.5169323e-001
 -3.4437996e-001
 -3.3880575e-001
 -3.3495958e-001
 -3.3246872e-001
 -3.3083834e-001
 -3.2965900e-001
 -3.2874177e-001
 -3.2817077e-001
 -3.2828135e-001
 -3.2958108e-001
 -3.3263595e-001
 -3.3794834e-001
 -3.4585706e-001
 -3.5648604e-001
 -3.6975400e-001
 -3.8543299e-001
 -4.0321985e-001
 -4.2277363e-001
 -4.4368427e-001
 -4.6537381e-001
 -4.8697567e-001
 -5.0727042e-001
 -5.2475494e-001
 -5.3788023e-001
 -5.4542067e-001
 -5.4686467e-001
 -5.4267678e-001
 -5.3430041e-001
 -5.2385041e-001
 -5.1355961e-001
 -5.0514865e-001
 -4.9933646e-001
 -4.9567320e-001
 -4.9276611e-001
 -4.8882190e-001
 -4.8230780e-001
 -4.7248846e-001
 -4.5964990e-001
 -4.4495221e-001
 -4.3000501e-001
 -4.1636685e-001
 -4.0518450e-001
 -3.9710428e-001
 -3.9244441e-001
 -3.9148108e-001
 -3.9463653e-001
 -4.0239934e-001
 -4.1493990e-001
 -4.3155246e-001
 -4.5018349e-001
 -4.6733039e-001
 -4.7849455e-001
 -4.7917548e-001
 -4.6617080e-001
 -4.3878520e-001
 -3.9952038e-001
 -3.5393934e-001
 -3.0964015e-001
 -2.7455805e-001
 -2.5504323e-001
 -2.5425459e-001
 -2.7133337e-001
 -3.0159934e-001
 -3.3771876e-001
 -3.7152288e-001
 -3.9598993e-001
 -4.0688409e-001
 -4.0366344e-001
 -3.8947661e-001
 -3.7029756e-001
 -3.5344002e-001
 -3.4581020e-001
 -3.5228949e-001
 -3.7459517e-001
 -4.1086409e-001
 -4.5605766e-001
 -5.0311437e-001
 -5.4460353e-001
 -5.7449548e-001
 -5.8960161e-001
 -5.9028634e-001
 -5.8022144e-001
 -5.6521104e-001
 -5.5139469e-001
 -5.4334616e-001
 -5.4264900e-001
 -5.4740853e-001
 -5.5288044e-001
 -5.5304287e-001
 -5.4262877e-001
 -5.1897747e-001
 -4.8311462e-001
 -4.3971441e-001
 -3.9595267e-001
 -3.5960470e-001
 -3.3696364e-001
 -3.3118885e-001
 -3.4153796e-001
 -3.6365545e-001
 -3.9077876e-001
 -4.1547852e-001
 -4.3143649e-001
 -4.3480146e-001
 -4.2482288e-001
 -4.0368485e-001
 -3.7568090e-001
 -3.4602326e-001
 -3.1963470e-001
 -3.0022270e-001
 -2.8980991e-001
 -2.8873706e-001
 -2.9601644e-001
 -3.0983750e-001
 -3.2802987e-001
 -3.4836406e-001
 -3.6867858e-001
 -3.8691861e-001
 -4.0121140e-001
 -4.1007169e-001
 -4.1273836e-001
 -4.0953485e-001
 -4.0207214e-001
 -3.9311666e-001
 -3.8603752e-001
 -3.8390217e-001
 -3.8845042e-001
 -3.9927824e-001
 -4.1355546e-001
 -4.2647296e-001
 -4.3239643e-001
 -4.2646392e-001
 -4.0618296e-001
 -3.7252960e-001
 -3.3015547e-001
 -2.8655017e-001
 -2.5031878e-001
 -2.2902074e-001
 -2.2718171e-001
 -2.4507027e-001
 -2.7862048e-001
 -3.2053799e-001
 -3.6226112e-001
 -3.9618179e-001
 -4.1745949e-001
 -4.2491033e-001
 -4.2077076e-001
 -4.0950768e-001
 -3.9614079e-001
 -3.8465977e-001
 -3.7702765e-001
 -3.7301089e-001
 -3.7076856e-001
 -3.6788267e-001
 -3.6240225e-001
 -3.5352760e-001
 -3.4174065e-001
 -3.2841258e-001
 -3.1510737e-001
 -3.0288693e-001
 -2.9189322e-001
 -2.8135828e-001
 -2.7002691e-001
 -2.5682921e-001
 -2.4155740e-001
 -2.2530540e-001
 -2.1051153e-001
 -2.0057346e-001
 -1.9913586e-001
 -2.0924466e-001
 -2.3259126e-001
 -2.6903315e-001
 -3.1649158e-001
 -3.7122535e-001
 -4.2839521e-001
 -4.8278744e-001
 -5.2956223e-001
 -5.6491746e-001
 -5.8659069e-001
 -5.9414507e-001
 -5.8899630e-001
 -5.7415104e-001
 -5.5366063e-001
 -5.3185631e-001
 -5.1250998e-001
 -4.9812588e-001
 -4.8957209e-001
 -4.8618417e-001
 -4.8632608e-001
 -4.8822567e-001
 -4.9078197e-001
 -4.9403032e-001
 -4.9906761e-001
 -5.0744908e-001
 -5.2028932e-001
 -5.3744130e-001
 -5.5712373e-001
 -5.7621027e-001
 -5.9113956e-001
 -5.9915014e-001
 -5.9938892e-001
 -5.9345271e-001
 -5.8510045e-001
 -5.7916117e-001
 -5.7995585e-001
 -5.8974638e-001
 -6.0774724e-001
 -6.3007353e-001
 -6.5070257e-001
 -6.6319161e-001
 -6.6263407e-001
 -6.4723881e-001
 -6.1901797e-001
 -5.8334105e-001
 -5.4747028e-001
 -5.1852045e-001
 -5.0147634e-001
 -4.9788733e-001
 -5.0564408e-001
 -5.1989270e-001
 -5.3477476e-001
 -5.4541592e-001
 -5.4951074e-001
 -5.4798935e-001
 -5.4455453e-001
 -5.4424564e-001
 -5.5149927e-001
 -5.6833945e-001
 -5.9329460e-001
 -6.2142053e-001
 -6.4547393e-001
 -6.5792945e-001
 -6.5326442e-001
 -6.2983003e-001
 -5.9071846e-001
 -5.4330635e-001
 -4.9753342e-001
 -4.6335519e-001
 -4.4807429e-001
 -4.5431882e-001
 -4.7926812e-001
 -5.1536917e-001
 -5.5234811e-001
 -5.7993725e-001
 -5.9053191e-001
 -5.8102825e-001
 -5.5335849e-001
 -5.1364375e-001
 -4.7029486e-001
 -4.3167695e-001
 -4.0403135e-001
 -3.9020862e-001
 -3.8946992e-001
 -3.9827201e-001
 -4.1167537e-001
 -4.2488799e-001
 -4.3449763e-001
 -4.3911437e-001
 -4.3936515e-001
 -4.3737030e-001
 -4.3593603e-001
 -4.3770411e-001
 -4.4444064e-001
 -4.5656568e-001
 -4.7296479e-001
 -4.9109442e-001
 -5.0738271e-001
 -5.1790611e-001
 -5.1927017e-001
 -5.0954355e-001
 -4.8901847e-001
 -4.6054388e-001
 -4.2923590e-001
 -4.0151811e-001
 -3.8364826e-001
 -3.8008035e-001
 -3.9211911e-001
 -4.1729432e-001
 -4.4971003e-001
 -4.8135038e-001
 -5.0403420e-001
 -5.1149683e-001
 -5.0101378e-001
 -4.7409385e-001
 -4.3603002e-001
 -3.9442934e-001
 -3.5714598e-001
 -3.3022040e-001
 -3.1642283e-001
 -3.1480983e-001
 -3.2138492e-001
 -3.3061011e-001
 -3.3725607e-001
 -3.3799165e-001
 -3.3222632e-001
 -3.2199059e-001
 -3.1097175e-001
 -3.0309744e-001
 -3.0118207e-001
 -3.0608674e-001
 -3.1662656e-001
 -3.3018035e-001
 -3.4372168e-001
 -3.5487803e-001
 -3.6266126e-001
 -3.6766683e-001
 -3.7173973e-001
 -3.7727653e-001
 -3.8642070e-001
 -4.0040076e-001
 -4.1917863e-001
 -4.4146273e-001
 -4.6503795e-001
 -4.8729740e-001
 -5.0583481e-001
 -5.1896152e-001
 -5.2603664e-001
 -5.2753654e-001
 -5.2483925e-001
 -5.1976147e-001
 -5.1395374e-001
 -5.0831499e-001
 -5.0260806e-001
 -4.9542362e-001
 -4.8454979e-001
 -4.6768003e-001
 -4.4327225e-001
 -4.1130168e-001
 -3.7365801e-001
 -3.3402782e-001
 -2.9724962e-001
 -2.6828598e-001
 -2.5107540e-001
 -2.4757189e-001
 -2.5723887e-001
 -2.7715108e-001
 -3.0270269e-001
 -3.2876163e-001
 -3.5098676e-001
 -3.6696572e-001
 -3.7685527e-001
 -3.8331390e-001
 -3.9069180e-001
 -4.0364637e-001
 -4.2553045e-001
 -4.5699924e-001
 -4.9526062e-001
 -5.3424534e-001
 -5.6573082e-001
 -5.8118218e-001
 -5.7385840e-001
 -5.4063823e-001
 -4.8308202e-001
 -4.0744497e-001
 -3.2363208e-001
 -2.4335304e-001
 -1.7791732e-001
 -1.3616088e-001
 -1.2291667e-001
 -1.3827428e-001
 -1.7768250e-001
 -2.3279338e-001
 -2.9285789e-001
 -3.4645722e-001
 -3.8335763e-001
 -3.9627248e-001
 -3.8228560e-001
 -3.4365238e-001
 -2.8769852e-001
 -2.2563575e-001
 -1.7033449e-001
 -1.3340406e-001
 -1.2223665e-001
 -1.3784319e-001
 -1.7423489e-001
 -2.1974626e-001
 -2.6012594e-001
 -2.8261485e-001
 -2.7980920e-001
 -2.5205442e-001
 -2.0750240e-001
 -1.5969396e-001
 -1.2336467e-001
 -1.0981535e-001
 -1.2338772e-001
 -1.6024487e-001
 -2.0987441e-001
 -2.5878416e-001
 -2.9508828e-001
 -3.1237249e-001
 -3.1149843e-001
 -2.9975994e-001
 -2.8776244e-001
 -2.8520650e-001
 -2.9712605e-001
 -3.2193254e-001
 -3.5193454e-001
 -3.7609799e-001
 -3.8402038e-001
 -3.6969470e-001
 -3.3376324e-001
 -2.8353856e-001
 -2.3086888e-001
 -1.8865010e-001
 -1.6718406e-001
 -1.7153750e-001
 -2.0062166e-001
 -2.4807996e-001
 -3.0448250e-001
 -3.5998522e-001
 -4.0660411e-001
 -4.3953529e-001
 -4.5737203e-001
 -4.6145324e-001
 -4.5478981e-001
 -4.4101305e-001
 -4.2362356e-001
 -4.0559612e-001
 -3.8922698e-001
 -3.7605592e-001
 -3.6675437e-001
 -3.6098672e-001
 -3.5734948e-001
 -3.5351917e-001
 -3.4667995e-001
 -3.3418843e-001
 -3.1431851e-001
 -2.8686541e-001
 -2.5340330e-001
 -2.1707955e-001
 -1.8196068e-001
 -1.5207566e-001
 -1.3039387e-001
 -1.1800182e-001
 -1.1370202e-001
 -1.1416074e-001
 -1.1460271e-001
 -1.0991825e-001
 -9.5940056e-002
 -7.0587835e-002
 -3.4587147e-002
  8.4500994e-003
  5.2652424e-002
  9.1114988e-002
  1.1745102e-001
  1.2728625e-001
  1.1930271e-001
  9.5537377e-002
  6.0834298e-002
  2.1586121e-002
 -1.5884657e-002
 -4.6834088e-002
 -6.9045053e-002
 -8.2934877e-002
 -9.0815214e-002
 -9.5588633e-002
 -9.9371790e-002
 -1.0257074e-001
 -1.0377196e-001
 -1.0050024e-001
 -9.0544688e-002
 -7.3305947e-002
 -5.0580392e-002
 -2.6401192e-002
 -5.9308741e-003
  6.2017816e-003
  7.4739258e-003
 -1.6905953e-003
 -1.8175782e-002
 -3.7445111e-002
 -5.5325084e-002
 -6.9565937e-002
 -8.0517833e-002
 -9.0617434e-002
 -1.0287952e-001
 -1.1902547e-001
 -1.3806826e-001
 -1.5602259e-001
 -1.6696908e-001
 -1.6514218e-001
 -1.4726094e-001
 -1.1416855e-001
 -7.1066840e-002
 -2.6151196e-002
  1.1928775e-002
  3.6883022e-002
  4.6834111e-002
  4.4841119e-002
  3.7696224e-002
  3.3447877e-002
  3.8580832e-002
  5.5896470e-002
  8.3845138e-002
  1.1748753e-001
  1.5063776e-001
  1.7831435e-001
  1.9855757e-001
  2.1297179e-001
  2.2588210e-001
  2.4253111e-001
  2.6707344e-001
  3.0113514e-001
  3.4341660e-001
  3.9036879e-001
  4.3755719e-001
  4.8110569e-001
  5.1865462e-001
  5.4952932e-001
  5.7417260e-001
  5.9319449e-001
  6.0652055e-001
  6.1303993e-001
