 -2.7947197e-002
 -4.8471284e-002
 -6.7188609e-002
 -8.4591149e-002
 -1.0108594e-001
 -1.1677557e-001
 -1.3127482e-001
 -1.4363208e-001
 -1.5241383e-001
 -1.5597560e-001
 -1.5288805e-001
 -1.4242799e-001
 -1.2500105e-001
 -1.0235621e-001
 -7.7490571e-002
 -5.4220613e-002
 -3.6491998e-002
 -2.7584148e-002
 -2.9409339e-002
 -4.2092383e-002
 -6.3947342e-002
 -9.1862043e-002
 -1.2199094e-001
 -1.5057518e-001
 -1.7467919e-001
 -1.9266320e-001
 -2.0429018e-001
 -2.1046923e-001
 -2.1273584e-001
 -2.1263562e-001
 -2.1119521e-001
 -2.0863032e-001
 -2.0436690e-001
 -1.9735838e-001
 -1.8659503e-001
 -1.7164442e-001
 -1.5304985e-001
 -1.3245112e-001
 -1.1237058e-001
 -9.5706062e-002
 -8.5063864e-002
 -8.2120708e-002
 -8.7204370e-002
 -9.9223768e-002
 -1.1597591e-001
 -1.3474008e-001
 -1.5297766e-001
 -1.6892084e-001
 -1.8187107e-001
 -1.9212592e-001
 -2.0058057e-001
 -2.0816036e-001
 -2.1529617e-001
 -2.2163384e-001
 -2.2608060e-001
 -2.2716833e-001
 -2.2360054e-001
 -2.1478655e-001
 -2.0117453e-001
 -1.8426792e-001
 -1.6631952e-001
 -1.4980392e-001
 -1.3683615e-001
 -1.2871224e-001
 -1.2569813e-001
 -1.2710759e-001
 -1.3161874e-001
 -1.3771171e-001
 -1.4408507e-001
 -1.4992919e-001
 -1.5498932e-001
 -1.5942076e-001
 -1.6350146e-001
 -1.6730860e-001
 -1.7047528e-001
 -1.7212094e-001
 -1.7100012e-001
 -1.6584918e-001
 -1.5584381e-001
 -1.4102978e-001
 -1.2257088e-001
 -1.0268544e-001
 -8.4216378e-002
 -6.9888165e-002
 -6.1419299e-002
 -5.8743942e-002
 -5.9617099e-002
 -5.9813185e-002
 -5.3982829e-002
 -3.7039390e-002
 -5.7589630e-003
  3.9843665e-002
  9.5805907e-002
  1.5448753e-001
  2.0588658e-001
  2.3976637e-001
  2.4809005e-001
  2.2711110e-001
  1.7850450e-001
  1.0915297e-001
  2.9572798e-002
 -4.8632924e-002
 -1.1559756e-001
 -1.6548894e-001
 -1.9762337e-001
 -2.1609146e-001
 -2.2804796e-001
 -2.4122696e-001
 -2.6147157e-001
 -2.9103782e-001
 -3.2815904e-001
 -3.6793350e-001
 -4.0416760e-001
 -4.3151253e-001
 -4.4716760e-001
 -4.5160291e-001
 -4.4811022e-001
 -4.4139880e-001
 -4.3577523e-001
 -4.3357409e-001
 -4.3440325e-001
 -4.3546954e-001
 -4.3286296e-001
 -4.2333250e-001
 -4.0590384e-001
 -3.8273268e-001
 -3.5884523e-001
 -3.4080312e-001
 -3.3471074e-001
 -3.4422540e-001
 -3.6924698e-001
 -4.0574469e-001
 -4.4679923e-001
 -4.8453030e-001
 -5.1228546e-001
 -5.2638891e-001
 -5.2690970e-001
 -5.1724897e-001
 -5.0273874e-001
 -4.8875638e-001
 -4.7898303e-001
 -4.7434303e-001
 -4.7289845e-001
 -4.7064335e-001
 -4.6286402e-001
 -4.4559476e-001
 -4.1673303e-001
 -3.7654950e-001
 -3.2755735e-001
 -2.7390102e-001
 -2.2052453e-001
 -1.7236710e-001
 -1.3374015e-001
 -1.0792379e-001
 -9.6937116e-002
 -1.0141591e-001
 -1.2056503e-001
 -1.5220760e-001
 -1.9298689e-001
 -2.3876189e-001
 -2.8517682e-001
 -3.2830361e-001
 -3.6519960e-001
 -3.9422210e-001
 -4.1500931e-001
 -4.2815180e-001
 -4.3469411e-001
 -4.3567156e-001
 -4.3186792e-001
 -4.2387781e-001
 -4.1241229e-001
 -3.9866093e-001
 -3.8447877e-001
 -3.7223040e-001
 -3.6427623e-001
 -3.6226417e-001
 -3.6651294e-001
 -3.7577757e-001
 -3.8755921e-001
 -3.9890522e-001
 -4.0743034e-001
 -4.1217098e-001
 -4.1392251e-001
 -4.1489858e-001
 -4.1782061e-001
 -4.2478401e-001
 -4.3635239e-001
 -4.5125177e-001
 -4.6680006e-001
 -4.7990680e-001
 -4.8823917e-001
 -4.9107386e-001
 -4.8947684e-001
 -4.8572846e-001
 -4.8222833e-001
 -4.8034206e-001
 -4.7969325e-001
 -4.7823654e-001
 -4.7313253e-001
 -4.6210847e-001
 -4.4476388e-001
 -4.2326483e-001
 -4.0207745e-001
 -3.8674695e-001
 -3.8210061e-001
 -3.9049693e-001
 -4.1076280e-001
 -4.3824196e-001
 -4.6599749e-001
 -4.8680697e-001
 -4.9530602e-001
 -4.8957728e-001
 -4.7166481e-001
 -4.4685254e-001
 -4.2195199e-001
 -4.0316040e-001
 -3.9417489e-001
 -3.9514747e-001
 -4.0278386e-001
 -4.1152369e-001
 -4.1540826e-001
 -4.1004499e-001
 -3.9406511e-001
 -3.6963958e-001
 -3.4190854e-001
 -3.1750352e-001
 -3.0260510e-001
 -3.0110810e-001
 -3.1342805e-001
 -3.3629072e-001
 -3.6355870e-001
 -3.8784912e-001
 -4.0247275e-001
 -4.0314128e-001
 -3.8897066e-001
 -3.6252685e-001
 -3.2894929e-001
 -2.9445739e-001
 -2.6471329e-001
 -2.4353131e-001
 -2.3228745e-001
 -2.3014042e-001
 -2.3490759e-001
 -2.4423479e-001
 -2.5662293e-001
 -2.7194960e-001
 -2.9132047e-001
 -3.1633281e-001
 -3.4804483e-001
 -3.8604730e-001
 -4.2799471e-001
 -4.6979108e-001
 -5.0639928e-001
 -5.3303413e-001
 -5.4637625e-001
 -5.4544333e-001
 -5.3186817e-001
 -5.0951477e-001
 -4.8355214e-001
 -4.5924390e-001
 -4.4076930e-001
 -4.3036307e-001
 -4.2796830e-001
 -4.3146670e-001
 -4.3741488e-001
 -4.4209702e-001
 -4.4262453e-001
 -4.3779001e-001
 -4.2842945e-001
 -4.1716430e-001
 -4.0756599e-001
 -4.0296615e-001
 -4.0526997e-001
 -4.1416342e-001
 -4.2700946e-001
 -4.3952138e-001
 -4.4704169e-001
 -4.4603280e-001
 -4.3528475e-001
 -4.1641301e-001
 -3.9344381e-001
 -3.7159345e-001
 -3.5563211e-001
 -3.4837771e-001
 -3.4982863e-001
 -3.5722537e-001
 -3.6600677e-001
 -3.7131573e-001
 -3.6952679e-001
 -3.5927973e-001
 -3.4170326e-001
 -3.1982081e-001
 -2.9742746e-001
 -2.7789995e-001
 -2.6338572e-001
 -2.5462651e-001
 -2.5138698e-001
 -2.5319985e-001
 -2.6001313e-001
 -2.7238437e-001
 -2.9108607e-001
 -3.1627175e-001
 -3.4658157e-001
 -3.7863729e-001
 -4.0725475e-001
 -4.2643066e-001
 -4.3084997e-001
 -4.1743521e-001
 -3.8641304e-001
 -3.4152445e-001
 -2.8929340e-001
 -2.3758134e-001
 -1.9387418e-001
 -1.6379892e-001
 -1.5024437e-001
 -1.5322669e-001
 -1.7039225e-001
 -1.9788051e-001
 -2.3122630e-001
 -2.6605963e-001
 -2.9850890e-001
 -3.2536038e-001
 -3.4411259e-001
 -3.5306401e-001
 -3.5149891e-001
 -3.3993092e-001
 -3.2027953e-001
 -2.9582945e-001
 -2.7087049e-001
 -2.5002008e-001
 -2.3735019e-001
 -2.3553101e-001
 -2.4522715e-001
 -2.6492781e-001
 -2.9127675e-001
 -3.1982923e-001
 -3.4604694e-001
 -3.6628270e-001
 -3.7851879e-001
 -3.8269548e-001
 -3.8057356e-001
 -3.7518486e-001
 -3.7001276e-001
 -3.6809628e-001
 -3.7126206e-001
 -3.7966064e-001
 -3.9172043e-001
 -4.0454210e-001
 -4.1465019e-001
 -4.1891977e-001
 -4.1543110e-001
 -4.0400377e-001
 -3.8623532e-001
 -3.6501018e-001
 -3.4361310e-001
 -3.2472239e-001
 -3.0961690e-001
 -2.9787423e-001
 -2.8767722e-001
 -2.7663117e-001
 -2.6280536e-001
 -2.4562185e-001
 -2.2626378e-001
 -2.0744849e-001
 -1.9264428e-001
 -1.8501176e-001
 -1.8644129e-001
 -1.9700534e-001
 -2.1497290e-001
 -2.3731973e-001
 -2.6050220e-001
 -2.8120853e-001
 -2.9686919e-001
 -3.0585318e-001
 -3.0742233e-001
 -3.0159248e-001
 -2.8903192e-001
 -2.7103665e-001
 -2.4951915e-001
 -2.2689389e-001
 -2.0577004e-001
 -1.8845670e-001
 -1.7639803e-001
 -1.6972753e-001
 -1.6712338e-001
 -1.6606127e-001
 -1.6343201e-001
 -1.5637032e-001
 -1.4307192e-001
 -1.2337782e-001
 -9.8969276e-002
 -7.3116654e-002
 -5.0031161e-002
 -3.3955266e-002
 -2.8184225e-002
 -3.4231586e-002
 -5.1333701e-002
 -7.6430704e-002
 -1.0466687e-001
 -1.3033451e-001
 -1.4806793e-001
 -1.5401122e-001
 -1.4666848e-001
 -1.2721246e-001
 -9.9167420e-002
 -6.7555803e-002
 -3.7750570e-002
 -1.4354276e-002
 -4.0219406e-004
  2.9322688e-003
 -3.8759873e-003
 -1.9268138e-002
 -4.1264000e-002
 -6.7974705e-002
 -9.7814548e-002
 -1.2940750e-001
 -1.6131811e-001
 -1.9180436e-001
 -2.1876607e-001
 -2.3996119e-001
 -2.5342950e-001
 -2.5795845e-001
 -2.5339529e-001
 -2.4066729e-001
 -2.2149316e-001
 -1.9790183e-001
 -1.7175944e-001
 -1.4450338e-001
 -1.1718939e-001
 -9.0811851e-002
 -6.6720501e-002
 -4.6890835e-002
 -3.3846206e-002
 -3.0167865e-002
 -3.7713110e-002
 -5.6815538e-002
 -8.5796480e-002
 -1.2104048e-001
 -1.5769992e-001
 -1.9086111e-001
 -2.1681569e-001
 -2.3401338e-001
 -2.4335849e-001
 -2.4772826e-001
 -2.5086067e-001
 -2.5598367e-001
 -2.6465468e-001
 -2.7621008e-001
 -2.8801422e-001
 -2.9642248e-001
 -2.9812919e-001
 -2.9144443e-001
 -2.7707123e-001
 -2.5812235e-001
 -2.3936237e-001
 -2.2590422e-001
 -2.2175533e-001
 -2.2865185e-001
 -2.4553179e-001
 -2.6880928e-001
 -2.9337677e-001
 -3.1404599e-001
 -3.2700341e-001
 -3.3084356e-001
 -3.2686250e-001
 -3.1851474e-001
 -3.1019614e-001
 -3.0573183e-001
 -3.0704912e-001
 -3.1346300e-001
 -3.2180780e-001
 -3.2737689e-001
 -3.2537298e-001
 -3.1241329e-001
 -2.8762883e-001
 -2.5304102e-001
 -2.1313655e-001
 -1.7380660e-001
 -1.4098690e-001
 -1.1938280e-001
 -1.1158928e-001
 -1.1776397e-001
 -1.3584391e-001
 -1.6217105e-001
 -1.9233289e-001
 -2.2202843e-001
 -2.4780953e-001
 -2.6759354e-001
 -2.8088267e-001
 -2.8866024e-001
 -2.9297896e-001
 -2.9631795e-001
 -3.0085383e-001
 -3.0783894e-001
 -3.1727447e-001
 -3.2799031e-001
 -3.3811160e-001
 -3.4574819e-001
 -3.4964864e-001
 -3.4956389e-001
 -3.4617572e-001
 -3.4062607e-001
 -3.3385859e-001
 -3.2607672e-001
 -3.1658358e-001
 -3.0410888e-001
 -2.8750966e-001
 -2.6655075e-001
 -2.4240899e-001
 -2.1763644e-001
 -1.9552911e-001
 -1.7909406e-001
 -1.6998727e-001
 -1.6783132e-001
 -1.7019760e-001
 -1.7329920e-001
 -1.7317887e-001
 -1.6699204e-001
 -1.5394599e-001
 -1.3557804e-001
 -1.1528917e-001
 -9.7308365e-002
 -8.5451725e-002
 -8.2091160e-002
 -8.7647994e-002
 -1.0071882e-001
 -1.1870873e-001
 -1.3868054e-001
 -1.5808951e-001
 -1.7517019e-001
 -1.8892700e-001
 -1.9886853e-001
 -2.0473127e-001
 -2.0641363e-001
 -2.0419727e-001
 -1.9913909e-001
 -1.9337169e-001
 -1.9003195e-001
 -1.9267140e-001
 -2.0423827e-001
 -2.2595589e-001
 -2.5654225e-001
 -2.9214971e-001
 -3.2716328e-001
 -3.5566786e-001
 -3.7311601e-001
 -3.7761720e-001
 -3.7038244e-001
 -3.5515655e-001
 -3.3683842e-001
 -3.1978287e-001
 -3.0638241e-001
 -2.9640704e-001
 -2.8729064e-001
 -2.7521132e-001
 -2.5655167e-001
 -2.2923282e-001
 -1.9350760e-001
 -1.5201583e-001
 -1.0915189e-001
 -6.9981657e-002
 -3.9024757e-002
 -1.9196327e-002
 -1.1121875e-002
 -1.2947084e-002
 -2.0685190e-002
 -2.9071963e-002
 -3.2811717e-002
 -2.7989181e-002
 -1.3315641e-002
  9.1724024e-003
  3.4280229e-002
  5.4804772e-002
  6.3483068e-002
  5.5249018e-002
  2.9119741e-002
 -1.0942120e-002
 -5.6582104e-002
 -9.6986245e-002
 -1.2169882e-001
 -1.2351216e-001
 -1.0055131e-001
 -5.6900500e-002
 -1.5604952e-003
  5.3961033e-002
  9.8709571e-002
  1.2509521e-001
  1.3065728e-001
  1.1832540e-001
  9.5184249e-002
  7.0185925e-002
  5.1531873e-002
  4.4492359e-002
  5.0248550e-002
  6.6001343e-002
  8.6204475e-002
  1.0446340e-001
  1.1548309e-001
  1.1648250e-001
  1.0769829e-001
  9.1904978e-002
  7.3186116e-002
  5.5407641e-002
  4.0907063e-002
  2.9808511e-002
  2.0144746e-002
  8.6947430e-003
 -7.7789050e-003
 -3.1313965e-002
 -6.1937289e-002
 -9.7487150e-002
 -1.3409045e-001
 -1.6712752e-001
 -1.9240115e-001
 -2.0720175e-001
 -2.1101278e-001
 -2.0569929e-001
 -1.9513696e-001
 -1.8435014e-001
 -1.7832823e-001
 -1.8077088e-001
 -1.9305902e-001
 -2.1373684e-001
 -2.3869896e-001
 -2.6210971e-001
 -2.7787133e-001
 -2.8126881e-001
 -2.7032401e-001
 -2.4643963e-001
 -2.1410814e-001
 -1.7974597e-001
 -1.4999514e-001
 -1.3001141e-001
 -1.2226286e-001
 -1.2618948e-001
 -1.3878324e-001
 -1.5584149e-001
 -1.7343458e-001
 -1.8908221e-001
 -2.0226486e-001
 -2.1415140e-001
 -2.2670561e-001
 -2.4154120e-001
 -2.5895791e-001
 -2.7749921e-001
 -2.9416943e-001
 -3.0521691e-001
 -3.0721105e-001
 -2.9806850e-001
 -2.7772664e-001
 -2.4828924e-001
 -2.1362946e-001
 -1.7857814e-001
 -1.4791787e-001
 -1.2543142e-001
 -1.1322059e-001
 -1.1143163e-001
 -1.1841513e-001
 -1.3123784e-001
 -1.4637948e-001
 -1.6041506e-001
 -1.7051577e-001
 -1.7468876e-001
 -1.7178624e-001
 -1.6139962e-001
 -1.4377765e-001
 -1.1985450e-001
 -9.1369740e-002
 -6.0958525e-002
 -3.2045222e-002
 -8.4213588e-003
  6.4798239e-003
  1.0438270e-002
  3.1416896e-003
 -1.3574961e-002
 -3.6113286e-002
 -6.0066367e-002
 -8.1463265e-002
 -9.7881048e-002
 -1.0901869e-001
 -1.1650712e-001
 -1.2301169e-001
 -1.3095963e-001
 -1.4138558e-001
 -1.5336282e-001
 -1.6427973e-001
 -1.7090103e-001
 -1.7084200e-001
 -1.6389731e-001
 -1.5268061e-001
 -1.4224876e-001
 -1.3873548e-001
 -1.4738359e-001
 -1.7061351e-001
 -2.0680590e-001
 -2.5028342e-001
 -2.9260383e-001
 -3.2484310e-001
 -3.4019669e-001
 -3.3608382e-001
 -3.1506189e-001
 -2.8421544e-001
 -2.5316479e-001
 -2.3128349e-001
 -2.2497261e-001
 -2.3582386e-001
 -2.6021928e-001
 -2.9046066e-001
 -3.1704957e-001
 -3.3140485e-001
 -3.2820840e-001
 -3.0672895e-001
 -2.7081768e-001
 -2.2767538e-001
 -1.8582814e-001
 -1.5292242e-001
 -1.3393220e-001
 -1.3019170e-001
 -1.3940464e-001
 -1.5651810e-001
 -1.7515398e-001
 -1.8919765e-001
 -1.9415218e-001
 -1.8796040e-001
 -1.7114531e-001
 -1.4629284e-001
 -1.1706675e-001
 -8.7068436e-002
 -5.8898368e-002
 -3.3718182e-002
 -1.1451739e-002
  8.4603917e-003
  2.6056094e-002
  4.0026383e-002
  4.7472638e-002
  4.4457896e-002
  2.7262972e-002
 -6.0435799e-003
 -5.4293636e-002
 -1.1271285e-001
 -1.7352616e-001
 -2.2760384e-001
 -2.6669684e-001
 -2.8557353e-001
 -2.8337313e-001
 -2.6373748e-001
 -2.3368626e-001
 -2.0161215e-001
 -1.7504263e-001
 -1.5885045e-001
 -1.5439526e-001
 -1.5973074e-001
 -1.7065413e-001
 -1.8213952e-001
 -1.8965496e-001
 -1.9000667e-001
 -1.8159972e-001
 -1.6424068e-001
 -1.3874031e-001
 -1.0656687e-001
 -6.9680887e-002
 -3.0525381e-002
  7.9675823e-003
  4.2512164e-002
  6.9827927e-002
  8.7179442e-002
  9.2942429e-002
  8.7000302e-002
  7.0819422e-002
  4.7160852e-002
  1.9513049e-002
 -8.5785232e-003
 -3.4086318e-002
 -5.4832760e-002
 -6.9532543e-002
 -7.7607254e-002
 -7.8910196e-002
 -7.3515115e-002
 -6.1674922e-002
 -4.3966061e-002
 -2.1537149e-002
  3.6844070e-003
  2.8979850e-002
  5.1114425e-002
  6.6891254e-002
  7.3862646e-002
  7.0998298e-002
  5.9093197e-002
  4.0753621e-002
  1.9912641e-002
  9.6290458e-004
 -1.2287800e-002
 -1.7569873e-002
 -1.4757427e-002
 -5.9525397e-003
  4.9937010e-003
  1.3421693e-002
  1.5045481e-002
  7.0925951e-003
 -1.0879303e-002
 -3.6702528e-002
 -6.5953920e-002
 -9.2899753e-002
 -1.1184516e-001
 -1.1858762e-001
 -1.1161401e-001
 -9.2699732e-002
 -6.6679340e-002
 -4.0352679e-002
 -2.0731459e-002
 -1.3053668e-002
 -1.9121628e-002
 -3.6492778e-002
 -5.8852441e-002
 -7.7566232e-002
 -8.4042246e-002
 -7.2251403e-002
 -4.0662375e-002
  7.0094080e-003
  6.2496937e-002
  1.1494588e-001
  1.5359130e-001
  1.7038706e-001
  1.6186603e-001
  1.2976774e-001
  8.0352523e-002
  2.2696848e-002
 -3.3486581e-002
 -7.9901756e-002
 -1.1111853e-001
 -1.2518201e-001
 -1.2340587e-001
 -1.0956651e-001
 -8.8796985e-002
 -6.6456083e-002
 -4.7162397e-002
 -3.4090370e-002
 -2.8564467e-002
 -2.9967203e-002
 -3.5975938e-002
 -4.3128764e-002
 -4.7667905e-002
 -4.6523028e-002
 -3.8209122e-002
 -2.3373068e-002
 -4.7704044e-003
  1.3401811e-002
  2.6683956e-002
  3.1716375e-002
  2.7352915e-002
  1.5136626e-002
 -1.0581094e-003
 -1.6131589e-002
 -2.5262232e-002
 -2.5312487e-002
 -1.5679750e-002
  1.6582120e-003
  2.2860028e-002
  4.3394498e-002
  5.9239458e-002
  6.7725430e-002
  6.7838648e-002
  6.0040803e-002
  4.5842343e-002
  2.7406594e-002
  7.3564577e-003
 -1.1232435e-002
 -2.4836348e-002
 -2.9726248e-002
 -2.2596097e-002
 -1.5175306e-003
  3.3062988e-002
  7.7700088e-002
  1.2607497e-001
  1.7003014e-001
  2.0134971e-001
  2.1381424e-001
  2.0489422e-001
  1.7650275e-001
  1.3450222e-001
  8.7065456e-002
  4.2385124e-002
  6.4619612e-003
 -1.8311991e-002
 -3.3327460e-002
 -4.2673415e-002
 -5.1218462e-002
 -6.2570310e-002
 -7.7653737e-002
 -9.4406039e-002
 -1.0866866e-001
 -1.1591235e-001
 -1.1313459e-001
 -1.0021944e-001
 -8.0263051e-002
 -5.8754964e-002
 -4.1918760e-002
 -3.4802111e-002
 -3.9769562e-002
 -5.5880175e-002
 -7.9303043e-002
 -1.0456457e-001
 -1.2616176e-001
 -1.3999875e-001
 -1.4422018e-001
 -1.3926543e-001
 -1.2725107e-001
 -1.1100148e-001
 -9.3121780e-002
 -7.5430409e-002
 -5.8884477e-002
 -4.3916490e-002
 -3.0939878e-002
 -2.0729971e-002
 -1.4461274e-002
 -1.3348105e-002
 -1.8027219e-002
 -2.7961197e-002
 -4.1171166e-002
 -5.4507789e-002
 -6.4470370e-002
 -6.8356174e-002
 -6.5353748e-002
 -5.7157703e-002
 -4.7805941e-002
 -4.2691700e-002
 -4.6997564e-002
 -6.4028243e-002
 -9.3991837e-002
 -1.3365790e-001
 -1.7703961e-001
 -2.1690444e-001
 -2.4663794e-001
 -2.6187248e-001
 -2.6138916e-001
 -2.4706776e-001
 -2.2299368e-001
 -1.9410452e-001
 -1.6487327e-001
 -1.3844652e-001
 -1.1642962e-001
 -9.9236405e-002
 -8.6713633e-002
 -7.8685769e-002
 -7.5160591e-002
 -7.6135614e-002
 -8.1157515e-002
 -8.8917903e-002
 -9.7163988e-002
 -1.0306598e-001
 -1.0397343e-001
 -9.8299040e-002
 -8.6173581e-002
 -6.9563348e-002
 -5.1721183e-002
 -3.6089354e-002
 -2.4996672e-002
 -1.8606059e-002
 -1.4523374e-002
 -8.2804109e-003
  5.3831332e-003
  3.0795440e-002
  6.9719479e-002
  1.2035096e-001
  1.7731497e-001
  2.3272966e-001
  2.7807470e-001
  3.0634625e-001
  3.1388202e-001
  3.0132902e-001
  2.7347508e-001
  2.3799403e-001
  2.0346361e-001
  1.7721385e-001
  1.6359715e-001
  1.6313437e-001
  1.7273040e-001
  1.8684532e-001
  1.9924369e-001
  2.0479824e-001
  2.0083355e-001
  1.8765329e-001
  1.6815122e-001
  1.4668316e-001
  1.2759075e-001
  1.1385393e-001
  1.0628236e-001
  1.0346091e-001
  1.0240764e-001
  9.9671998e-002
  9.2475608e-002
  7.9517882e-002
  6.1220134e-002
  3.9401332e-002
  1.6578467e-002
 -4.8109588e-003
 -2.2990126e-002
 -3.7081628e-002
 -4.7024126e-002
 -5.3314121e-002
 -5.6753633e-002
 -5.8319892e-002
 -5.9153961e-002
 -6.0561331e-002
 -6.3888853e-002
 -7.0208370e-002
 -7.9866478e-002
 -9.2083802e-002
 -1.0483516e-001
 -1.1517620e-001
 -1.2001831e-001
 -1.1715675e-001
 -1.0621260e-001
 -8.9125056e-002
 -6.9947988e-002
 -5.3925857e-002
 -4.6071957e-002
 -4.9656379e-002
 -6.5067073e-002
 -8.9414845e-002
 -1.1704237e-001
 -1.4083556e-001
 -1.5400300e-001
 -1.5185265e-001
 -1.3309130e-001
 -1.0029839e-001
 -5.9443588e-002
 -1.8566943e-002
  1.4046148e-002
  3.1739529e-002
  3.0952322e-002
  1.1933399e-002
 -2.1439309e-002
 -6.2649976e-002
 -1.0406597e-001
 -1.3859499e-001
 -1.6107907e-001
 -1.6912305e-001
 -1.6322085e-001
 -1.4622814e-001
 -1.2238488e-001
 -9.6178416e-002
 -7.1344785e-002
 -5.0237693e-002
 -3.3677883e-002
 -2.1260465e-002
 -1.1976405e-002
 -4.9230839e-003
  1.4344984e-004
  2.6159701e-003
  1.2950437e-003
 -4.9605992e-003
 -1.6406339e-002
 -3.1725283e-002
 -4.7809271e-002
 -6.0219112e-002
 -6.4316595e-002
 -5.6798290e-002
 -3.7148575e-002
 -8.4597373e-003
  2.2804865e-002
  4.8216832e-002
  5.9664458e-002
  5.1858308e-002
  2.4241492e-002
 -1.8402415e-002
 -6.6969283e-002
 -1.1047197e-001
 -1.3918163e-001
 -1.4747673e-001
 -1.3546099e-001
 -1.0880508e-001
 -7.6863568e-002
 -4.9706984e-002
 -3.5071382e-002
 -3.6232950e-002
 -5.1462660e-002
 -7.5140779e-002
 -1.0002958e-001
 -1.1982807e-001
 -1.3109474e-001
 -1.3392149e-001
 -1.3124742e-001
 -1.2721514e-001
 -1.2530118e-001
 -1.2698216e-001
 -1.3143380e-001
 -1.3631628e-001
 -1.3925580e-001
 -1.3935860e-001
 -1.3808994e-001
 -1.3910957e-001
 -1.4707336e-001
 -1.6582520e-001
 -1.9665915e-001
 -2.3733413e-001
 -2.8227255e-001
 -3.2396000e-001
 -3.5513459e-001
 -3.7106125e-001
 -3.7113104e-001
 -3.5922831e-001
 -3.4270101e-001
 -3.3022138e-001
 -3.2918687e-001
 -3.4346458e-001
 -3.7217910e-001
 -4.0991652e-001
 -4.4827545e-001
 -4.7828226e-001
 -4.9293407e-001
 -4.8911698e-001
 -4.6836478e-001
 -4.3629556e-001
 -4.0096401e-001
 -3.7066715e-001
 -3.5185400e-001
 -3.4769550e-001
 -3.5762135e-001
 -3.7782012e-001
 -4.0243406e-001
 -4.2503844e-001
 -4.4000116e-001
 -4.4344383e-001
 -4.3370362e-001
 -4.1135113e-001
 -3.7890327e-001
 -3.4036760e-001
 -3.0069676e-001
 -2.6516647e-001
 -2.3866637e-001
 -2.2492705e-001
 -2.2578367e-001
 -2.4065096e-001
 -2.6640743e-001
 -2.9782691e-001
 -3.2855857e-001
 -3.5248383e-001
 -3.6513254e-001
 -3.6477976e-001
 -3.5290122e-001
 -3.3382824e-001
 -3.1366508e-001
 -2.9874173e-001
 -2.9400745e-001
 -3.0178489e-001
 -3.2119907e-001
 -3.4840890e-001
 -3.7755621e-001
 -4.0217200e-001
 -4.1668231e-001
 -4.1765528e-001
 -4.0451538e-001
 -3.7959175e-001
 -3.4752721e-001
 -3.1421505e-001
 -2.8552531e-001
 -2.6611179e-001
 -2.5855487e-001
 -2.6300246e-001
 -2.7734610e-001
 -2.9784178e-001
 -3.1998820e-001
 -3.3943269e-001
 -3.5269823e-001
 -3.5760260e-001
 -3.5334625e-001
 -3.4034226e-001
 -3.1991590e-001
 -2.9399949e-001
 -2.6489641e-001
 -2.3511741e-001
 -2.0723787e-001
 -1.8371451e-001
 -1.6663719e-001
 -1.5745260e-001
 -1.5674657e-001
 -1.6417758e-001
 -1.7860739e-001
 -1.9839606e-001
 -2.2175783e-001
 -2.4704909e-001
 -2.7289625e-001
 -2.9815283e-001
 -3.2176101e-001
 -3.4263740e-001
 -3.5968265e-001
 -3.7193746e-001
 -3.7881418e-001
 -3.8027361e-001
 -3.7682564e-001
 -3.6931205e-001
 -3.5854430e-001
 -3.4496212e-001
 -3.2849959e-001
 -3.0877315e-001
 -2.8556460e-001
 -2.5941910e-001
 -2.3208503e-001
 -2.0654016e-001
 -1.8648385e-001
 -1.7538413e-001
 -1.7537049e-001
 -1.8637119e-001
 -2.0585333e-001
 -2.2933536e-001
 -2.5156827e-001
 -2.6802437e-001
 -2.7619443e-001
 -2.7623627e-001
 -2.7073326e-001
 -2.6363567e-001
 -2.5875335e-001
 -2.5833358e-001
 -2.6222773e-001
 -2.6793513e-001
 -2.7149329e-001
 -2.6888042e-001
 -2.5742220e-001
 -2.3671159e-001
 -2.0874576e-001
 -1.7727836e-001
 -1.4666308e-001
 -1.2062407e-001
 -1.0137478e-001
 -8.9338896e-002
 -8.3478173e-002
 -8.2007238e-002
 -8.3160257e-002
 -8.5706144e-002
 -8.9061891e-002
 -9.3053382e-002
 -9.7530013e-002
 -1.0208746e-001
 -1.0607622e-001
 -1.0891208e-001
 -1.1053502e-001
 -1.1176433e-001
 -1.1431741e-001
 -1.2039306e-001
 -1.3191173e-001
 -1.4967396e-001
 -1.7276934e-001
 -1.9850676e-001
 -2.2296011e-001
 -2.4199857e-001
 -2.5248173e-001
 -2.5322222e-001
 -2.4538203e-001
 -2.3215374e-001
 -2.1781649e-001
 -2.0646556e-001
 -2.0082027e-001
 -2.0148440e-001
 -2.0687914e-001
 -2.1384811e-001
 -2.1872132e-001
 -2.1849134e-001
 -2.1173911e-001
 -1.9904799e-001
 -1.8282151e-001
 -1.6660951e-001
 -1.5418523e-001
 -1.4866160e-001
 -1.5188290e-001
 -1.6420722e-001
 -1.8465632e-001
 -2.1130275e-001
 -2.4172311e-001
 -2.7337444e-001
 -3.0382779e-001
 -3.3087978e-001
 -3.5262271e-001
 -3.6756192e-001
 -3.7482365e-001
 -3.7441851e-001
 -3.6745060e-001
 -3.5612947e-001
 -3.4347452e-001
 -3.3269975e-001
 -3.2639906e-001
 -3.2576802e-001
 -3.3014293e-001
 -3.3707846e-001
 -3.4302701e-001
 -3.4447133e-001
 -3.3917405e-001
 -3.2711866e-001
 -3.1077471e-001
 -2.9451928e-001
 -2.8333003e-001
 -2.8113400e-001
 -2.8935375e-001
 -3.0617062e-001
 -3.2681964e-001
 -3.4489969e-001
 -3.5433433e-001
 -3.5137145e-001
 -3.3595567e-001
 -3.1197459e-001
 -2.8622611e-001
 -2.6637102e-001
 -2.5848809e-001
 -2.6501590e-001
 -2.8378117e-001
 -3.0849219e-001
 -3.3061161e-001
 -3.4206376e-001
 -3.3792959e-001
 -3.1824643e-001
 -2.8828371e-001
 -2.5713627e-001
 -2.3501659e-001
 -2.3005730e-001
 -2.4561237e-001
 -2.7890695e-001
 -3.2147413e-001
 -3.6126809e-001
 -3.8583377e-001
 -3.8560690e-001
 -3.5640565e-001
 -3.0044914e-001
 -2.2569953e-001
 -1.4381974e-001
 -6.7411094e-002
 -7.3385831e-003
  2.9163097e-002
  3.9222635e-002
  2.3919783e-002
 -1.2915695e-002
 -6.6157044e-002
 -1.3057400e-001
 -2.0145516e-001
 -2.7463262e-001
 -3.4613931e-001
 -4.1186374e-001
 -4.6753612e-001
 -5.0920456e-001
 -5.3411449e-001
 -5.4168563e-001
 -5.3417533e-001
 -5.1666898e-001
 -4.9623680e-001
 -4.8037688e-001
 -4.7513283e-001
 -4.8343251e-001
 -5.0417974e-001
 -5.3243293e-001
 -5.6067868e-001
 -5.8085710e-001
 -5.8653816e-001
 -5.7458105e-001
 -5.4576402e-001
 -5.0420843e-001
 -4.5582464e-001
 -4.0633931e-001
 -3.5960072e-001
 -3.1674810e-001
 -2.7650797e-001
 -2.3646019e-001
 -1.9475253e-001
 -1.5156919e-001
 -1.0974310e-001
 -7.4214714e-002
 -5.0471325e-002
 -4.2493945e-002
 -5.0951803e-002
 -7.2337310e-002
 -9.9439016e-002
 -1.2310464e-001
 -1.3480130e-001
 -1.2918661e-001
 -1.0586350e-001
 -6.9720327e-002
 -2.9686933e-002
  3.7698077e-003
  2.1684920e-002
  1.9258695e-002
 -2.6712109e-003
 -3.7817533e-002
 -7.6262855e-002
 -1.0738632e-001
 -1.2302976e-001
 -1.1995277e-001
 -1.0083406e-001
 -7.3514039e-002
 -4.8707758e-002
 -3.6881075e-002
 -4.5230668e-002
 -7.5661325e-002
 -1.2432976e-001
 -1.8283020e-001
 -2.4059548e-001
 -2.8774073e-001
 -3.1749002e-001
 -3.2751626e-001
 -3.1991122e-001
 -2.9994728e-001
 -2.7414367e-001
 -2.4830254e-001
 -2.2610324e-001
 -2.0858932e-001
 -1.9455619e-001
 -1.8156551e-001
 -1.6716059e-001
 -1.4986509e-001
 -1.2968749e-001
 -1.0805839e-001
 -8.7318826e-002
 -6.9997466e-002
 -5.8134686e-002
 -5.2845809e-002
 -5.4200280e-002
 -6.1376692e-002
 -7.2974882e-002
 -8.7345849e-002
 -1.0283408e-001
 -1.1789220e-001
 -1.3109395e-001
 -1.4111300e-001
 -1.4674002e-001
 -1.4698378e-001
 -1.4125948e-001
 -1.2962549e-001
 -1.1300162e-001
 -9.3290368e-002
 -7.3327558e-002
 -5.6610412e-002
 -4.6790825e-002
 -4.6981406e-002
 -5.8994145e-002
 -8.2696481e-002
 -1.1569714e-001
 -1.5353642e-001
 -1.9044336e-001
 -2.2055625e-001
 -2.3933390e-001
 -2.4477600e-001
 -2.3807541e-001
 -2.2345822e-001
 -2.0719872e-001
 -1.9605392e-001
 -1.9555740e-001
 -2.0867313e-001
 -2.3520748e-001
 -2.7214170e-001
 -3.1475330e-001
 -3.5814426e-001
 -3.9867181e-001
 -4.3482435e-001
 -4.6728434e-001
 -4.9819852e-001
 -5.2993958e-001
 -5.6380247e-001
 -5.9908687e-001
 -6.3287949e-001
 -6.6061896e-001
 -6.7728079e-001
 -6.7883544e-001
 -6.6355826e-001
 -6.3281856e-001
 -5.9112163e-001
 -5.4537655e-001
 -5.0355689e-001
 -4.7306608e-001
 -4.5918197e-001
 -4.6393004e-001
 -4.8563389e-001
 -5.1924179e-001
 -5.5736271e-001
 -5.9179706e-001
 -6.1524203e-001
 -6.2280971e-001
 -6.1302635e-001
 -5.8808345e-001
 -5.5327096e-001
 -5.1571062e-001
 -4.8267985e-001
 -4.5992877e-001
 -4.5040537e-001
 -4.5370586e-001
 -4.6637624e-001
 -4.8296052e-001
 -4.9748765e-001
 -5.0497668e-001
 -5.0255399e-001
 -4.8991078e-001
 -4.6903922e-001
 -4.4340093e-001
 -4.1683231e-001
 -3.9253384e-001
 -3.7241849e-001
 -3.5694358e-001
 -3.4537951e-001
 -3.3633948e-001
 -3.2834683e-001
 -3.2025578e-001
 -3.1143967e-001
 -3.0177012e-001
 -2.9148491e-001
 -2.8105693e-001
 -2.7113477e-001
 -2.6255531e-001
 -2.5636809e-001
 -2.5379008e-001
 -2.5603826e-001
 -2.6405091e-001
 -2.7817847e-001
 -2.9796659e-001
 -3.2214442e-001
 -3.4886928e-001
 -3.7618170e-001
 -4.0253033e-001
 -4.2717386e-001
 -4.5028564e-001
 -4.7268238e-001
 -4.9524306e-001
 -5.1822700e-001
 -5.4077883e-001
 -5.6087749e-001
 -5.7584100e-001
 -5.8327949e-001
 -5.8217835e-001
 -5.7368161e-001
 -5.6119379e-001
 -5.4963091e-001
 -5.4396222e-001
 -5.4748182e-001
 -5.6041319e-001
 -5.7940215e-001
 -5.9819194e-001
 -6.0937707e-001
 -6.0673780e-001
 -5.8740968e-001
 -5.5314258e-001
 -5.1016512e-001
 -4.6761521e-001
 -4.3497455e-001
 -4.1929066e-001
 -4.2305946e-001
 -4.4344091e-001
 -4.7305670e-001
 -5.0211737e-001
 -5.2121707e-001
 -5.2395063e-001
 -5.0859953e-001
 -4.7845491e-001
 -4.4077434e-001
 -4.0475869e-001
 -3.7916751e-001
 -3.7021427e-001
 -3.8022309e-001
 -4.0726717e-001
 -4.4574514e-001
 -4.8766183e-001
 -5.2429217e-001
 -5.4790660e-001
 -5.5327930e-001
 -5.3874985e-001
 -5.0665339e-001
 -4.6299228e-001
 -4.1632323e-001
 -3.7599433e-001
 -3.5006030e-001
 -3.4336909e-001
 -3.5636398e-001
 -3.8502349e-001
 -4.2206372e-001
 -4.5913104e-001
 -4.8934950e-001
 -5.0940383e-001
 -5.2042890e-001
 -5.2734083e-001
 -5.3677400e-001
 -5.5430003e-001
 -5.8190538e-001
 -6.1666945e-001
 -6.5120414e-001
 -6.7581197e-001
 -6.8169987e-001
 -6.6417487e-001
 -6.2470001e-001
 -5.7103388e-001
 -5.1530374e-001
 -4.7055883e-001
 -4.4687798e-001
 -4.4828148e-001
 -4.7145906e-001
 -5.0675113e-001
 -5.4109815e-001
 -5.6204229e-001
 -5.6152927e-001
 -5.3832618e-001
 -4.9831599e-001
 -4.5260611e-001
 -4.1407786e-001
 -3.9348366e-001
 -3.9631880e-001
 -4.2141932e-001
 -4.6166000e-001
 -5.0643983e-001
 -5.4507311e-001
 -5.6994129e-001
 -5.7838970e-001
 -5.7282478e-001
 -5.5911405e-001
 -5.4398377e-001
 -5.3243668e-001
 -5.2615929e-001
 -5.2347696e-001
 -5.2080035e-001
 -5.1491712e-001
 -5.0514241e-001
 -4.9438124e-001
 -4.8856681e-001
 -4.9457328e-001
 -5.1732318e-001
 -5.5718156e-001
 -6.0870082e-001
 -6.6134538e-001
 -7.0212983e-001
 -7.1939448e-001
 -7.0647990e-001
 -6.6402624e-001
 -6.0004365e-001
 -5.2764091e-001
 -4.6110565e-001
 -4.1161494e-001
 -3.8400672e-001
 -3.7569949e-001
 -3.7812176e-001
 -3.8015475e-001
 -3.7240009e-001
 -3.5079873e-001
 -3.1834916e-001
 -2.8432313e-001
 -2.6123191e-001
 -2.6056037e-001
 -2.8870124e-001
 -3.4444913e-001
 -4.1888508e-001
 -4.9768325e-001
 -5.6507521e-001
 -6.0818337e-001
 -6.2035152e-001
 -6.0247334e-001
 -5.6200989e-001
 -5.1014977e-001
 -4.5814266e-001
 -4.1404170e-001
 -3.8087211e-001
 -3.5669786e-001
 -3.3638862e-001
 -3.1432900e-001
 -2.8704603e-001
 -2.5482994e-001
 -2.2183231e-001
 -1.9468350e-001
 -1.8018007e-001
 -1.8288183e-001
 -2.0344608e-001
 -2.3823729e-001
 -2.8030283e-001
 -3.2135796e-001
 -3.5412277e-001
 -3.7428502e-001
 -3.8152502e-001
 -3.7936072e-001
 -3.7393724e-001
 -3.7218077e-001
 -3.7988278e-001
 -4.0024956e-001
 -4.3327231e-001
 -4.7600873e-001
 -5.2360051e-001
 -5.7065613e-001
 -6.1255472e-001
 -6.4628968e-001
 -6.7064603e-001
 -6.8573943e-001
 -6.9216518e-001
 -6.9014186e-001
 -6.7903894e-001
 -6.5754237e-001
 -6.2447336e-001
 -5.8000823e-001
 -5.2684441e-001
 -4.7079858e-001
 -4.2044601e-001
 -3.8569348e-001
 -3.7554062e-001
 -3.9560732e-001
 -4.4616994e-001
 -5.2138089e-001
 -6.1004416e-001
 -6.9786481e-001
 -7.7062548e-001
 -8.1742624e-001
 -8.3307069e-001
 -8.1892273e-001
 -7.8202218e-001
 -7.3278193e-001
 -6.8201303e-001
 -6.3819678e-001
 -6.0578915e-001
 -5.8495992e-001
 -5.7267681e-001
 -5.6461812e-001
 -5.5717730e-001
 -5.4886962e-001
 -5.4072717e-001
 -5.3565669e-001
 -5.3709064e-001
 -5.4746564e-001
 -5.6706308e-001
 -5.9357102e-001
 -6.2246169e-001
 -6.4802684e-001
 -6.6475338e-001
 -6.6867943e-001
 -6.5842566e-001
 -6.3569750e-001
 -6.0515927e-001
 -5.7367260e-001
 -5.4898031e-001
 -5.3802103e-001
 -5.4518032e-001
 -5.7088686e-001
 -6.1098911e-001
 -6.5724000e-001
 -6.9895970e-001
 -7.2558759e-001
 -7.2948899e-001
 -7.0818996e-001
 -6.6528202e-001
 -6.0959126e-001
 -5.5275055e-001
 -5.0586826e-001
 -4.7634243e-001
 -4.6587242e-001
 -4.7034200e-001
 -4.8160845e-001
 -4.9055991e-001
 -4.9035125e-001
 -4.7867385e-001
 -4.5828328e-001
 -4.3566273e-001
 -4.1838906e-001
 -4.1222815e-001
 -4.1904605e-001
 -4.3626885e-001
 -4.5800700e-001
 -4.7732724e-001
 -4.8875298e-001
 -4.9004718e-001
 -4.8267148e-001
 -4.7086737e-001
 -4.5983915e-001
 -4.5382439e-001
 -4.5480753e-001
 -4.6230236e-001
 -4.7415257e-001
 -4.8788269e-001
 -5.0194243e-001
 -5.1628993e-001
 -5.3209418e-001
 -5.5074693e-001
 -5.7268154e-001
 -5.9657174e-001
 -6.1930342e-001
 -6.3676375e-001
 -6.4513207e-001
 -6.4214137e-001
 -6.2779931e-001
 -6.0429721e-001
 -5.7518452e-001
 -5.4418853e-001
 -5.1418342e-001
 -4.8670981e-001
 -4.6216932e-001
 -4.4049804e-001
 -4.2190696e-001
 -4.0726361e-001
 -3.9788365e-001
 -3.9481123e-001
 -3.9794905e-001
 -4.0551695e-001
 -4.1421038e-001
 -4.2013419e-001
 -4.2022942e-001
 -4.1364519e-001
 -4.0246032e-001
 -3.9136039e-001
 -3.8625890e-001
 -3.9226658e-001
 -4.1169902e-001
 -4.4285185e-001
 -4.8004337e-001
 -5.1500569e-001
 -5.3924526e-001
 -5.4665407e-001
 -5.3555022e-001
 -5.0949159e-001
 -4.7658080e-001
 -4.4743753e-001
 -4.3241063e-001
 -4.3881857e-001
 -4.6898503e-001
 -5.1959529e-001
 -5.8251686e-001
 -6.4682109e-001
 -7.0142669e-001
 -7.3764517e-001
 -7.5097273e-001
 -7.4171487e-001
 -7.1437114e-001
 -6.7604608e-001
 -6.3439336e-001
 -5.9568090e-001
 -5.6347603e-001
 -5.3823278e-001
 -5.1779134e-001
 -4.9855693e-001
 -4.7697309e-001
 -4.5087223e-001
 -4.2036226e-001
 -3.8805640e-001
 -3.5862325e-001
 -3.3778697e-001
 -3.3101532e-001
 -3.4218812e-001
 -3.7254090e-001
 -4.2013200e-001
 -4.7998682e-001
 -5.4493676e-001
 -6.0700701e-001
 -6.5905024e-001
 -6.9621930e-001
 -7.1686963e-001
 -7.2260587e-001
 -7.1742150e-001
 -7.0616220e-001
 -6.9277996e-001
 -6.7894467e-001
 -6.6349207e-001
 -6.4292640e-001
 -6.1284494e-001
 -5.6982955e-001
 -5.1317563e-001
 -4.4586599e-001
 -3.7443732e-001
 -3.0774399e-001
 -2.5497246e-001
 -2.2347903e-001
 -2.1704854e-001
 -2.3500958e-001
 -2.7236981e-001
 -3.2085720e-001
 -3.7056025e-001
 -4.1178989e-001
 -4.3681874e-001
 -4.4123571e-001
 -4.2473031e-001
 -3.9117497e-001
 -3.4792404e-001
 -3.0434155e-001
 -2.6973110e-001
 -2.5105126e-001
 -2.5098130e-001
 -2.6695295e-001
 -2.9160218e-001
 -3.1471876e-001
 -3.2627404e-001
 -3.1966392e-001
 -2.9410314e-001
 -2.5527259e-001
 -2.1384412e-001
 -1.8223016e-001
 -1.7057172e-001
 -1.8332355e-001
 -2.1766043e-001
 -2.6432994e-001
 -3.1071654e-001
 -3.4507291e-001
 -3.6042746e-001
 -3.5677183e-001
 -3.4074529e-001
 -3.2294233e-001
 -3.1383674e-001
 -3.1981463e-001
 -3.4075646e-001
 -3.7002759e-001
 -3.9685184e-001
 -4.1018577e-001
 -4.0269744e-001
 -3.7345718e-001
 -3.2844911e-001
 -2.7880356e-001
 -2.3743326e-001
 -2.1525082e-001
 -2.1819746e-001
 -2.4594192e-001
 -2.9248392e-001
 -3.4826264e-001
 -4.0294916e-001
 -4.4801018e-001
 -4.7835185e-001
 -4.9276115e-001
 -4.9328259e-001
 -4.8395330e-001
 -4.6940053e-001
 -4.5370156e-001
 -4.3970429e-001
 -4.2880657e-001
 -4.2106768e-001
 -4.1549721e-001
 -4.1040787e-001
 -4.0378192e-001
 -3.9364187e-001
 -3.7841892e-001
 -3.5728702e-001
 -3.3040130e-001
 -2.9897194e-001
 -2.6512673e-001
 -2.3156286e-001
 -2.0104223e-001
 -1.7582754e-001
 -1.5717711e-001
 -1.4501074e-001
 -1.3783129e-001
 -1.3294309e-001
 -1.2695333e-001
 -1.1648366e-001
 -9.8963102e-002
 -7.3333707e-002
 -4.0491617e-002
 -3.3208643e-003
  3.3742120e-002
  6.5561822e-002
  8.7404155e-002
  9.6024311e-002
  9.0455540e-002
  7.2266705e-002
  4.5186988e-002
  1.4173085e-002
 -1.5832314e-002
 -4.1089345e-002
 -5.9830540e-002
 -7.2363712e-002
 -8.0478236e-002
 -8.6373222e-002
 -9.1514542e-002
 -9.5875348e-002
 -9.7886099e-002
 -9.5148530e-002
 -8.5651273e-002
 -6.8991847e-002
 -4.7067582e-002
 -2.3881615e-002
 -4.4592639e-003
  6.7528580e-003
  7.3885936e-003
 -2.0483757e-003
 -1.8456256e-002
 -3.7389665e-002
 -5.4803775e-002
 -6.8570646e-002
 -7.9121728e-002
 -8.8920455e-002
 -1.0096043e-001
 -1.1691529e-001
 -1.3575056e-001
 -1.5345699e-001
 -1.6412724e-001
 -1.6204257e-001
 -1.4398941e-001
 -1.1087558e-001
 -6.7939300e-002
 -2.3363920e-002
  1.4268817e-002
  3.8782259e-002
  4.8429516e-002
  4.6376235e-002
  3.9454305e-002
  3.5654611e-002
  4.1302509e-002
  5.8966674e-002
  8.6850116e-002
  1.1982602e-001
  1.5164819e-001
  1.7743821e-001
  1.9549065e-001
  2.0775336e-001
  2.1888738e-001
  2.3436226e-001
  2.5837794e-001
  2.9240668e-001
  3.3484172e-001
  3.8176920e-001
  4.2844656e-001
  4.7084216e-001
  5.0663956e-001
  5.3538956e-001
  5.5787224e-001
  5.7504870e-001
  5.8711713e-001
  5.9310281e-001
