 -1.4162759e-001
 -2.1202402e-001
 -2.8078617e-001
 -3.3802746e-001
 -3.7609391e-001
 -3.9126589e-001
 -3.8440774e-001
 -3.6046467e-001
 -3.2701417e-001
 -2.9231355e-001
 -2.6338696e-001
 -2.4464028e-001
 -2.3730536e-001
 -2.3975692e-001
 -2.4849812e-001
 -2.5945069e-001
 -2.6915470e-001
 -2.7557715e-001
 -2.7839889e-001
 -2.7882420e-001
 -2.7907385e-001
 -2.8175155e-001
 -2.8923061e-001
 -3.0313584e-001
 -3.2394397e-001
 -3.5071928e-001
 -3.8102917e-001
 -4.1111275e-001
 -4.3636354e-001
 -4.5211952e-001
 -4.5464569e-001
 -4.4209059e-001
 -4.1514897e-001
 -3.7719990e-001
 -3.3381169e-001
 -2.9167685e-001
 -2.5720834e-001
 -2.3513951e-001
 -2.2748970e-001
 -2.3317787e-001
 -2.4840664e-001
 -2.6773917e-001
 -2.8560039e-001
 -2.9780487e-001
 -3.0268494e-001
 -3.0148352e-001
 -2.9787083e-001
 -2.9669771e-001
 -3.0233662e-001
 -3.1710877e-001
 -3.4029559e-001
 -3.6807255e-001
 -3.9442347e-001
 -4.1278112e-001
 -4.1789689e-001
 -4.0735658e-001
 -3.8226529e-001
 -3.4689262e-001
 -3.0741085e-001
 -2.7015636e-001
 -2.3999315e-001
 -2.1930304e-001
 -2.0788825e-001
 -2.0373432e-001
 -2.0426868e-001
 -2.0757863e-001
 -2.1308853e-001
 -2.2142770e-001
 -2.3356247e-001
 -2.4958649e-001
 -2.6773533e-001
 -2.8413981e-001
 -2.9356447e-001
 -2.9098619e-001
 -2.7349794e-001
 -2.4182259e-001
 -2.0078305e-001
 -1.5839644e-001
 -1.2374087e-001
 -1.0421164e-001
 -1.0306267e-001
 -1.1809879e-001
 -1.4203709e-001
 -1.6450095e-001
 -1.7504454e-001
 -1.6623500e-001
 -1.3578673e-001
 -8.7064991e-002
 -2.7839097e-002
  3.2236379e-002
  8.4520120e-002
  1.2368670e-001
  1.4872472e-001
  1.6242583e-001
  1.6970357e-001
  1.7546016e-001
  1.8280523e-001
  1.9221268e-001
  2.0178759e-001
  2.0837917e-001
  2.0898732e-001
  2.0186806e-001
  1.8694034e-001
  1.6543258e-001
  1.3903460e-001
  1.0900584e-001
  7.5668720e-002
  3.8510740e-002
 -3.1732504e-003
 -4.9417616e-002
 -9.8924893e-002
 -1.4894881e-001
 -1.9583200e-001
 -2.3602665e-001
 -2.6720916e-001
 -2.8903813e-001
 -3.0322539e-001
 -3.1284804e-001
 -3.2112668e-001
 -3.3011647e-001
 -3.3981556e-001
 -3.4806241e-001
 -3.5131435e-001
 -3.4607277e-001
 -3.3046701e-001
 -3.0542475e-001
 -2.7497705e-001
 -2.4553342e-001
 -2.2431390e-001
 -2.1741707e-001
 -2.2812835e-001
 -2.5599125e-001
 -2.9690668e-001
 -3.4419008e-001
 -3.9022192e-001
 -4.2817500e-001
 -4.5333052e-001
 -4.6367845e-001
 -4.5975452e-001
 -4.4389968e-001
 -4.1926253e-001
 -3.8887121e-001
 -3.5500268e-001
 -3.1892995e-001
 -2.8099669e-001
 -2.4089728e-001
 -1.9803750e-001
 -1.5189437e-001
 -1.0234392e-001
 -4.9949793e-002
  3.8064063e-003
  5.6405806e-002
  1.0436072e-001
  1.4353433e-001
  1.6971540e-001
  1.7936307e-001
  1.7035511e-001
  1.4253744e-001
  9.7905373e-002
  4.0344047e-002
 -2.5015465e-002
 -9.2651719e-002
 -1.5748806e-001
 -2.1549427e-001
 -2.6393295e-001
 -3.0125920e-001
 -3.2680208e-001
 -3.4042027e-001
 -3.4230686e-001
 -3.3302604e-001
 -3.1373575e-001
 -2.8644037e-001
 -2.5407806e-001
 -2.2029939e-001
 -1.8892351e-001
 -1.6320992e-001
 -1.4519180e-001
 -1.3532651e-001
 -1.3261587e-001
 -1.3516948e-001
 -1.4100108e-001
 -1.4874194e-001
 -1.5797922e-001
 -1.6908002e-001
 -1.8258378e-001
 -1.9844408e-001
 -2.1548552e-001
 -2.3136740e-001
 -2.4313784e-001
 -2.4820105e-001
 -2.4532019e-001
 -2.3522827e-001
 -2.2055133e-001
 -2.0501480e-001
 -1.9220065e-001
 -1.8432416e-001
 -1.8151699e-001
 -1.8192094e-001
 -1.8257987e-001
 -1.8079287e-001
 -1.7538955e-001
 -1.6739917e-001
 -1.5981001e-001
 -1.5647209e-001
 -1.6054488e-001
 -1.7309131e-001
 -1.9238528e-001
 -2.1424066e-001
 -2.3328115e-001
 -2.4470625e-001
 -2.4590996e-001
 -2.3735630e-001
 -2.2239019e-001
 -2.0605673e-001
 -1.9336381e-001
 -1.8761588e-001
 -1.8940228e-001
 -1.9656770e-001
 -2.0512840e-001
 -2.1076533e-001
 -2.1034339e-001
 -2.0293066e-001
 -1.8999932e-001
 -1.7479468e-001
 -1.6114502e-001
 -1.5215489e-001
 -1.4922965e-001
 -1.5173114e-001
 -1.5732771e-001
 -1.6286448e-001
 -1.6542165e-001
 -1.6319609e-001
 -1.5593386e-001
 -1.4481643e-001
 -1.3189515e-001
 -1.1931083e-001
 -1.0858582e-001
 -1.0022620e-001
 -9.3747240e-002
 -8.8085098e-002
 -8.2232144e-002
 -7.5869685e-002
 -6.9783690e-002
 -6.5923911e-002
 -6.7076173e-002
 -7.6227217e-002
 -9.5782269e-002
 -1.2683072e-001
 -1.6864158e-001
 -2.1851609e-001
 -2.7204572e-001
 -3.2373782e-001
 -3.6789578e-001
 -3.9958822e-001
 -4.1552205e-001
 -4.1464783e-001
 -3.9837145e-001
 -3.7031576e-001
 -3.3565912e-001
 -3.0016305e-001
 -2.6907354e-001
 -2.4612557e-001
 -2.3288190e-001
 -2.2858325e-001
 -2.3057682e-001
 -2.3523950e-001
 -2.3915821e-001
 -2.4022399e-001
 -2.3828581e-001
 -2.3511977e-001
 -2.3368055e-001
 -2.3685322e-001
 -2.4612626e-001
 -2.6067592e-001
 -2.7724669e-001
 -2.9095154e-001
 -2.9678405e-001
 -2.9135193e-001
 -2.7421955e-001
 -2.4834447e-001
 -2.1938820e-001
 -1.9407516e-001
 -1.7812436e-001
 -1.7445171e-001
 -1.8226602e-001
 -1.9737714e-001
 -2.1360857e-001
 -2.2481428e-001
 -2.2678850e-001
 -2.1840836e-001
 -2.0164442e-001
 -1.8050237e-001
 -1.5935606e-001
 -1.4134606e-001
 -1.2746477e-001
 -1.1665271e-001
 -1.0680767e-001
 -9.6229490e-002
 -8.4841798e-002
 -7.4622477e-002
 -6.9003433e-002
 -7.1434310e-002
 -8.3668603e-002
 -1.0447448e-001
 -1.2933601e-001
 -1.5134588e-001
 -1.6304237e-001
 -1.5858669e-001
 -1.3554873e-001
 -9.5711927e-002
 -4.4657986e-002
  9.6915639e-003
  5.9072962e-002
  9.6787142e-002
  1.1898587e-001
  1.2507138e-001
  1.1725782e-001
  9.9587911e-002
  7.6799803e-002
  5.3385204e-002
  3.3020757e-002
  1.8369605e-002
  1.1115365e-002
  1.2049563e-002
  2.1085031e-002
  3.7173863e-002
  5.8213780e-002
  8.1081888e-002
  1.0191548e-001
  1.1667366e-001
  1.2189691e-001
  1.1548174e-001
  9.7246837e-002
  6.9103331e-002
  3.4744962e-002
 -1.0902639e-003
 -3.3613669e-002
 -5.8991076e-002
 -7.5116004e-002
 -8.1972264e-002
 -8.1513186e-002
 -7.7100393e-002
 -7.2642743e-002
 -7.1637861e-002
 -7.6336608e-002
 -8.7224208e-002
 -1.0294436e-001
 -1.2069321e-001
 -1.3699443e-001
 -1.4865996e-001
 -1.5367396e-001
 -1.5173850e-001
 -1.4430147e-001
 -1.3403697e-001
 -1.2392548e-001
 -1.1622600e-001
 -1.1168891e-001
 -1.0929480e-001
 -1.0663296e-001
 -1.0080822e-001
 -8.9568647e-002
 -7.2255301e-002
 -5.0229597e-002
 -2.6618528e-002
 -5.4638400e-003
  9.4259508e-003
  1.5525624e-002
  1.2205921e-002
  7.4938978e-004
 -1.6163916e-002
 -3.5256368e-002
 -5.3432767e-002
 -6.8303430e-002
 -7.8366140e-002
 -8.2920533e-002
 -8.1878234e-002
 -7.5621268e-002
 -6.4970614e-002
 -5.1215156e-002
 -3.6082939e-002
 -2.1547788e-002
 -9.4470989e-003
 -9.9576418e-004
  3.6395971e-003
  5.5323610e-003
  6.8445475e-003
  1.0334024e-002
  1.8633482e-002
  3.3487248e-002
  5.5146836e-002
  8.2086883e-002
  1.1112834e-001
  1.3796712e-001
  1.5802035e-001
  1.6742968e-001
  1.6401126e-001
  1.4792722e-001
  1.2188656e-001
  9.0771366e-002
  6.0717513e-002
  3.7828718e-002
  2.6823155e-002
  2.9958550e-002
  4.6527029e-002
  7.3061774e-002
  1.0419569e-001
  1.3392313e-001
  1.5690437e-001
  1.6945891e-001
  1.7001432e-001
  1.5896894e-001
  1.3811716e-001
  1.0990747e-001
  7.6815817e-002
  4.1022487e-002
  4.4254634e-003
 -3.1127224e-002
 -6.3588090e-002
 -9.0633324e-002
 -1.0985034e-001
 -1.1914536e-001
 -1.1721339e-001
 -1.0387351e-001
 -8.0122536e-002
 -4.7879253e-002
 -9.5242128e-003
  3.2571102e-002
  7.6330229e-002
  1.1996557e-001
  1.6171550e-001
  1.9949450e-001
  2.3068992e-001
  2.5229764e-001
  2.6145108e-001
  2.5621685e-001
  2.3638126e-001
  2.0390258e-001
  1.6278585e-001
  1.1832809e-001
  7.5913722e-002
  3.9724438e-002
  1.1787701e-002
 -8.3059409e-003
 -2.2907602e-002
 -3.5197918e-002
 -4.7839388e-002
 -6.1862711e-002
 -7.6178471e-002
 -8.7888479e-002
 -9.3293503e-002
 -8.9254802e-002
 -7.4448125e-002
 -5.0087375e-002
 -1.9871764e-002
  1.0838904e-002
  3.6374693e-002
  5.2227360e-002
  5.6207333e-002
  4.8947467e-002
  3.3609872e-002
  1.4886356e-002
 -2.4092293e-003
 -1.4736082e-002
 -2.0788447e-002
 -2.1730804e-002
 -2.0633193e-002
 -2.1283947e-002
 -2.6758692e-002
 -3.8209396e-002
 -5.4272632e-002
 -7.1299024e-002
 -8.4339722e-002
 -8.8580760e-002
 -8.0776025e-002
 -6.0240808e-002
 -2.9122414e-002
  8.0971747e-003
  4.5675736e-002
  7.7918195e-002
  1.0034590e-001
  1.1044936e-001
  1.0790917e-001
  9.4335033e-002
  7.2684539e-002
  4.6555507e-002
  1.9511810e-002
 -5.4618505e-003
 -2.6337465e-002
 -4.2242839e-002
 -5.3474899e-002
 -6.1319507e-002
 -6.7688122e-002
 -7.4624237e-002
 -8.3784261e-002
 -9.6028866e-002
 -1.1124533e-001
 -1.2845293e-001
 -1.4614376e-001
 -1.6272296e-001
 -1.7687728e-001
 -1.8774129e-001
 -1.9483112e-001
 -1.9783234e-001
 -1.9640363e-001
 -1.9015177e-001
 -1.7884330e-001
 -1.6278322e-001
 -1.4317569e-001
 -1.2224620e-001
 -1.0297398e-001
 -8.8436265e-002
 -8.0939907e-002
 -8.1234819e-002
 -8.8112915e-002
 -9.8583357e-002
 -1.0861925e-001
 -1.1426531e-001
 -1.1275906e-001
 -1.0330345e-001
 -8.7242818e-002
 -6.7596862e-002
 -4.8123721e-002
 -3.2235011e-002
 -2.2118853e-002
 -1.8332020e-002
 -1.9938898e-002
 -2.5075104e-002
 -3.1674782e-002
 -3.8074527e-002
 -4.3298814e-002
 -4.6997718e-002
 -4.9172072e-002
 -4.9909071e-002
 -4.9321682e-002
 -4.7751000e-002
 -4.6116199e-002
 -4.6169797e-002
 -5.0407890e-002
 -6.1514385e-002
 -8.1437130e-002
 -1.1040538e-001
 -1.4629837e-001
 -1.8470236e-001
 -2.1976107e-001
 -2.4561879e-001
 -2.5800219e-001
 -2.5539755e-001
 -2.3939973e-001
 -2.1409848e-001
 -1.8471385e-001
 -1.5595989e-001
 -1.3070042e-001
 -1.0933425e-001
 -9.0067204e-002
 -6.9908545e-002
 -4.5994405e-002
 -1.6769123e-002
  1.7344927e-002
  5.3947534e-002
  8.9261559e-002
  1.1910378e-001
  1.3993875e-001
  1.4976463e-001
  1.4866100e-001
  1.3890883e-001
  1.2465102e-001
  1.1111145e-001
  1.0345840e-001
  1.0549742e-001
  1.1848938e-001
  1.4045459e-001
  1.6628269e-001
  1.8878950e-001
  2.0057490e-001
  1.9623102e-001
  1.7424852e-001
  1.3796958e-001
  9.5171880e-002
  5.6277961e-002
  3.1636352e-002
  2.8654240e-002
  4.9651933e-002
  9.1114899e-002
  1.4459860e-001
  1.9903244e-001
  2.4373922e-001
  2.7127441e-001
  2.7925837e-001
  2.7069583e-001
  2.5274197e-001
  2.3433508e-001
  2.2343330e-001
  2.2467822e-001
  2.3814731e-001
  2.5950927e-001
  2.8147212e-001
  2.9604046e-001
  2.9688125e-001
  2.8109577e-001
  2.4990058e-001
  2.0806726e-001
  1.6234984e-001
  1.1942601e-001
  8.4002199e-002
  5.7649593e-002
  3.8681585e-002
  2.3039873e-002
  5.8429535e-003
 -1.6933500e-002
 -4.7177049e-002
 -8.4124758e-002
 -1.2471146e-001
 -1.6460185e-001
 -1.9953660e-001
 -2.2656376e-001
 -2.4480177e-001
 -2.5554890e-001
 -2.6175495e-001
 -2.6704471e-001
 -2.7458884e-001
 -2.8613957e-001
 -3.0148896e-001
 -3.1848839e-001
 -3.3361638e-001
 -3.4293500e-001
 -3.4316871e-001
 -3.3260429e-001
 -3.1156063e-001
 -2.8230368e-001
 -2.4844872e-001
 -2.1404756e-001
 -1.8265067e-001
 -1.5663036e-001
 -1.3695181e-001
 -1.2341842e-001
 -1.1525284e-001
 -1.1176411e-001
 -1.1283213e-001
 -1.1901946e-001
 -1.3126662e-001
 -1.5028688e-001
 -1.7589245e-001
 -2.0651529e-001
 -2.3912254e-001
 -2.6959377e-001
 -2.9347397e-001
 -3.0689580e-001
 -3.0741650e-001
 -2.9454813e-001
 -2.6985679e-001
 -2.3662827e-001
 -1.9920575e-001
 -1.6217198e-001
 -1.2956374e-001
 -1.0427776e-001
 -8.7767068e-002
 -8.0051936e-002
 -7.9995294e-002
 -8.5733778e-002
 -9.5127955e-002
 -1.0610923e-001
 -1.1685610e-001
 -1.2581217e-001
 -1.3163169e-001
 -1.3317099e-001
 -1.2961504e-001
 -1.2074414e-001
 -1.0724088e-001
 -9.0865033e-002
 -7.4327833e-002
 -6.0791958e-002
 -5.3079144e-002
 -5.2820261e-002
 -5.9859214e-002
 -7.2174440e-002
 -8.6413158e-002
 -9.8902500e-002
 -1.0680144e-001
 -1.0897661e-001
 -1.0626760e-001
 -1.0103063e-001
 -9.6128329e-002
 -9.3756879e-002
 -9.4575593e-002
 -9.7493844e-002
 -1.0021551e-001
 -1.0034048e-001
 -9.6594240e-002
 -8.9691015e-002
 -8.2459739e-002
 -7.9130698e-002
 -8.3992790e-002
 -9.9872293e-002
 -1.2696535e-001
 -1.6244899e-001
 -2.0103756e-001
 -2.3633380e-001
 -2.6255606e-001
 -2.7609708e-001
 -2.7642689e-001
 -2.6607089e-001
 -2.4969921e-001
 -2.3264916e-001
 -2.1937358e-001
 -2.1230882e-001
 -2.1149111e-001
 -2.1498212e-001
 -2.1988841e-001
 -2.2357220e-001
 -2.2461278e-001
 -2.2319597e-001
 -2.2083467e-001
 -2.1957197e-001
 -2.2100042e-001
 -2.2548448e-001
 -2.3188293e-001
 -2.3787118e-001
 -2.4073448e-001
 -2.3832599e-001
 -2.2982379e-001
 -2.1599971e-001
 -1.9889983e-001
 -1.8106220e-001
 -1.6457575e-001
 -1.5034778e-001
 -1.3787009e-001
 -1.2558421e-001
 -1.1171465e-001
 -9.5253416e-002
 -7.6709426e-002
 -5.8310817e-002
 -4.3540253e-002
 -3.6125164e-002
 -3.8809068e-002
 -5.2324319e-002
 -7.4936393e-002
 -1.0275087e-001
 -1.3072558e-001
 -1.5409430e-001
 -1.6976227e-001
 -1.7722710e-001
 -1.7871503e-001
 -1.7846183e-001
 -1.8133573e-001
 -1.9121368e-001
 -2.0961323e-001
 -2.3501876e-001
 -2.6313771e-001
 -2.8803853e-001
 -3.0384371e-001
 -3.0646655e-001
 -2.9485223e-001
 -2.7132710e-001
 -2.4093502e-001
 -2.0996052e-001
 -1.8410134e-001
 -1.6686754e-001
 -1.5870956e-001
 -1.5713490e-001
 -1.5774334e-001
 -1.5580691e-001
 -1.4784918e-001
 -1.3269899e-001
 -1.1169733e-001
 -8.8048153e-002
 -6.5607383e-002
 -4.7588321e-002
 -3.5659934e-002
 -2.9732467e-002
 -2.8438478e-002
 -3.0040828e-002
 -3.3341370e-002
 -3.8184746e-002
 -4.5339179e-002
 -5.5812083e-002
 -6.9910086e-002
 -8.6477810e-002
 -1.0269513e-001
 -1.1459776e-001
 -1.1819398e-001
 -1.1079726e-001
 -9.2083258e-002
 -6.4459507e-002
 -3.2580546e-002
 -2.1570766e-003
  2.1530436e-002
  3.4901135e-002
  3.6713481e-002
  2.7923429e-002
  1.0921126e-002
 -1.1463096e-002
 -3.6741321e-002
 -6.3044692e-002
 -8.8876750e-002
 -1.1260364e-001
 -1.3208702e-001
 -1.4480468e-001
 -1.4855607e-001
 -1.4252374e-001
 -1.2821051e-001
 -1.0972424e-001
 -9.3083417e-002
 -8.4601669e-002
 -8.8824144e-002
 -1.0675291e-001
 -1.3508205e-001
 -1.6684589e-001
 -1.9337287e-001
 -2.0692864e-001
 -2.0313284e-001
 -1.8227793e-001
 -1.4906387e-001
 -1.1084895e-001
 -7.5075892e-002
 -4.6841435e-002
 -2.7509633e-002
 -1.4849700e-002
 -4.5745536e-003
  7.3912160e-003
  2.2858218e-002
  4.0371330e-002
  5.5659933e-002
  6.3348129e-002
  5.9228123e-002
  4.2176619e-002
  1.4935625e-002
 -1.6575807e-002
 -4.5180543e-002
 -6.4877680e-002
 -7.2875697e-002
 -7.0456057e-002
 -6.2337633e-002
 -5.4774643e-002
 -5.3095440e-002
 -5.9599171e-002
 -7.2594884e-002
 -8.6943734e-002
 -9.5908557e-002
 -9.3633978e-002
 -7.7352059e-002
 -4.8515159e-002
 -1.2454879e-002
  2.3297951e-002
  5.1422619e-002
  6.7096605e-002
  6.9384758e-002
  6.1299597e-002
  4.8585764e-002
  3.7717622e-002
  3.3833065e-002
  3.9288715e-002
  5.3246422e-002
  7.2307980e-002
  9.1856325e-002
  1.0756309e-001
  1.1653874e-001
  1.1780291e-001
  1.1204393e-001
  1.0090013e-001
  8.6136139e-002
  6.9066544e-002
  5.0422939e-002
  3.0643781e-002
  1.0381082e-002
 -9.0653556e-003
 -2.5631143e-002
 -3.6787689e-002
 -4.0178093e-002
 -3.4363825e-002
 -1.9407411e-002
  2.9261883e-003
  2.9430112e-002
  5.6099171e-002
  7.8955705e-002
  9.4813330e-002
  1.0177624e-001
  9.9374977e-002
  8.8360710e-002
  7.0275849e-002
  4.6962092e-002
  2.0153672e-002
 -8.7503664e-003
 -3.8709989e-002
 -6.8900359e-002
 -9.8477103e-002
 -1.2634508e-001
 -1.5102350e-001
 -1.7068194e-001
 -1.8338536e-001
 -1.8753154e-001
 -1.8239491e-001
 -1.6862628e-001
 -1.4852313e-001
 -1.2590826e-001
 -1.0554657e-001
 -9.2173980e-002
 -8.9365953e-002
 -9.8574659e-002
 -1.1866239e-001
 -1.4613594e-001
 -1.7607006e-001
 -2.0346904e-001
 -2.2464270e-001
 -2.3814000e-001
 -2.4491456e-001
 -2.4765659e-001
 -2.4952433e-001
 -2.5273693e-001
 -2.5755873e-001
 -2.6207891e-001
 -2.6290644e-001
 -2.5655794e-001
 -2.4103925e-001
 -2.1701788e-001
 -1.8810076e-001
 -1.6003723e-001
 -1.3905723e-001
 -1.2988816e-001
 -1.3414384e-001
 -1.4968196e-001
 -1.7120613e-001
 -1.9195453e-001
 -2.0592414e-001
 -2.0987176e-001
 -2.0439170e-001
 -1.9367965e-001
 -1.8404532e-001
 -1.8167293e-001
 -1.9039254e-001
 -2.1022366e-001
 -2.3718739e-001
 -2.6445040e-001
 -2.8441606e-001
 -2.9106938e-001
 -2.8181341e-001
 -2.5822096e-001
 -2.2549366e-001
 -1.9084101e-001
 -1.6132432e-001
 -1.4185204e-001
 -1.3392907e-001
 -1.3549565e-001
 -1.4183670e-001
 -1.4721913e-001
 -1.4671876e-001
 -1.3768121e-001
 -1.2041169e-001
 -9.7946209e-002
 -7.5034618e-002
 -5.6679167e-002
 -4.6666732e-002
 -4.6494472e-002
 -5.4945443e-002
 -6.8375967e-002
 -8.1590630e-002
 -8.9051221e-002
 -8.6116155e-002
 -7.0034172e-002
 -4.0498552e-002
  3.2417526e-004
  4.8270028e-002
  9.8047273e-002
  1.4432390e-001
  1.8281754e-001
  2.1116300e-001
  2.2935895e-001
  2.3966548e-001
  2.4593570e-001
  2.5250403e-001
  2.6288663e-001
  2.7863561e-001
  2.9868834e-001
  3.1945091e-001
  3.3566416e-001
  3.4187179e-001
  3.3410943e-001
  3.1133145e-001
  2.7612844e-001
  2.3446555e-001
  1.9444338e-001
  1.6437070e-001
  1.5065363e-001
  1.5608109e-001
  1.7899301e-001
  2.1358169e-001
  2.5126445e-001
  2.8276966e-001
  3.0038158e-001
  2.9975010e-001
  2.8079656e-001
  2.4750092e-001
  2.0666514e-001
  1.6602610e-001
  1.3226050e-001
  1.0943740e-001
  9.8326887e-002
  9.6708259e-002
  1.0051623e-001
  1.0541093e-001
  1.0823785e-001
  1.0789784e-001
  1.0536207e-001
  1.0287253e-001
  1.0266192e-001
  1.0570316e-001
  1.1098986e-001
  1.1565352e-001
  1.1590717e-001
  1.0848445e-001
  9.2038125e-002
  6.7954860e-002
  4.0240875e-002
  1.4465996e-002
 -3.9010680e-003
 -1.1204402e-002
 -6.7701276e-003
  6.8723814e-003
  2.4796033e-002
  4.1235661e-002
  5.1377519e-002
  5.2786849e-002
  4.6015221e-002
  3.4211439e-002
  2.1890988e-002
  1.3289695e-002
  1.0853046e-002
  1.4359517e-002
  2.0966623e-002
  2.6170635e-002
  2.5377323e-002
  1.5580703e-002
 -3.3991117e-003
 -2.8542752e-002
 -5.4284859e-002
 -7.4032771e-002
 -8.2104892e-002
 -7.5488233e-002
 -5.4846064e-002
 -2.4423934e-002
  9.1556094e-003
  3.8858770e-002
  5.9355507e-002
  6.8604095e-002
  6.8380167e-002
  6.3559945e-002
  6.0375766e-002
  6.4208536e-002
  7.7647091e-002
  9.9468203e-002
  1.2489329e-001
  1.4705546e-001
  1.5920439e-001
  1.5692393e-001
  1.3962644e-001
  1.1082283e-001
  7.7071791e-002
  4.5948573e-002
  2.3697058e-002
  1.3329839e-002
  1.3787419e-002
  2.0412656e-002
  2.6561284e-002
  2.5800635e-002
  1.3969395e-002
 -9.5612487e-003
 -4.1798352e-002
 -7.7180380e-002
 -1.0936562e-001
 -1.3312604e-001
 -1.4572111e-001
 -1.4734691e-001
 -1.4060352e-001
 -1.2926732e-001
 -1.1686934e-001
 -1.0559775e-001
 -9.5869945e-002
 -8.6638015e-002
 -7.6215311e-002
 -6.3244038e-002
 -4.7416411e-002
 -2.9699715e-002
 -1.2030400e-002
  3.3558058e-003
  1.4674804e-002
  2.1144109e-002
  2.3151057e-002
  2.2009096e-002
  1.9413065e-002
  1.6790700e-002
  1.4761323e-002
  1.2862582e-002
  9.6177951e-003
  2.9197263e-003
 -9.3744367e-003
 -2.8792619e-002
 -5.5711572e-002
 -8.9081379e-002
 -1.2650111e-001
 -1.6465449e-001
 -2.0002179e-001
 -2.2970113e-001
 -2.5212288e-001
 -2.6744675e-001
 -2.7750084e-001
 -2.8524502e-001
 -2.9388502e-001
 -3.0588408e-001
 -3.2217009e-001
 -3.4179453e-001
 -3.6216918e-001
 -3.7982707e-001
 -3.9148326e-001
 -3.9506797e-001
 -3.9040545e-001
 -3.7931985e-001
 -3.6512805e-001
 -3.5167156e-001
 -3.4218305e-001
 -3.3833228e-001
 -3.3973905e-001
 -3.4409640e-001
 -3.4786344e-001
 -3.4731940e-001
 -3.3966811e-001
 -3.2387302e-001
 -3.0098696e-001
 -2.7389218e-001
 -2.4653888e-001
 -2.2291389e-001
 -2.0604273e-001
 -1.9730688e-001
 -1.9625245e-001
 -2.0091211e-001
 -2.0851012e-001
 -2.1631948e-001
 -2.2241832e-001
 -2.2614891e-001
 -2.2818871e-001
 -2.3025809e-001
 -2.3457778e-001
 -2.4323150e-001
 -2.5758743e-001
 -2.7790015e-001
 -3.0316813e-001
 -3.3127122e-001
 -3.5936082e-001
 -3.8442310e-001
 -4.0389125e-001
 -4.1615773e-001
 -4.2085017e-001
 -4.1879043e-001
 -4.1164770e-001
 -4.0139446e-001
 -3.8974264e-001
 -3.7774493e-001
 -3.6568481e-001
 -3.5326867e-001
 -3.4001756e-001
 -3.2568164e-001
 -3.1049992e-001
 -2.9520141e-001
 -2.8075955e-001
 -2.6802042e-001
 -2.5737846e-001
 -2.4864844e-001
 -2.4119070e-001
 -2.3422799e-001
 -2.2720062e-001
 -2.1998424e-001
 -2.1285374e-001
 -2.0619634e-001
 -2.0010432e-001
 -1.9405757e-001
 -1.8689546e-001
 -1.7717263e-001
 -1.6382866e-001
 -1.4694171e-001
 -1.2825126e-001
 -1.1116916e-001
 -1.0015427e-001
 -9.9555092e-002
 -1.1224463e-001
 -1.3849529e-001
 -1.7551066e-001
 -2.1784298e-001
 -2.5863606e-001
 -2.9134398e-001
 -3.1139297e-001
 -3.1725073e-001
 -3.1055512e-001
 -2.9527258e-001
 -2.7619298e-001
 -2.5730134e-001
 -2.4060736e-001
 -2.2584300e-001
 -2.1111333e-001
 -1.9422351e-001
 -1.7414049e-001
 -1.5198250e-001
 -1.3109657e-001
 -1.1612877e-001
 -1.1139108e-001
 -1.1913029e-001
 -1.3838644e-001
 -1.6494468e-001
 -1.9249036e-001
 -2.1461371e-001
 -2.2695639e-001
 -2.2869334e-001
 -2.2275531e-001
 -2.1465297e-001
 -2.1029676e-001
 -2.1360993e-001
 -2.2484126e-001
 -2.4024467e-001
 -2.5328797e-001
 -2.5697321e-001
 -2.4642237e-001
 -2.2077369e-001
 -1.8369098e-001
 -1.4230985e-001
 -1.0502698e-001
 -7.8952420e-002
 -6.7933318e-002
 -7.1795641e-002
 -8.6954250e-002
 -1.0801880e-001
 -1.2968372e-001
 -1.4816182e-001
 -1.6169591e-001
 -1.7012700e-001
 -1.7391160e-001
 -1.7318640e-001
 -1.6739603e-001
 -1.5567826e-001
 -1.3779544e-001
 -1.1510026e-001
 -9.0967047e-002
 -7.0335843e-002
 -5.8412829e-002
 -5.8971237e-002
 -7.2923880e-002
 -9.7783854e-002
 -1.2830689e-001
 -1.5814459e-001
 -1.8192223e-001
 -1.9696190e-001
 -2.0398584e-001
 -2.0651794e-001
 -2.0920410e-001
 -2.1569777e-001
 -2.2693631e-001
 -2.4049447e-001
 -2.5129626e-001
 -2.5344907e-001
 -2.4253324e-001
 -2.1749893e-001
 -1.8145788e-001
 -1.4105848e-001
 -1.0464624e-001
 -7.9847771e-002
 -7.1413132e-002
 -8.0042833e-002
 -1.0255670e-001
 -1.3327572e-001
 -1.6606544e-001
 -1.9628298e-001
 -2.2194616e-001
 -2.4376275e-001
 -2.6409486e-001
 -2.8532321e-001
 -3.0828138e-001
 -3.3138377e-001
 -3.5079989e-001
 -3.6163444e-001
 -3.5969988e-001
 -3.4324469e-001
 -3.1400175e-001
 -2.7714516e-001
 -2.4011194e-001
 -2.1063367e-001
 -1.9459944e-001
 -1.9444056e-001
 -2.0856393e-001
 -2.3201587e-001
 -2.5814815e-001
 -2.8072148e-001
 -2.9573742e-001
 -3.0239001e-001
 -3.0284165e-001
 -3.0094658e-001
 -3.0042201e-001
 -3.0316564e-001
 -3.0836466e-001
 -3.1275035e-001
 -3.1192582e-001
 -3.0228494e-001
 -2.8279959e-001
 -2.5597216e-001
 -2.2753099e-001
 -2.0489430e-001
 -1.9488291e-001
 -2.0145935e-001
 -2.2429616e-001
 -2.5871059e-001
 -2.9703488e-001
 -3.3098291e-001
 -3.5421121e-001
 -3.6418928e-001
 -3.6272963e-001
 -3.5500105e-001
 -3.4739026e-001
 -3.4498997e-001
 -3.4962103e-001
 -3.5909553e-001
 -3.6796970e-001
 -3.6949248e-001
 -3.5802893e-001
 -3.3108510e-001
 -2.9023172e-001
 -2.4064767e-001
 -1.8951351e-001
 -1.4388819e-001
 -1.0885255e-001
 -8.6555255e-002
 -7.6420667e-002
 -7.6323472e-002
 -8.4177605e-002
 -9.9255462e-002
 -1.2268851e-001
 -1.5694068e-001
 -2.0445725e-001
 -2.6601896e-001
 -3.3945579e-001
 -4.1925738e-001
 -4.9730636e-001
 -5.6457275e-001
 -6.1327877e-001
 -6.3888325e-001
 -6.4128785e-001
 -6.2490555e-001
 -5.9756908e-001
 -5.6858551e-001
 -5.4646700e-001
 -5.3693415e-001
 -5.4169140e-001
 -5.5825383e-001
 -5.8082607e-001
 -6.0196960e-001
 -6.1460614e-001
 -6.1383503e-001
 -5.9810326e-001
 -5.6944395e-001
 -5.3274779e-001
 -4.9429044e-001
 -4.5993841e-001
 -4.3353940e-001
 -4.1594411e-001
 -4.0491707e-001
 -3.9592916e-001
 -3.8356397e-001
 -3.6309689e-001
 -3.3177677e-001
 -2.8946222e-001
 -2.3849459e-001
 -1.8294265e-001
 -1.2753833e-001
 -7.6676602e-002
 -3.3761876e-002
 -9.9795591e-004
  2.0480146e-002
  3.0358954e-002
  2.9011329e-002
  1.7583831e-002
 -1.7580071e-003
 -2.5637632e-002
 -4.9582098e-002
 -6.8604867e-002
 -7.8222345e-002
 -7.5649693e-002
 -6.0774783e-002
 -3.6510268e-002
 -8.2910285e-003
  1.7231603e-002
  3.3947998e-002
  3.7952458e-002
  2.8551986e-002
  8.2620304e-003
 -1.8226343e-002
 -4.5755594e-002
 -7.0481895e-002
 -9.1083827e-002
 -1.0895702e-001
 -1.2732014e-001
 -1.4955858e-001
 -1.7741645e-001
 -2.0971055e-001
 -2.4205921e-001
 -2.6776459e-001
 -2.7958837e-001
 -2.7186011e-001
 -2.4225233e-001
 -1.9267358e-001
 -1.2901722e-001
 -5.9856802e-002
  5.5171038e-003
  5.9157509e-002
  9.6066710e-002
  1.1495990e-001
  1.1805918e-001
  1.1006294e-001
  9.6644149e-002
  8.2923985e-002
  7.2328357e-002
  6.6086106e-002
  6.3418608e-002
  6.2266247e-002
  6.0257389e-002
  5.5587828e-002
  4.7547524e-002
  3.6576922e-002
  2.3903834e-002
  1.0946054e-002
 -1.2775747e-003
 -1.2516293e-002
 -2.3326002e-002
 -3.4794274e-002
 -4.8076352e-002
 -6.3918965e-002
 -8.2334541e-002
 -1.0252102e-001
 -1.2303272e-001
 -1.4212968e-001
 -1.5819124e-001
 -1.7008136e-001
 -1.7738865e-001
 -1.8051180e-001
 -1.8060225e-001
 -1.7939675e-001
 -1.7897532e-001
 -1.8147341e-001
 -1.8877348e-001
 -2.0220693e-001
 -2.2231105e-001
 -2.4869579e-001
 -2.8007165e-001
 -3.1446354e-001
 -3.4959025e-001
 -3.8333686e-001
 -4.1420807e-001
 -4.4163913e-001
 -4.6606778e-001
 -4.8872907e-001
 -5.1120959e-001
 -5.3486659e-001
 -5.6026054e-001
 -5.8675635e-001
 -6.1241653e-001
 -6.3424734e-001
 -6.4877891e-001
 -6.5287708e-001
 -6.4461468e-001
 -6.2398930e-001
 -5.9327980e-001
 -5.5689374e-001
 -5.2067189e-001
 -4.9076151e-001
 -4.7230984e-001
 -4.6831460e-001
 -4.7895971e-001
 -5.0164758e-001
 -5.3173962e-001
 -5.6379498e-001
 -5.9293144e-001
 -6.1588843e-001
 -6.3147460e-001
 -6.4030023e-001
 -6.4395001e-001
 -6.4394770e-001
 -6.4092571e-001
 -6.3431570e-001
 -6.2266200e-001
 -6.0441198e-001
 -5.7885470e-001
 -5.4682681e-001
 -5.1089765e-001
 -4.7493981e-001
 -4.4321136e-001
 -4.1924068e-001
 -4.0486394e-001
 -3.9970832e-001
 -4.0127066e-001
 -4.0556384e-001
 -4.0814564e-001
 -4.0524831e-001
 -3.9471007e-001
 -3.7647073e-001
 -3.5251334e-001
 -3.2628261e-001
 -3.0175160e-001
 -2.8240457e-001
 -2.7042533e-001
 -2.6631696e-001
 -2.6904256e-001
 -2.7660903e-001
 -2.8687360e-001
 -2.9828733e-001
 -3.1032949e-001
 -3.2351633e-001
 -3.3903635e-001
 -3.5820098e-001
 -3.8194750e-001
 -4.1057337e-001
 -4.4374793e-001
 -4.8070692e-001
 -5.2045683e-001
 -5.6183841e-001
 -6.0340956e-001
 -6.4324777e-001
 -6.7886389e-001
 -7.0740573e-001
 -7.2620624e-001
 -7.3354854e-001
 -7.2936620e-001
 -7.1555484e-001
 -6.9567626e-001
 -6.7405897e-001
 -6.5455149e-001
 -6.3935734e-001
 -6.2839236e-001
 -6.1943812e-001
 -6.0907765e-001
 -5.9410264e-001
 -5.7289246e-001
 -5.4626128e-001
 -5.1745543e-001
 -4.9128665e-001
 -4.7269343e-001
 -4.6521718e-001
 -4.6989517e-001
 -4.8491017e-001
 -5.0606812e-001
 -5.2790297e-001
 -5.4502989e-001
 -5.5333751e-001
 -5.5071846e-001
 -5.3722812e-001
 -5.1475263e-001
 -4.8638963e-001
 -4.5576860e-001
 -4.2647401e-001
 -4.0163241e-001
 -3.8363660e-001
 -3.7394610e-001
 -3.7292746e-001
 -3.7975613e-001
 -3.9245158e-001
 -4.0812338e-001
 -4.2345614e-001
 -4.3537187e-001
 -4.4171967e-001
 -4.4179647e-001
 -4.3652608e-001
 -4.2821623e-001
 -4.1994447e-001
 -4.1474777e-001
 -4.1486102e-001
 -4.2123871e-001
 -4.3350171e-001
 -4.5030586e-001
 -4.6998110e-001
 -4.9119144e-001
 -5.1335577e-001
 -5.3665793e-001
 -5.6163325e-001
 -5.8849326e-001
 -6.1647349e-001
 -6.4350733e-001
 -6.6642768e-001
 -6.8170483e-001
 -6.8651440e-001
 -6.7977341e-001
 -6.6275224e-001
 -6.3898635e-001
 -6.1344167e-001
 -5.9115449e-001
 -5.7577326e-001
 -5.6849595e-001
 -5.6778768e-001
 -5.7000758e-001
 -5.7075507e-001
 -5.6647872e-001
 -5.5577723e-001
 -5.3991424e-001
 -5.2234150e-001
 -5.0738577e-001
 -4.9856924e-001
 -4.9718225e-001
 -5.0164932e-001
 -5.0794881e-001
 -5.1096562e-001
 -5.0631438e-001
 -4.9199367e-001
 -4.6928276e-001
 -4.4255041e-001
 -4.1801748e-001
 -4.0186862e-001
 -3.9832561e-001
 -4.0830511e-001
 -4.2909047e-001
 -4.5511846e-001
 -4.7962666e-001
 -4.9663931e-001
 -5.0267119e-001
 -4.9762832e-001
 -4.8464550e-001
 -4.6893879e-001
 -4.5605808e-001
 -4.5010207e-001
 -4.5245295e-001
 -4.6140457e-001
 -4.7276078e-001
 -4.8116908e-001
 -4.8173336e-001
 -4.7138677e-001
 -4.4961924e-001
 -4.1839447e-001
 -3.8137224e-001
 -3.4277076e-001
 -3.0628894e-001
 -2.7443772e-001
 -2.4844003e-001
 -2.2862907e-001
 -2.1509232e-001
 -2.0823733e-001
 -2.0901221e-001
 -2.1866863e-001
 -2.3814564e-001
 -2.6730827e-001
 -3.0434593e-001
 -3.4559953e-001
 -3.8595892e-001
 -4.1979183e-001
 -4.4218820e-001
 -4.5018111e-001
 -4.4357905e-001
 -4.2512691e-001
 -3.9989059e-001
 -3.7398383e-001
 -3.5296208e-001
 -3.4032933e-001
 -3.3659487e-001
 -3.3917188e-001
 -3.4316754e-001
 -3.4284849e-001
 -3.3336061e-001
 -3.1220516e-001
 -2.8004958e-001
 -2.4065419e-001
 -1.9996129e-001
 -1.6463418e-001
 -1.4047846e-001
 -1.3118647e-001
 -1.3772240e-001
 -1.5845649e-001
 -1.8993002e-001
 -2.2795836e-001
 -2.6870797e-001
 -3.0942950e-001
 -3.4867415e-001
 -3.8601068e-001
 -4.2143324e-001
 -4.5474479e-001
 -4.8518741e-001
 -5.1147286e-001
 -5.3219073e-001
 -5.4640426e-001
 -5.5415315e-001
 -5.5660916e-001
 -5.5576814e-001
 -5.5376006e-001
 -5.5203680e-001
 -5.5077851e-001
 -5.4880104e-001
 -5.4406344e-001
 -5.3463132e-001
 -5.1974750e-001
 -5.0058058e-001
 -4.8031042e-001
 -4.6343999e-001
 -4.5451612e-001
 -4.5668193e-001
 -4.7057684e-001
 -4.9400042e-001
 -5.2249506e-001
 -5.5067286e-001
 -5.7383675e-001
 -5.8933098e-001
 -5.9714773e-001
 -5.9958499e-001
 -6.0009742e-001
 -6.0177835e-001
 -6.0604622e-001
 -6.1203114e-001
 -6.1689627e-001
 -6.1697949e-001
 -6.0933479e-001
 -5.9310068e-001
 -5.7018170e-001
 -5.4497437e-001
 -5.2320990e-001
 -5.1029727e-001
 -5.0971943e-001
 -5.2200582e-001
 -5.4459307e-001
 -5.7257800e-001
 -6.0007670e-001
 -6.2173422e-001
 -6.3392909e-001
 -6.3536914e-001
 -6.2700697e-001
 -6.1142273e-001
 -5.9195302e-001
 -5.7185749e-001
 -5.5372910e-001
 -5.3922122e-001
 -5.2904629e-001
 -5.2313567e-001
 -5.2085006e-001
 -5.2117475e-001
 -5.2289023e-001
 -5.2474385e-001
 -5.2564484e-001
 -5.2486902e-001
 -5.2221269e-001
 -5.1801057e-001
 -5.1295278e-001
 -5.0770606e-001
 -5.0244130e-001
 -4.9645151e-001
 -4.8806450e-001
 -4.7498515e-001
 -4.5505279e-001
 -4.2721625e-001
 -3.9238836e-001
 -3.5381105e-001
 -3.1667741e-001
 -2.8699469e-001
 -2.6995610e-001
 -2.6831252e-001
 -2.8130320e-001
 -3.0457305e-001
 -3.3120342e-001
 -3.5361020e-001
 -3.6574883e-001
 -3.6492945e-001
 -3.5264425e-001
 -3.3411895e-001
 -3.1671738e-001
 -3.0770793e-001
 -3.1210824e-001
 -3.3128645e-001
 -3.6272798e-001
 -4.0097603e-001
 -4.3936662e-001
 -4.7194230e-001
 -4.9492108e-001
 -5.0730656e-001
 -5.1056169e-001
 -5.0759851e-001
 -5.0153909e-001
 -4.9471439e-001
 -4.8820506e-001
 -4.8197261e-001
 -4.7539109e-001
 -4.6786200e-001
 -4.5921551e-001
 -4.4974446e-001
 -4.3991039e-001
 -4.2991530e-001
 -4.1938831e-001
 -4.0737554e-001
 -3.9268002e-001
 -3.7443910e-001
 -3.5271682e-001
 -3.2886811e-001
 -3.0550576e-001
 -2.8603696e-001
 -2.7388473e-001
 -2.7161843e-001
 -2.8025370e-001
 -2.9893496e-001
 -3.2510045e-001
 -3.5508496e-001
 -3.8498418e-001
 -4.1152754e-001
 -4.3270969e-001
 -4.4801488e-001
 -4.5820778e-001
 -4.6481036e-001
 -4.6948554e-001
 -4.7356346e-001
 -4.7786898e-001
 -4.8286745e-001
 -4.8899815e-001
 -4.9697467e-001
 -5.0784267e-001
 -5.2269847e-001
 -5.4214274e-001
 -5.6569724e-001
 -5.9147616e-001
 -6.1633743e-001
 -6.3656045e-001
 -6.4887199e-001
 -6.5146720e-001
 -6.4462820e-001
 -6.3065972e-001
 -6.1310591e-001
 -5.9549282e-001
 -5.8004757e-001
 -5.6688847e-001
 -5.5403353e-001
 -5.3828359e-001
 -5.1670398e-001
 -4.8818090e-001
 -4.5446313e-001
 -4.2024931e-001
 -3.9220204e-001
 -3.7715075e-001
 -3.8005116e-001
 -4.0238631e-001
 -4.4157339e-001
 -4.9161646e-001
 -5.4482381e-001
 -5.9403609e-001
 -6.3461935e-001
 -6.6553962e-001
 -6.8913927e-001
 -7.0968165e-001
 -7.3116695e-001
 -7.5519424e-001
 -7.7965225e-001
 -7.9875390e-001
 -8.0447607e-001
 -7.8898091e-001
 -7.4724912e-001
 -6.7906867e-001
 -5.8972554e-001
 -4.8916303e-001
 -3.8986547e-001
 -3.0411176e-001
 -2.4140475e-001
 -2.0677003e-001
 -2.0028737e-001
 -2.1780001e-001
 -2.5239612e-001
 -2.9609408e-001
 -3.4122940e-001
 -3.8128462e-001
 -4.1120341e-001
 -4.2744795e-001
 -4.2809959e-001
 -4.1315634e-001
 -3.8492876e-001
 -3.4821541e-001
 -3.0988222e-001
 -2.7763601e-001
 -2.5812636e-001
 -2.5488840e-001
 -2.6687244e-001
 -2.8825262e-001
 -3.0983843e-001
 -3.2183740e-001
 -3.1715105e-001
 -2.9406717e-001
 -2.5730496e-001
 -2.1688153e-001
 -1.8503805e-001
 -1.7220529e-001
 -1.8340918e-001
 -2.1642961e-001
 -2.6243589e-001
 -3.0893428e-001
 -3.4400749e-001
 -3.6033094e-001
 -3.5751470e-001
 -3.4192610e-001
 -3.2407409e-001
 -3.1453168e-001
 -3.1990316e-001
 -3.4030975e-001
 -3.6929209e-001
 -3.9613350e-001
 -4.0973303e-001
 -4.0262395e-001
 -3.7372478e-001
 -3.2890675e-001
 -2.7925914e-001
 -2.3772775e-001
 -2.1530833e-001
 -2.1803778e-001
 -2.4565749e-001
 -2.9219524e-001
 -3.4807141e-001
 -4.0290587e-001
 -4.4810505e-001
 -4.7852842e-001
 -4.9294391e-001
 -4.9340656e-001
 -4.8398502e-001
 -4.6934444e-001
 -4.5359206e-001
 -4.3958868e-001
 -4.2872632e-001
 -4.2104492e-001
 -4.1553020e-001
 -4.1047569e-001
 -4.0385498e-001
 -3.9369373e-001
 -3.7843501e-001
 -3.5726773e-001
 -3.3035935e-001
 -2.9892581e-001
 -2.6509326e-001
 -2.3155163e-001
 -2.0105342e-001
 -1.7585346e-001
 -1.5720622e-001
 -1.4503231e-001
 -1.3783905e-001
 -1.3293665e-001
 -1.2693734e-001
 -1.1646532e-001
 -9.8949219e-002
 -7.3328391e-002
 -4.0495285e-002
 -3.3307199e-003
  3.3730566e-002
  6.5552898e-002
  8.7400539e-002
  9.6026375e-002
  9.0461605e-002
  7.2273975e-002
  4.5192718e-002
  1.4175529e-002
 -1.5833456e-002
 -4.1093070e-002
 -5.9835111e-002
 -7.2367387e-002
 -8.0479880e-002
 -8.6372602e-002
 -9.1512256e-002
 -9.5872477e-002
 -9.7883745e-002
 -9.5147430e-002
 -8.5651600e-002
 -6.8993246e-002
 -4.7069384e-002
 -2.3883121e-002
 -4.4599973e-003
  6.7530237e-003
  7.3894491e-003
 -2.0472459e-003
 -1.8455293e-002
 -3.7389178e-002
 -5.4803854e-002
 -6.8571168e-002
 -7.9122436e-002
 -8.8921070e-002
 -1.0096075e-001
 -1.1691526e-001
 -1.3575024e-001
 -1.5345655e-001
 -1.6412684e-001
 -1.6204236e-001
 -1.4398942e-001
 -1.1087577e-001
 -6.7939577e-002
 -2.3364170e-002
  1.4268677e-002
  3.8782259e-002
  4.8429633e-002
  4.6376408e-002
  3.9454464e-002
  3.5654702e-002
  4.1302513e-002
  5.8966603e-002
  8.6850008e-002
  1.1982592e-001
  1.5164813e-001
  1.7743820e-001
  1.9549069e-001
  2.0775343e-001
  2.1888744e-001
  2.3436230e-001
  2.5837795e-001
  2.9240666e-001
  3.3484168e-001
  3.8176916e-001
  4.2844653e-001
  4.7084216e-001
  5.0663958e-001
  5.3538958e-001
  5.5787227e-001
  5.7504872e-001
  5.8711714e-001
  5.9310280e-001
