 -4.8549514e-001
 -4.8331888e-001
 -4.7949110e-001
 -4.7450275e-001
 -4.6890016e-001
 -4.6319971e-001
 -4.5782741e-001
 -4.5309046e-001
 -4.4917853e-001
 -4.4618517e-001
 -4.4413658e-001
 -4.4301576e-001
 -4.4277516e-001
 -4.4333640e-001
 -4.4458167e-001
 -4.4634417e-001
 -4.4840527e-001
 -4.5050373e-001
 -4.5235776e-001
 -4.5369704e-001
 -4.5429850e-001
 -4.5401863e-001
 -4.5281624e-001
 -4.5076179e-001
 -4.4803241e-001
 -4.4489453e-001
 -4.4167777e-001
 -4.3874411e-001
 -4.3645629e-001
 -4.3514785e-001
 -4.3509639e-001
 -4.3650069e-001
 -4.3946222e-001
 -4.4397205e-001
 -4.4990451e-001
 -4.5701979e-001
 -4.6497697e-001
 -4.7335818e-001
 -4.8170287e-001
 -4.8954906e-001
 -4.9647695e-001
 -5.0214929e-001
 -5.0634314e-001
 -5.0896919e-001
 -5.1007654e-001
 -5.0984340e-001
 -5.0855608e-001
 -5.0657968e-001
 -5.0432451e-001
 -5.0221155e-001
 -5.0063938e-001
 -4.9995391e-001
 -5.0042171e-001
 -5.0220739e-001
 -5.0535584e-001
 -5.0978113e-001
 -5.1526412e-001
 -5.2146113e-001
 -5.2792540e-001
 -5.3414150e-001
 -5.3957064e-001
 -5.4370262e-001
 -5.4610800e-001
 -5.4648338e-001
 -5.4468308e-001
 -5.4073244e-001
 -5.3482138e-001
 -5.2728012e-001
 -5.1854230e-001
 -5.0910241e-001
 -4.9947444e-001
 -4.9015726e-001
 -4.8160895e-001
 -4.7422974e-001
 -4.6835050e-001
 -4.6422312e-001
 -4.6200972e-001
 -4.6177015e-001
 -4.6344962e-001
 -4.6687116e-001
 -4.7173835e-001
 -4.7765302e-001
 -4.8414968e-001
 -4.9074459e-001
 -4.9699225e-001
 -5.0253930e-001
 -5.0716405e-001
 -5.1079223e-001
 -5.1348395e-001
 -5.1539444e-001
 -5.1671783e-001
 -5.1762884e-001
 -5.1823821e-001
 -5.1857456e-001
 -5.1859743e-001
 -5.1823652e-001
 -5.1744359e-001
 -5.1623837e-001
 -5.1473143e-001
 -5.1311401e-001
 -5.1161567e-001
 -5.1044185e-001
 -5.0971079e-001
 -5.0941015e-001
 -5.0938810e-001
 -5.0938250e-001
 -5.0908019e-001
 -5.0818894e-001
 -5.0650145e-001
 -5.0393418e-001
 -5.0053227e-001
 -4.9644268e-001
 -4.9186673e-001
 -4.8700803e-001
 -4.8203112e-001
 -4.7704089e-001
 -4.7208517e-001
 -4.6717552e-001
 -4.6231662e-001
 -4.5753370e-001
 -4.5288955e-001
 -4.4848767e-001
 -4.4446234e-001
 -4.4096078e-001
 -4.3812355e-001
 -4.3606935e-001
 -4.3488766e-001
 -4.3463989e-001
 -4.3536682e-001
 -4.3709801e-001
 -4.3985856e-001
 -4.4366929e-001
 -4.4853861e-001
 -4.5444695e-001
 -4.6132692e-001
 -4.6904432e-001
 -4.7738517e-001
 -4.8605310e-001
 -4.9467933e-001
 -5.0284471e-001
 -5.1011103e-001
 -5.1605691e-001
 -5.2031304e-001
 -5.2259235e-001
 -5.2271194e-001
 -5.2060554e-001
 -5.1632723e-001
 -5.1004798e-001
 -5.0204685e-001
 -4.9269837e-001
 -4.8245656e-001
 -4.7183519e-001
 -4.6138395e-001
 -4.5166024e-001
 -4.4319758e-001
 -4.3647298e-001
 -4.3187627e-001
 -4.2968495e-001
 -4.3004737e-001
 -4.3297590e-001
 -4.3835013e-001
 -4.4592865e-001
 -4.5536720e-001
 -4.6624078e-001
 -4.7806794e-001
 -4.9033597e-001
 -5.0252679e-001
 -5.1414340e-001
 -5.2473619e-001
 -5.3392772e-001
 -5.4143349e-001
 -5.4707539e-001
 -5.5078535e-001
 -5.5259761e-001
 -5.5263071e-001
 -5.5106236e-001
 -5.4810247e-001
 -5.4396992e-001
 -5.3887742e-001
 -5.3302654e-001
 -5.2661176e-001
 -5.1982964e-001
 -5.1288802e-001
 -5.0601055e-001
 -4.9943386e-001
 -4.9339790e-001
 -4.8813263e-001
 -4.8384571e-001
 -4.8071554e-001
 -4.7889160e-001
 -4.7850065e-001
 -4.7965423e-001
 -4.8245139e-001
 -4.8697114e-001
 -4.9325256e-001
 -5.0126529e-001
 -5.1087765e-001
 -5.2183250e-001
 -5.3374089e-001
 -5.4609919e-001
 -5.5832993e-001
 -5.6983957e-001
 -5.8008159e-001
 -5.8861204e-001
 -5.9512685e-001
 -5.9947598e-001
 -6.0165567e-001
 -6.0178577e-001
 -6.0008123e-001
 -5.9682620e-001
 -5.9235515e-001
 -5.8704074e-001
 -5.8128440e-001
 -5.7550373e-001
 -5.7011237e-001
 -5.6549108e-001
 -5.6195328e-001
 -5.5971150e-001
 -5.5885249e-001
 -5.5932752e-001
 -5.6096109e-001
 -5.6347669e-001
 -5.6653457e-001
 -5.6977373e-001
 -5.7285015e-001
 -5.7546548e-001
 -5.7738319e-001
 -5.7843308e-001
 -5.7850761e-001
 -5.7755471e-001
 -5.7557102e-001
 -5.7259774e-001
 -5.6871865e-001
 -5.6405805e-001
 -5.5877537e-001
 -5.5305415e-001
 -5.4708467e-001
 -5.4104250e-001
 -5.3506708e-001
 -5.2924582e-001
 -5.2360848e-001
 -5.1813458e-001
 -5.1277300e-001
 -5.0746962e-001
 -5.0219643e-001
 -4.9697474e-001
 -4.9188640e-001
 -4.8707060e-001
 -4.8270707e-001
 -4.7899057e-001
 -4.7610304e-001
 -4.7418997e-001
 -4.7334522e-001
 -4.7360579e-001
 -4.7495470e-001
 -4.7732862e-001
 -4.8062635e-001
 -4.8471556e-001
 -4.8943711e-001
 -4.9460811e-001
 -5.0002598e-001
 -5.0547553e-001
 -5.1073996e-001
 -5.1561521e-001
 -5.1992585e-001
 -5.2353982e-001
 -5.2637980e-001
 -5.2842933e-001
 -5.2973295e-001
 -5.3039034e-001
 -5.3054462e-001
 -5.3036563e-001
 -5.3002915e-001
 -5.2969371e-001
 -5.2947769e-001
 -5.2944008e-001
 -5.2956893e-001
 -5.2978057e-001
 -5.2993146e-001
 -5.2984129e-001
 -5.2932402e-001
 -5.2822066e-001
 -5.2642768e-001
 -5.2391553e-001
 -5.2073481e-001
 -5.1701070e-001
 -5.1292914e-001
 -5.0871992e-001
 -5.0464119e-001
 -5.0096794e-001
 -4.9798389e-001
 -4.9597362e-001
 -4.9521056e-001
 -4.9593721e-001
 -4.9833721e-001
 -5.0250235e-001
 -5.0840130e-001
 -5.1585856e-001
 -5.2455122e-001
 -5.3402735e-001
 -5.4374513e-001
 -5.5312644e-001
 -5.6161537e-001
 -5.6873129e-001
 -5.7410854e-001
 -5.7751872e-001
 -5.7887630e-001
 -5.7823179e-001
 -5.7575790e-001
 -5.7173323e-001
 -5.6652541e-001
 -5.6057302e-001
 -5.5436381e-001
 -5.4840678e-001
 -5.4319754e-001
 -5.3917878e-001
 -5.3670036e-001
 -5.3598445e-001
 -5.3710116e-001
 -5.3995813e-001
 -5.4430505e-001
 -5.4975218e-001
 -5.5580005e-001
 -5.6187752e-001
 -5.6738539e-001
 -5.7174320e-001
 -5.7443679e-001
 -5.7506339e-001
 -5.7337012e-001
 -5.6928089e-001
 -5.6290742e-001
 -5.5454170e-001
 -5.4463024e-001
 -5.3373405e-001
 -5.2248066e-001
 -5.1151557e-001
 -5.0145928e-001
 -4.9287300e-001
 -4.8623287e-001
 -4.8190986e-001
 -4.8015157e-001
 -4.8106393e-001
 -4.8459374e-001
 -4.9051629e-001
 -4.9843438e-001
 -5.0779467e-001
 -5.1792410e-001
 -5.2808466e-001
 -5.3753960e-001
 -5.4562094e-001
 -5.5178760e-001
 -5.5566570e-001
 -5.5706709e-001
 -5.5598717e-001
 -5.5258720e-001
 -5.4716767e-001
 -5.4013914e-001
 -5.3199390e-001
 -5.2327905e-001
 -5.1456918e-001
 -5.0643575e-001
 -4.9941193e-001
 -4.9395352e-001
 -4.9040006e-001
 -4.8894168e-001
 -4.8959835e-001
 -4.9221658e-001
 -4.9648543e-001
 -5.0197014e-001
 -5.0815761e-001
 -5.1450563e-001
 -5.2048726e-001
 -5.2562349e-001
 -5.2950106e-001
 -5.3177720e-001
 -5.3217690e-001
 -5.3049140e-001
 -5.2658531e-001
 -5.2041675e-001
 -5.1206805e-001
 -5.0177853e-001
 -4.8996554e-001
 -4.7722002e-001
 -4.6426715e-001
 -4.5189258e-001
 -4.4084599e-001
 -4.3174352e-001
 -4.2499457e-001
 -4.2077385e-001
 -4.1904776e-001
 -4.1964675e-001
 -4.2235978e-001
 -4.2701784e-001
 -4.3353539e-001
 -4.4189232e-001
 -4.5205980e-001
 -4.6389526e-001
 -4.7704566e-001
 -4.9089946e-001
 -5.0461391e-001
 -5.1722049e-001
 -5.2778537e-001
 -5.3558222e-001
 -5.4022956e-001
 -5.4175488e-001
 -5.4057025e-001
 -5.3736996e-001
 -5.3298231e-001
 -5.2821741e-001
 -5.2374827e-001
 -5.2004773e-001
 -5.1738335e-001
 -5.1585541e-001
 -5.1545315e-001
 -5.1610551e-001
 -5.1771062e-001
 -5.2014147e-001
 -5.2323572e-001
 -5.2678390e-001
 -5.3052908e-001
 -5.3418499e-001
 -5.3747057e-001
 -5.4015177e-001
 -5.4207765e-001
 -5.4319967e-001
 -5.4356864e-001
 -5.4331119e-001
 -5.4259417e-001
 -5.4158802e-001
 -5.4043957e-001
 -5.3925975e-001
 -5.3812590e-001
 -5.3709308e-001
 -5.3620622e-001
 -5.3550575e-001
 -5.3502323e-001
 -5.3476841e-001
 -5.3471315e-001
 -5.3477982e-001
 -5.3484019e-001
 -5.3472725e-001
 -5.3425792e-001
 -5.3326034e-001
 -5.3159837e-001
 -5.2918679e-001
 -5.2599454e-001
 -5.2203749e-001
 -5.1736575e-001
 -5.1205194e-001
 -5.0618544e-001
 -4.9987439e-001
 -4.9325361e-001
 -4.8649342e-001
 -4.7980411e-001
 -4.7343189e-001
 -4.6764572e-001
 -4.6271756e-001
 -4.5890093e-001
 -4.5641270e-001
 -4.5542127e-001
 -4.5604109e-001
 -4.5833085e-001
 -4.6229091e-001
 -4.6785681e-001
 -4.7488775e-001
 -4.8315302e-001
 -4.9232192e-001
 -5.0196395e-001
 -5.1156481e-001
 -5.2056000e-001
 -5.2838328e-001
 -5.3452253e-001
 -5.3857312e-001
 -5.4027885e-001
 -5.3955313e-001
 -5.3647832e-001
 -5.3128630e-001
 -5.2432732e-001
 -5.1603606e-001
 -5.0690196e-001
 -4.9744717e-001
 -4.8821030e-001
 -4.7973068e-001
 -4.7252675e-001
 -4.6706453e-001
 -4.6371734e-001
 -4.6272338e-001
 -4.6415175e-001
 -4.6788788e-001
 -4.7364534e-001
 -4.8100409e-001
 -4.8946752e-001
 -4.9852526e-001
 -5.0770733e-001
 -5.1661891e-001
 -5.2495182e-001
 -5.3247694e-001
 -5.3902721e-001
 -5.4448282e-001
 -5.4876643e-001
 -5.5185080e-001
 -5.5377369e-001
 -5.5465081e-001
 -5.5467720e-001
 -5.5411069e-001
 -5.5323794e-001
 -5.5232957e-001
 -5.5159496e-001
 -5.5114787e-001
 -5.5099065e-001
 -5.5101965e-001
 -5.5104850e-001
 -5.5084258e-001
 -5.5015623e-001
 -5.4876581e-001
 -5.4649458e-001
 -5.4322850e-001
 -5.3892441e-001
 -5.3361303e-001
 -5.2739878e-001
 -5.2045727e-001
 -5.1303013e-001
 -5.0541644e-001
 -4.9795987e-001
 -4.9103160e-001
 -4.8500978e-001
 -4.8025701e-001
 -4.7709747e-001
 -4.7579542e-001
 -4.7653661e-001
 -4.7941405e-001
 -4.8441942e-001
 -4.9144172e-001
 -5.0027367e-001
 -5.1062578e-001
 -5.2214640e-001
 -5.3444447e-001
 -5.4711137e-001
 -5.5973807e-001
 -5.7192596e-001
 -5.8329175e-001
 -5.9346955e-001
 -6.0211450e-001
 -6.0891203e-001
 -6.1359476e-001
 -6.1596552e-001
 -6.1592206e-001
 -6.1347673e-001
 -6.0876504e-001
 -6.0203931e-001
 -5.9364799e-001
 -5.8400517e-001
 -5.7355756e-001
 -5.6275640e-001
 -5.5203908e-001
 -5.4182117e-001
 -5.3249453e-001
 -5.2442468e-001
 -5.1794034e-001
 -5.1331141e-001
 -5.1071763e-001
 -5.1021582e-001
 -5.1171818e-001
 -5.1499312e-001
 -5.1969548e-001
 -5.2542301e-001
 -5.3178630e-001
 -5.3847134e-001
 -5.4527355e-001
 -5.5208907e-001
 -5.5886349e-001
 -5.6551485e-001
 -5.7186044e-001
 -5.7757999e-001
 -5.8223765e-001
 -5.8536416e-001
 -5.8657490e-001
 -5.8567995e-001
 -5.8273726e-001
 -5.7801564e-001
 -5.7186733e-001
 -5.6454938e-001
 -5.5606470e-001
 -5.4610010e-001
 -5.3411413e-001
 -5.1957416e-001
 -5.0227681e-001
 -4.8263455e-001
 -4.6179681e-001
 -4.4151294e-001
 -4.2372954e-001
 -4.1002374e-001
 -4.0106458e-001
 -3.9632695e-001
 -3.9423018e-001
 -3.9273795e-001
 -3.9027605e-001
 -3.8666058e-001
 -3.8365297e-001
 -3.8481816e-001
 -3.9456604e-001
 -4.1655409e-001
 -4.5192341e-001
 -4.9801453e-001
 -5.4816784e-001
 -5.9292658e-001
 -6.2249086e-001
 -6.2976723e-001
 -6.1301338e-001
 -5.7705799e-001
 -5.3244806e-001
 -4.9255710e-001
 -4.6945505e-001
 -4.6990030e-001
 -4.9291414e-001
 -5.2994129e-001
 -5.6770777e-001
 -5.9287205e-001
 -5.9682445e-001
 -5.7884154e-001
 -5.4634861e-001
 -5.1210717e-001
 -4.8932645e-001
 -4.8652890e-001
 -5.0413600e-001
 -5.3410791e-001
 -5.6280680e-001
 -5.7601450e-001
 -5.6421012e-001
 -5.2612721e-001
 -4.6928763e-001
 -4.0737414e-001
 -3.5549124e-001
 -3.2511392e-001
 -3.2056707e-001
 -3.3822757e-001
 -3.6857952e-001
 -4.0020255e-001
 -4.2412591e-001
 -4.3694742e-001
 -4.4166432e-001
 -4.4604600e-001
 -4.5925371e-001
 -4.8797349e-001
 -5.3341546e-001
 -5.9016786e-001
 -6.4724923e-001
 -6.9101224e-001
 -7.0902880e-001
 -6.9384939e-001
 -6.4559980e-001
 -5.7269405e-001
 -4.9040677e-001
 -4.1755902e-001
 -3.7203898e-001
 -3.6621638e-001
 -4.0343443e-001
 -4.7660524e-001
 -5.6947484e-001
 -6.6042825e-001
 -7.2794428e-001
 -7.5622570e-001
 -7.3935665e-001
 -6.8269669e-001
 -6.0104767e-001
 -5.1416854e-001
 -4.4109742e-001
 -3.9512988e-001
 -3.8103029e-001
 -3.9520617e-001
 -4.2847341e-001
 -4.7011435e-001
 -5.1154806e-001
 -5.4823924e-001
 -5.7933092e-001
 -6.0552442e-001
 -6.2649867e-001
 -6.3932563e-001
 -6.3882539e-001
 -6.1983958e-001
 -5.8041548e-001
 -5.2433903e-001
 -4.6160476e-001
 -4.0623197e-001
 -3.7199377e-001
 -3.6761670e-001
 -3.9338349e-001
 -4.4062752e-001
 -4.9449580e-001
 -5.3902465e-001
 -5.6258242e-001
 -5.6152345e-001
 -5.4058524e-001
 -5.0988276e-001
 -4.7976965e-001
 -4.5575110e-001
 -4.3565089e-001
 -4.1033063e-001
 -3.6779090e-001
 -2.9905212e-001
 -2.0340737e-001
 -9.0799104e-002
  1.9857252e-002
  1.0601755e-001
  1.4869914e-001
  1.3894447e-001
  8.1207040e-002
 -7.5933600e-003
 -1.0305337e-001
 -1.8060338e-001
 -2.2269265e-001
 -2.2350760e-001
 -1.8982476e-001
 -1.3796183e-001
 -8.8072334e-002
 -5.7792559e-002
 -5.7274796e-002
 -8.6990931e-002
 -1.3865601e-001
 -1.9859571e-001
 -2.5220655e-001
 -2.8801027e-001
 -3.0015748e-001
 -2.8889772e-001
 -2.5924156e-001
 -2.1855840e-001
 -1.7405108e-001
 -1.3091817e-001
 -9.1655455e-002
 -5.6506796e-002
 -2.4699099e-002
  4.1144533e-003
  2.8784530e-002
  4.6374484e-002
  5.2762736e-002
  4.3941512e-002
  1.7574411e-002
 -2.5722474e-002
 -8.1837235e-002
 -1.4359498e-001
 -2.0210270e-001
 -2.4865614e-001
 -2.7668102e-001
 -2.8316734e-001
 -2.6920738e-001
 -2.3951267e-001
 -2.0107653e-001
 -1.6137778e-001
 -1.2662522e-001
 -1.0050208e-001
 -8.3706072e-002
 -7.4348628e-002
 -6.9039139e-002
 -6.4297688e-002
 -5.7857435e-002
 -4.9456530e-002
 -4.0873361e-002
 -3.5191609e-002
 -3.5530334e-002
 -4.3662714e-002
 -5.9007406e-002
 -7.8375718e-002
 -9.6616902e-002
 -1.0799840e-001
 -1.0789547e-001
 -9.4245040e-002
 -6.8291636e-002
 -3.4394283e-002
  1.0194451e-003
  3.0995707e-002
  4.9613664e-002
  5.3142882e-002
  4.0580181e-002
  1.3587030e-002
 -2.3979110e-002
 -6.6704656e-002
 -1.0827760e-001
 -1.4214329e-001
 -1.6223260e-001
 -1.6382722e-001
 -1.4451417e-001
 -1.0502825e-001
 -4.9680002e-002
  1.3907959e-002
  7.5868563e-002
  1.2582386e-001
  1.5491104e-001
  1.5760400e-001
  1.3287286e-001
  8.4407451e-002
  1.9883543e-002
 -5.0521803e-002
 -1.1602594e-001
 -1.6718434e-001
 -1.9757251e-001
 -2.0497057e-001
 -1.9187199e-001
 -1.6517962e-001
 -1.3501816e-001
 -1.1272601e-001
 -1.0830187e-001
 -1.2782261e-001
 -1.7151791e-001
 -2.3317297e-001
 -3.0126910e-001
 -3.6179273e-001
 -4.0207879e-001
 -4.1460415e-001
 -3.9950370e-001
 -3.6485320e-001
 -3.2441048e-001
 -2.9334374e-001
 -2.8321975e-001
 -2.9789539e-001
 -3.3178148e-001
 -3.7124204e-001
 -3.9886245e-001
 -3.9931070e-001
 -3.6488546e-001
 -2.9883959e-001
 -2.1522399e-001
 -1.3511630e-001
 -8.0312774e-002
 -6.6453419e-002
 -9.7805073e-002
 -1.6544290e-001
 -2.4949952e-001
 -3.2484600e-001
 -3.6846398e-001
 -3.6622822e-001
 -3.1701501e-001
 -2.3290942e-001
 -1.3551236e-001
 -4.9543804e-002
  4.2755643e-003
  1.4935662e-002
 -1.6177882e-002
 -7.6269442e-002
 -1.4531818e-001
 -2.0207864e-001
 -2.3006769e-001
 -2.2182914e-001
 -1.8037898e-001
 -1.1762055e-001
 -5.0400007e-002
  4.5084721e-003
  3.4998164e-002
  3.6557963e-002
  1.2860624e-002
 -2.5947564e-002
 -6.6577844e-002
 -9.6487319e-002
 -1.0720970e-001
 -9.6275870e-002
 -6.7340235e-002
 -2.8651203e-002
  9.5676707e-003
  3.8028955e-002
  5.0792305e-002
  4.6592656e-002
  2.8842611e-002
  4.4347283e-003
 -1.8229741e-002
 -3.1398973e-002
 -2.9742509e-002
 -1.1336234e-002
  2.2269977e-002
  6.6754266e-002
  1.1615292e-001
  1.6402836e-001
  2.0438540e-001
  2.3223956e-001
  2.4393253e-001
  2.3738478e-001
  2.1242838e-001
  1.7119772e-001
  1.1836201e-001
  6.0875775e-002
  6.9879754e-003
 -3.5501459e-002
 -6.1398146e-002
 -7.0034988e-002
 -6.6200699e-002
 -5.9498145e-002
 -6.2013243e-002
 -8.4773594e-002
 -1.3399982e-001
 -2.0838469e-001
 -2.9844502e-001
 -3.8839698e-001
 -4.6018429e-001
 -4.9852243e-001
 -4.9539710e-001
 -4.5255088e-001
 -3.8110312e-001
 -2.9837790e-001
 -2.2293853e-001
 -1.6941732e-001
 -1.4477352e-001
 -1.4709999e-001
 -1.6721950e-001
 -1.9238193e-001
 -2.1072081e-001
 -2.1496339e-001
 -2.0424431e-001
 -1.8359283e-001
 -1.6147575e-001
 -1.4639819e-001
 -1.4379494e-001
 -1.5424127e-001
 -1.7347970e-001
 -1.9410766e-001
 -2.0822901e-001
 -2.1011128e-001
 -1.9797001e-001
 -1.7436396e-001
 -1.4518507e-001
 -1.1768861e-001
 -9.8285423e-002
 -9.0834111e-002
 -9.5942599e-002
 -1.1140627e-001
 -1.3351037e-001
 -1.5864123e-001
 -1.8457522e-001
 -2.1096825e-001
 -2.3889290e-001
 -2.6965066e-001
 -3.0338164e-001
 -3.3809131e-001
 -3.6956902e-001
 -3.9233089e-001
 -4.0130735e-001
 -3.9367120e-001
 -3.7010078e-001
 -3.3494614e-001
 -2.9515715e-001
 -2.5829665e-001
 -2.3031693e-001
 -2.1388273e-001
 -2.0783166e-001
 -2.0794311e-001
 -2.0870235e-001
 -2.0538369e-001
 -1.9567784e-001
 -1.8029020e-001
 -1.6235715e-001
 -1.4599657e-001
 -1.3463716e-001
 -1.2982565e-001
 -1.3097034e-001
 -1.3604598e-001
 -1.4284402e-001
 -1.5009782e-001
 -1.5786165e-001
 -1.6686935e-001
 -1.7710199e-001
 -1.8623970e-001
 -1.8885440e-001
 -1.7700798e-001
 -1.4239794e-001
 -7.9524746e-002
  1.1191956e-002
  1.2160469e-001
  2.3629728e-001
  3.3556002e-001
  4.0023900e-001
  4.1707581e-001
  3.8285206e-001
  3.0593072e-001
  2.0457074e-001
  1.0241571e-001
  2.2464001e-002
 -1.8698632e-002
 -1.4737822e-002
  2.9540245e-002
  1.0033293e-001
  1.7919627e-001
  2.4820233e-001
  2.9438138e-001
  3.1228962e-001
  3.0421212e-001
  2.7825461e-001
  2.4516552e-001
  2.1499897e-001
  1.9463275e-001
  1.8675333e-001
  1.9036713e-001
  2.0238006e-001
  2.1947652e-001
  2.3951805e-001
  2.6195889e-001
  2.8722590e-001
  3.1545453e-001
  3.4523760e-001
  3.7302816e-001
  3.9355520e-001
  4.0118100e-001
  3.9172987e-001
  3.6410852e-001
  3.2109729e-001
  2.6898560e-001
  2.1613476e-001
  1.7091808e-001
  1.3968349e-001
  1.2534967e-001
  1.2701265e-001
  1.4059929e-001
  1.6027944e-001
  1.8014319e-001
  1.9562037e-001
  2.0425997e-001
  2.0573754e-001
  2.0122593e-001
  1.9245964e-001
  1.8088339e-001
  1.6719401e-001
  1.5140099e-001
  1.3332035e-001
  1.1325532e-001
  9.2558470e-002
  7.3822986e-002
  6.0587032e-002
  5.6600617e-002
  6.4845659e-002
  8.6578116e-002
  1.2066254e-001
  1.6340155e-001
  2.0894709e-001
  2.5024505e-001
  2.8033825e-001
  2.9376185e-001
  2.8773026e-001
  2.6284539e-001
  2.2315018e-001
  1.7548809e-001
  1.2827961e-001
  8.9955266e-002
  6.7362822e-002
  6.4476959e-002
  8.1680838e-002
  1.1577140e-001
  1.6068693e-001
  2.0879603e-001
  2.5245713e-001
  2.8549091e-001
  3.0422927e-001
  3.0791680e-001
  2.9842022e-001
  2.7939512e-001
  2.5520574e-001
  2.2993769e-001
  2.0676932e-001
  1.8780094e-001
  1.7424905e-001
  1.6677355e-001
  1.6567746e-001
  1.7081421e-001
  1.8121527e-001
  1.9463377e-001
  2.0730530e-001
  2.1420036e-001
  2.0988432e-001
  1.8986036e-001
  1.5203938e-001
  9.7849873e-002
  3.2533938e-002
 -3.5618274e-002
 -9.7018358e-002
 -1.4309481e-001
 -1.6851637e-001
 -1.7262716e-001
 -1.5959142e-001
 -1.3712792e-001
 -1.1416772e-001
 -9.8141047e-002
 -9.2754686e-002
 -9.6991594e-002
 -1.0567792e-001
 -1.1144125e-001
 -1.0740420e-001
 -8.9691118e-002
 -5.8876726e-002
 -1.9867008e-002
  1.9744308e-002
  5.2251634e-002
  7.2410402e-002
  7.9066686e-002
  7.5247366e-002
  6.6687111e-002
  5.9357874e-002
  5.6948877e-002
  5.9269454e-002
  6.2197514e-002
  5.9202054e-002
  4.3856946e-002
  1.2374187e-002
 -3.4826792e-002
 -9.3122763e-002
 -1.5525624e-001
 -2.1384762e-001
 -2.6385405e-001
 -3.0399959e-001
 -3.3661198e-001
 -3.6594352e-001
 -3.9567740e-001
 -4.2667698e-001
 -4.5597362e-001
 -4.7751922e-001
 -4.8452222e-001
 -4.7251462e-001
 -4.4193201e-001
 -3.9909372e-001
 -3.5502788e-001
 -3.2239696e-001
 -3.1153132e-001
 -3.2696752e-001
 -3.6574795e-001
 -4.1811127e-001
 -4.7033085e-001
 -5.0868760e-001
 -5.2319777e-001
 -5.0989030e-001
 -4.7104984e-001
 -4.1363668e-001
 -3.4673033e-001
 -2.7907126e-001
 -2.1753962e-001
 -1.6685549e-001
 -1.3018488e-001
 -1.0996140e-001
 -1.0823382e-001
 -1.2619707e-001
 -1.6307554e-001
 -2.1495539e-001
 -2.7430635e-001
 -3.3072430e-001
 -3.7294944e-001
 -3.9166993e-001
 -3.8223546e-001
 -3.4634040e-001
 -2.9202645e-001
 -2.3189411e-001
 -1.8000214e-001
 -1.4835964e-001
 -1.4402941e-001
 -1.6763705e-001
 -2.1361262e-001
 -2.7195792e-001
 -3.3091418e-001
 -3.7972749e-001
 -4.1079729e-001
 -4.2077889e-001
 -4.1056966e-001
 -3.8441277e-001
 -3.4852039e-001
 -3.0962902e-001
 -2.7379350e-001
 -2.4557079e-001
 -2.2760645e-001
 -2.2055502e-001
 -2.2324492e-001
 -2.3301679e-001
 -2.4619176e-001
 -2.5863782e-001
 -2.6639427e-001
 -2.6629176e-001
 -2.5648558e-001
 -2.3681291e-001
 -2.0889751e-001
 -1.7595533e-001
 -1.4229935e-001
 -1.1259705e-001
 -9.0993431e-002
 -8.0263367e-002
 -8.1182603e-002
 -9.2286810e-002
 -1.1011557e-001
 -1.2992241e-001
 -1.4670443e-001
 -1.5630783e-001
 -1.5633532e-001
 -1.4663316e-001
 -1.2925316e-001
 -1.0792861e-001
 -8.7223240e-002
 -7.1573181e-002
 -6.4431758e-002
 -6.7664910e-002
 -8.1263440e-002
 -1.0337094e-001
 -1.3058854e-001
 -1.5850473e-001
 -1.8239137e-001
 -1.9798877e-001
 -2.0226889e-001
 -1.9403464e-001
 -1.7420901e-001
 -1.4571489e-001
 -1.1294285e-001
 -8.0923989e-002
 -5.4419206e-002
 -3.7161043e-002
 -3.1418794e-002
 -3.7925157e-002
 -5.6061462e-002
 -8.4118160e-002
 -1.1947250e-001
 -1.5864807e-001
 -1.9737698e-001
 -2.3088264e-001
 -2.5456373e-001
 -2.6507775e-001
 -2.6156304e-001
 -2.4652687e-001
 -2.2589199e-001
 -2.0789607e-001
 -2.0093711e-001
 -2.1090921e-001
 -2.3888812e-001
 -2.8004825e-001
 -3.2437241e-001
 -3.5913939e-001
 -3.7254293e-001
 -3.5734377e-001
 -3.1336592e-001
 -2.4797143e-001
 -1.7428270e-001
 -1.0765175e-001
 -6.1447510e-002
 -4.3448110e-002
 -5.3917789e-002
 -8.5895736e-002
 -1.2752275e-001
 -1.6561785e-001
 -1.8938622e-001
 -1.9318100e-001
 -1.7761435e-001
 -1.4886994e-001
 -1.1661411e-001
 -9.1260736e-002
 -8.1422077e-002
 -9.2184065e-002
 -1.2448486e-001
 -1.7549749e-001
 -2.3965698e-001
 -3.0989964e-001
 -3.7878224e-001
 -4.3933917e-001
 -4.8570700e-001
 -5.1361786e-001
 -5.2081809e-001
 -5.0735600e-001
 -4.7559087e-001
 -4.2978157e-001
 -3.7523863e-001
 -3.1722013e-001
 -2.5991791e-001
 -2.0591485e-001
 -1.5634850e-001
 -1.1173058e-001
 -7.3062454e-002
 -4.2700317e-002
 -2.4465679e-002
 -2.2777577e-002
 -4.1002873e-002
 -7.9607794e-002
 -1.3487472e-001
 -1.9882726e-001
 -2.6061072e-001
 -3.0904619e-001
 -3.3561736e-001
 -3.3693817e-001
 -3.1587108e-001
 -2.8087921e-001
 -2.4375231e-001
 -2.1635384e-001
 -2.0732908e-001
 -2.1971004e-001
 -2.5007368e-001
 -2.8946026e-001
 -3.2577945e-001
 -3.4705541e-001
 -3.4467044e-001
 -3.1578929e-001
 -2.6435684e-001
 -2.0040472e-001
 -1.3780261e-001
 -9.0964276e-002
 -7.1289239e-002
 -8.4218735e-002
 -1.2767287e-001
 -1.9232080e-001
 -2.6368048e-001
 -3.2555992e-001
 -3.6397328e-001
 -3.7050867e-001
 -3.4425269e-001
 -2.9176475e-001
 -2.2513758e-001
 -1.5871856e-001
 -1.0543621e-001
 -7.3762542e-002
 -6.6117518e-002
 -7.9059313e-002
 -1.0505060e-001
 -1.3512480e-001
 -1.6154553e-001
 -1.7962711e-001
 -1.8823077e-001
 -1.8894575e-001
 -1.8442927e-001
 -1.7665225e-001
 -1.6578244e-001
 -1.5014520e-001
 -1.2724788e-001
 -9.5411665e-002
 -5.5296028e-002
 -1.0626815e-002
  3.2259015e-002
  6.5977320e-002
  8.4252367e-002
  8.3896677e-002
  6.5887543e-002
  3.5128651e-002
 -1.0428958e-003
 -3.5095193e-002
 -6.1519590e-002
 -7.8288902e-002
 -8.7110477e-002
 -9.2471997e-002
 -9.9899058e-002
 -1.1408598e-001
 -1.3754309e-001
 -1.7014778e-001
 -2.0960830e-001
 -2.5250592e-001
 -2.9540799e-001
 -3.3559866e-001
 -3.7121456e-001
 -4.0088247e-001
 -4.2319296e-001
 -4.3640567e-001
 -4.3864692e-001
 -4.2859547e-001
 -4.0638243e-001
 -3.7427971e-001
 -3.3679013e-001
 -2.9996715e-001
 -2.7009466e-001
 -2.5212031e-001
 -2.4835358e-001
 -2.5786522e-001
 -2.7679161e-001
 -2.9944718e-001
 -3.1989222e-001
 -3.3347690e-001
 -3.3791538e-001
 -3.3361025e-001
 -3.2317937e-001
 -3.1036168e-001
 -2.9863689e-001
 -2.8995820e-001
 -2.8396363e-001
 -2.7791401e-001
 -2.6742629e-001
 -2.4785879e-001
 -2.1600205e-001
 -1.7158906e-001
 -1.1811714e-001
 -6.2608805e-002
 -1.4221627e-002
  1.8017583e-002
  2.7747850e-002
  1.3302760e-002
 -2.1460812e-002
 -6.7891450e-002
 -1.1469357e-001
 -1.5088361e-001
 -1.6864909e-001
 -1.6522993e-001
 -1.4327269e-001
 -1.0963042e-001
 -7.3096637e-002
 -4.1882392e-002
 -2.1655687e-002
 -1.4676313e-002
 -2.0103653e-002
 -3.5119639e-002
 -5.6265271e-002
 -8.0420002e-002
 -1.0512248e-001
 -1.2830207e-001
 -1.4778915e-001
 -1.6106352e-001
 -1.6554818e-001
 -1.5943758e-001
 -1.4271941e-001
 -1.1786943e-001
 -8.9763346e-002
 -6.4644763e-002
 -4.8390524e-002
 -4.4652406e-002
 -5.3573425e-002
 -7.1614597e-002
 -9.2635984e-002
 -1.0990354e-001
 -1.1832703e-001
 -1.1612251e-001
 -1.0528715e-001
 -9.0706257e-002
 -7.8220393e-002
 -7.2371564e-002
 -7.4670009e-002
 -8.3029174e-002
 -9.2578074e-002
 -9.7543781e-002
 -9.3498355e-002
 -7.9134469e-002
 -5.6918839e-002
 -3.2397619e-002
 -1.2427066e-002
 -2.9846448e-003
 -7.3389844e-003
 -2.5185545e-002
 -5.2968781e-002
 -8.5171461e-002
 -1.1603036e-001
 -1.4104881e-001
 -1.5783353e-001
 -1.6609971e-001
 -1.6702285e-001
 -1.6233350e-001
 -1.5357987e-001
 -1.4183406e-001
 -1.2787286e-001
 -1.1263598e-001
 -9.7646430e-002
 -8.5110119e-002
 -7.7571283e-002
 -7.7213943e-002
 -8.5076013e-002
 -1.0050939e-001
 -1.2114784e-001
 -1.4346112e-001
 -1.6374862e-001
 -1.7924577e-001
 -1.8895286e-001
 -1.9387761e-001
 -1.9658447e-001
 -2.0019402e-001
 -2.0718362e-001
 -2.1842727e-001
 -2.3283909e-001
 -2.4777246e-001
 -2.6004485e-001
 -2.6721018e-001
 -2.6858197e-001
 -2.6557587e-001
 -2.6118055e-001
 -2.5870155e-001
 -2.6023069e-001
 -2.6545003e-001
 -2.7130729e-001
 -2.7280693e-001
 -2.6474327e-001
 -2.4381346e-001
 -2.1034283e-001
 -1.6892604e-001
 -1.2762648e-001
 -9.5868700e-002
 -8.1631317e-002
 -8.8825774e-002
 -1.1572826e-001
 -1.5501987e-001
 -1.9549130e-001
 -2.2495036e-001
 -2.3350159e-001
 -2.1625771e-001
 -1.7471544e-001
 -1.1641902e-001
 -5.3020051e-002
  2.7183776e-003
  4.0150185e-002
  5.3340173e-002
  4.2346918e-002
  1.2886808e-002
 -2.5483743e-002
 -6.2130366e-002
 -8.8262420e-002
 -9.9203978e-002
 -9.5406248e-002
 -8.1965537e-002
 -6.6843817e-002
 -5.8355916e-002
 -6.2681273e-002
 -8.2124392e-002
 -1.1460110e-001
 -1.5444647e-001
 -1.9424287e-001
 -2.2707475e-001
 -2.4851579e-001
 -2.5776877e-001
 -2.5766492e-001
 -2.5358953e-001
 -2.5171933e-001
 -2.5713578e-001
 -2.7237333e-001
 -2.9678800e-001
 -3.2686009e-001
 -3.5726714e-001
 -3.8236375e-001
 -3.9763029e-001
 -4.0070818e-001
 -3.9179028e-001
 -3.7332739e-001
 -3.4919253e-001
 -3.2357025e-001
 -2.9988830e-001
 -2.8007671e-001
 -2.6433820e-001
 -2.5146559e-001
 -2.3958247e-001
 -2.2705366e-001
 -2.1325190e-001
 -1.9890415e-001
 -1.8587488e-001
 -1.7644073e-001
 -1.7230937e-001
 -1.7375925e-001
 -1.7927021e-001
 -1.8586124e-001
 -1.9009329e-001
 -1.8942285e-001
 -1.8341234e-001
 -1.7430095e-001
 -1.6663270e-001
 -1.6596912e-001
 -1.7706248e-001
 -2.0209540e-001
 -2.3960724e-001
 -2.8451288e-001
 -3.2924949e-001
 -3.6570095e-001
 -3.8729060e-001
 -3.9059438e-001
 -3.7601280e-001
 -3.4737239e-001
 -3.1067610e-001
 -2.7246275e-001
 -2.3829573e-001
 -2.1178216e-001
 -1.9429255e-001
 -1.8530559e-001
 -1.8313143e-001
 -1.8571528e-001
 -1.9128317e-001
 -1.9871464e-001
 -2.0764868e-001
 -2.1840142e-001
 -2.3178161e-001
 -2.4885383e-001
 -2.7065736e-001
 -2.9787675e-001
 -3.3048905e-001
 -3.6746508e-001
 -4.0664109e-001
 -4.4486759e-001
 -4.7847147e-001
 -5.0395522e-001
 -5.1874873e-001
 -5.2177787e-001
 -5.1365220e-001
 -4.9639830e-001
 -4.7283078e-001
 -4.4579334e-001
 -4.1755364e-001
 -3.8957232e-001
 -3.6270736e-001
 -3.3772576e-001
 -3.1585559e-001
 -2.9908419e-001
 -2.9000826e-001
 -2.9122940e-001
 -3.0448729e-001
 -3.2985048e-001
 -3.6528956e-001
 -4.0683751e-001
 -4.4934270e-001
 -4.8761542e-001
 -5.1763005e-001
 -5.3741694e-001
 -5.4736703e-001
 -5.4984893e-001
 -5.4824780e-001
 -5.4571695e-001
 -5.4403152e-001
 -5.4291663e-001
 -5.4008725e-001
 -5.3201847e-001
 -5.1522587e-001
 -4.8765382e-001
 -4.4971117e-001
 -4.0458713e-001
 -3.5770235e-001
 -3.1543178e-001
 -2.8348051e-001
 -2.6541684e-001
 -2.6182363e-001
 -2.7033133e-001
 -2.8651017e-001
 -3.0532022e-001
 -3.2263858e-001
 -3.3636419e-001
 -3.4674824e-001
 -3.5586548e-001
 -3.6643801e-001
 -3.8044950e-001
 -3.9806293e-001
 -4.1725037e-001
 -4.3429122e-001
 -4.4498203e-001
 -4.4613814e-001
 -4.3684898e-001
 -4.1902231e-001
 -3.9699318e-001
 -3.7629877e-001
 -3.6201557e-001
 -3.5721539e-001
 -3.6206496e-001
 -3.7387891e-001
 -3.8811234e-001
 -3.9995812e-001
 -4.0600597e-001
 -4.0539839e-001
 -4.0008847e-001
 -3.9410997e-001
 -3.9210448e-001
 -3.9760147e-001
 -4.1163065e-001
 -4.3213684e-001
 -4.5440496e-001
 -4.7237635e-001
 -4.8045285e-001
 -4.7523237e-001
 -4.5664057e-001
 -4.2810773e-001
 -3.9572600e-001
 -3.6662393e-001
 -3.4702439e-001
 -3.4054487e-001
 -3.4723107e-001
 -3.6360579e-001
 -3.8372350e-001
 -4.0092865e-001
 -4.0980674e-001
 -4.0775400e-001
 -3.9569872e-001
 -3.7775745e-001
 -3.5993219e-001
 -3.4825236e-001
 -3.4694126e-001
 -3.5718146e-001
 -3.7686080e-001
 -4.0135984e-001
 -4.2509727e-001
 -4.4329953e-001
 -4.5339340e-001
 -4.5556279e-001
 -4.5231493e-001
 -4.4725843e-001
 -4.4357662e-001
 -4.4278016e-001
 -4.4420450e-001
 -4.4542660e-001
 -4.4341997e-001
 -4.3598470e-001
 -4.2288643e-001
 -4.0625379e-001
 -3.9007090e-001
 -3.7894976e-001
 -3.7664038e-001
 -3.8483437e-001
 -4.0270267e-001
 -4.2732950e-001
 -4.5486743e-001
 -4.8197062e-001
 -5.0696229e-001
 -5.3029305e-001
 -5.5410979e-001
 -5.8108366e-001
 -6.1292111e-001
 -6.4910680e-001
 -6.8635755e-001
 -7.1902783e-001
 -7.4038389e-001
 -7.4436754e-001
 -7.2730403e-001
 -6.8902588e-001
 -6.3307701e-001
 -5.6595738e-001
 -4.9566540e-001
 -4.2999238e-001
 -3.7506065e-001
 -3.3447329e-001
 -3.0921361e-001
 -2.9818424e-001
 -2.9909457e-001
 -3.0934570e-001
 -3.2662899e-001
 -3.4910699e-001
 -3.7521972e-001
 -4.0329013e-001
 -4.3115322e-001
 -4.5599868e-001
 -4.7452495e-001
 -4.8339168e-001
 -4.7986495e-001
 -4.6249469e-001
 -4.3164950e-001
 -3.8975526e-001
 -3.4113286e-001
 -2.9140499e-001
 -2.4653787e-001
 -2.1169057e-001
 -1.9013393e-001
 -1.8253785e-001
 -1.8687494e-001
 -1.9904185e-001
 -2.1408539e-001
 -2.2770542e-001
 -2.3757274e-001
 -2.4401441e-001
 -2.4979663e-001
 -2.5902938e-001
 -2.7552640e-001
 -3.0116312e-001
 -3.3479903e-001
 -3.7215305e-001
 -4.0670151e-001
 -4.3132532e-001
 -4.4018988e-001
 -4.3028349e-001
 -4.0217836e-001
 -3.5985087e-001
 -3.0969560e-001
 -2.5908558e-001
 -2.1490355e-001
 -1.8239527e-001
 -1.6452965e-001
 -1.6187016e-001
 -1.7283682e-001
 -1.9419773e-001
 -2.2166093e-001
 -2.5049975e-001
 -2.7618953e-001
 -2.9503539e-001
 -3.0473140e-001
 -3.0474251e-001
 -2.9638022e-001
 -2.8248101e-001
 -2.6669306e-001
 -2.5250594e-001
 -2.4226967e-001
 -2.3649512e-001
 -2.3367689e-001
 -2.3073684e-001
 -2.2399291e-001
 -2.1037857e-001
 -1.8854121e-001
 -1.5947272e-001
 -1.2647039e-001
 -9.4442198e-002
 -6.8779065e-002
 -5.4142276e-002
 -5.3512994e-002
 -6.7729833e-002
 -9.5553972e-002
 -1.3412663e-001
 -1.7958761e-001
 -2.2763438e-001
 -2.7389986e-001
 -3.1415726e-001
 -3.4446040e-001
 -3.6135215e-001
 -3.6221858e-001
 -3.4576234e-001
 -3.1246685e-001
 -2.6487145e-001
 -2.0749977e-001
 -1.4637201e-001
 -8.8154033e-002
 -3.9107883e-002
 -4.0742341e-003
  1.4282755e-002
  1.5798910e-002
  2.6355804e-003
 -2.1343392e-002
 -5.1493815e-002
 -8.3400224e-002
 -1.1374639e-001
 -1.4085950e-001
 -1.6482034e-001
 -1.8713624e-001
 -2.1007853e-001
 -2.3586445e-001
 -2.6589603e-001
 -3.0024318e-001
 -3.3748410e-001
 -3.7491288e-001
 -4.0902526e-001
 -4.3612965e-001
 -4.5292203e-001
 -4.5691049e-001
 -4.4665561e-001
 -4.2187093e-001
 -3.8346782e-001
 -3.3361025e-001
 -2.7577691e-001
 -2.1474347e-001
 -1.5634688e-001
 -1.0691582e-001
 -7.2356382e-002
 -5.7040005e-002
 -6.2784611e-002
 -8.8278651e-002
 -1.2922145e-001
 -1.7924817e-001
 -2.3143727e-001
 -2.7996655e-001
 -3.2139122e-001
 -3.5511851e-001
 -3.8292407e-001
 -4.0769977e-001
 -4.3190768e-001
 -4.5632341e-001
 -4.7953788e-001
 -4.9839114e-001
 -5.0915252e-001
 -5.0897997e-001
 -4.9709679e-001
 -4.7524783e-001
 -4.4728282e-001
 -4.1804413e-001
 -3.9198161e-001
 -3.7198817e-001
 -3.5883386e-001
 -3.5133051e-001
 -3.4708875e-001
 -3.4353962e-001
 -3.3884564e-001
 -3.3242227e-001
 -3.2497172e-001
 -3.1811329e-001
 -3.1380539e-001
 -3.1376512e-001
 -3.1902442e-001
 -3.2967039e-001
 -3.4475782e-001
 -3.6237688e-001
 -3.7988997e-001
 -3.9437305e-001
 -4.0326335e-001
 -4.0511864e-001
 -4.0027197e-001
 -3.9109140e-001
 -3.8159714e-001
 -3.7637368e-001
 -3.7899670e-001
 -3.9046748e-001
 -4.0827777e-001
 -4.2662173e-001
 -4.3792012e-001
 -4.3532817e-001
 -4.1544576e-001
 -3.8023518e-001
 -3.3730478e-001
 -2.9822458e-001
 -2.7524331e-001
 -2.7741492e-001
 -3.0745590e-001
 -3.6049205e-001
 -4.2524234e-001
 -4.8733559e-001
 -5.3367760e-001
 -5.5638039e-001
 -5.5489592e-001
 -5.3562698e-001
 -5.0918955e-001
 -4.8633958e-001
 -4.7404379e-001
 -4.7309865e-001
 -4.7812003e-001
 -4.7985863e-001
 -4.6896530e-001
 -4.3983333e-001
 -3.9314677e-001
 -3.3624550e-001
 -2.8118845e-001
 -2.4117676e-001
 -2.2652240e-001
 -2.4145673e-001
 -2.8275897e-001
 -3.4057930e-001
 -4.0114903e-001
 -4.5052616e-001
 -4.7826905e-001
 -4.8001219e-001
 -4.5828018e-001
 -4.2139651e-001
 -3.8086918e-001
 -3.4802925e-001
 -3.3086920e-001
 -3.3194087e-001
 -3.4785873e-001
 -3.7049787e-001
 -3.8950028e-001
 -3.9534036e-001
 -3.8205639e-001
 -3.4887489e-001
 -3.0030351e-001
 -2.4473564e-001
 -1.9204758e-001
 -1.5093614e-001
 -1.2676522e-001
 -1.2047223e-001
 -1.2872065e-001
 -1.4510687e-001
 -1.6196150e-001
 -1.7219889e-001
 -1.7076036e-001
 -1.5540147e-001
 -1.2679771e-001
 -8.8107560e-002
 -4.4197656e-002
 -7.1756985e-004
  3.6844934e-002
  6.4041620e-002
  7.8194402e-002
  7.8875022e-002
  6.8010773e-002
  4.9517644e-002
  2.8450139e-002
  9.7948776e-003
 -2.8216382e-003
 -8.1513275e-003
 -7.7239145e-003
 -5.4201423e-003
 -6.2479241e-003
 -1.4619707e-002
 -3.2641447e-002
 -5.8993092e-002
 -8.8858133e-002
 -1.1505802e-001
 -1.3014711e-001
 -1.2885731e-001
 -1.1008892e-001
 -7.7720489e-002
 -3.9859824e-002
 -6.6779694e-003
  1.2521855e-002
  1.2043175e-002
 -8.5839667e-003
 -4.4655590e-002
 -8.7981659e-002
 -1.2958412e-001
 -1.6242078e-001
 -1.8316341e-001
 -1.9244305e-001
 -1.9358352e-001
 -1.9043683e-001
 -1.8527560e-001
 -1.7764865e-001
 -1.6468511e-001
 -1.4270631e-001
 -1.0943033e-001
 -6.5770017e-002
 -1.6359247e-002
  3.1547895e-002
  7.0475347e-002
  9.5511458e-002
  1.0634925e-001
  1.0768623e-001
  1.0771458e-001
  1.1519836e-001
  1.3622867e-001
  1.7191824e-001
  2.1796229e-001
  2.6627700e-001
  3.0811538e-001
  3.3747849e-001
  3.5352193e-001
  3.6104532e-001
  3.6888735e-001
  3.8683518e-001
  4.2218948e-001
  4.7721290e-001
  5.4831980e-001
  6.2720453e-001
  7.0341979e-001
  7.6745779e-001
  8.1330094e-001
  8.3969024e-001
  8.4986601e-001
  8.5006285e-001
  8.4739998e-001
  8.4789851e-001
