 -3.6059445e-001
 -3.5928925e-001
 -3.5697496e-001
 -3.5390607e-001
 -3.5036651e-001
 -3.4663016e-001
 -3.4293701e-001
 -3.3948579e-001
 -3.3643814e-001
 -3.3392647e-001
 -3.3205792e-001
 -3.3090991e-001
 -3.3051768e-001
 -3.3085842e-001
 -3.3183947e-001
 -3.3329704e-001
 -3.3500911e-001
 -3.3672156e-001
 -3.3818226e-001
 -3.3917539e-001
 -3.3954893e-001
 -3.3923025e-001
 -3.3822924e-001
 -3.3663124e-001
 -3.3458439e-001
 -3.3228501e-001
 -3.2996322e-001
 -3.2786816e-001
 -3.2625114e-001
 -3.2534523e-001
 -3.2534230e-001
 -3.2637081e-001
 -3.2847963e-001
 -3.3163239e-001
 -3.3571455e-001
 -3.4055069e-001
 -3.4592684e-001
 -3.5161056e-001
 -3.5736370e-001
 -3.6294640e-001
 -3.6811605e-001
 -3.7262814e-001
 -3.7624665e-001
 -3.7876837e-001
 -3.8005965e-001
 -3.8009779e-001
 -3.7900423e-001
 -3.7705618e-001
 -3.7466704e-001
 -3.7233386e-001
 -3.7055971e-001
 -3.6976730e-001
 -3.7022416e-001
 -3.7199854e-001
 -3.7495728e-001
 -3.7880609e-001
 -3.8316034e-001
 -3.8762593e-001
 -3.9186696e-001
 -3.9564164e-001
 -3.9879845e-001
 -4.0123870e-001
 -4.0286348e-001
 -4.0352957e-001
 -4.0303673e-001
 -4.0115791e-001
 -3.9770826e-001
 -3.9263263e-001
 -3.8608141e-001
 -3.7844437e-001
 -3.7032317e-001
 -3.6244201e-001
 -3.5551677e-001
 -3.5011767e-001
 -3.4656495e-001
 -3.4488760e-001
 -3.4485620e-001
 -3.4607732e-001
 -3.4811828e-001
 -3.5062245e-001
 -3.5338032e-001
 -3.5633811e-001
 -3.5954759e-001
 -3.6308037e-001
 -3.6694090e-001
 -3.7101084e-001
 -3.7504475e-001
 -3.7871811e-001
 -3.8171002e-001
 -3.8379136e-001
 -3.8488817e-001
 -3.8509941e-001
 -3.8466441e-001
 -3.8389250e-001
 -3.8307876e-001
 -3.8243314e-001
 -3.8204333e-001
 -3.8187891e-001
 -3.8182999e-001
 -3.8176287e-001
 -3.8157185e-001
 -3.8121035e-001
 -3.8069390e-001
 -3.8007808e-001
 -3.7942273e-001
 -3.7875663e-001
 -3.7805507e-001
 -3.7723669e-001
 -3.7617955e-001
 -3.7475006e-001
 -3.7283615e-001
 -3.7037551e-001
 -3.6737243e-001
 -3.6390042e-001
 -3.6009106e-001
 -3.5611263e-001
 -3.5214320e-001
 -3.4834335e-001
 -3.4483333e-001
 -3.4167842e-001
 -3.3888533e-001
 -3.3641100e-001
 -3.3418331e-001
 -3.3213080e-001
 -3.3021582e-001
 -3.2846331e-001
 -3.2697683e-001
 -3.2593518e-001
 -3.2556721e-001
 -3.2610829e-001
 -3.2774815e-001
 -3.3058310e-001
 -3.3458568e-001
 -3.3960051e-001
 -3.4536741e-001
 -3.5156528e-001
 -3.5786385e-001
 -3.6396875e-001
 -3.6964820e-001
 -3.7473596e-001
 -3.7911351e-001
 -3.8268069e-001
 -3.8532784e-001
 -3.8692102e-001
 -3.8730726e-001
 -3.8633957e-001
 -3.8391470e-001
 -3.8001258e-001
 -3.7472556e-001
 -3.6826914e-001
 -3.6097153e-001
 -3.5324508e-001
 -3.4554716e-001
 -3.3833914e-001
 -3.3205070e-001
 -3.2705293e-001
 -3.2364033e-001
 -3.2201918e-001
 -3.2229957e-001
 -3.2448955e-001
 -3.2849236e-001
 -3.3410935e-001
 -3.4105146e-001
 -3.4896082e-001
 -3.5744129e-001
 -3.6609361e-001
 -3.7454875e-001
 -3.8249305e-001
 -3.8968048e-001
 -3.9593138e-001
 -4.0112078e-001
 -4.0516270e-001
 -4.0799744e-001
 -4.0958700e-001
 -4.0991988e-001
 -4.0902252e-001
 -4.0697136e-001
 -4.0389904e-001
 -3.9999042e-001
 -3.9546782e-001
 -3.9056895e-001
 -3.8552370e-001
 -3.8053606e-001
 -3.7577521e-001
 -3.7137663e-001
 -3.6745032e-001
 -3.6409160e-001
 -3.6139002e-001
 -3.5943361e-001
 -3.5830843e-001
 -3.5809502e-001
 -3.5886413e-001
 -3.6067299e-001
 -3.6356197e-001
 -3.6754967e-001
 -3.7262440e-001
 -3.7873112e-001
 -3.8575551e-001
 -3.9350898e-001
 -4.0172075e-001
 -4.1004231e-001
 -4.1806788e-001
 -4.2537041e-001
 -4.3154835e-001
 -4.3627519e-001
 -4.3934187e-001
 -4.4068333e-001
 -4.4038350e-001
 -4.3865778e-001
 -4.3581711e-001
 -4.3222151e-001
 -4.2823315e-001
 -4.2417804e-001
 -4.2032288e-001
 -4.1686876e-001
 -4.1395903e-001
 -4.1169498e-001
 -4.1015120e-001
 -4.0938374e-001
 -4.0942683e-001
 -4.1027872e-001
 -4.1188136e-001
 -4.1410197e-001
 -4.1672509e-001
 -4.1946206e-001
 -4.2197992e-001
 -4.2394621e-001
 -4.2508057e-001
 -4.2520095e-001
 -4.2425226e-001
 -4.2230935e-001
 -4.1955250e-001
 -4.1622137e-001
 -4.1255932e-001
 -4.0876297e-001
 -4.0495025e-001
 -4.0115498e-001
 -3.9734750e-001
 -3.9347332e-001
 -3.8949576e-001
 -3.8542758e-001
 -3.8134064e-001
 -3.7735031e-001
 -3.7358054e-001
 -3.7012297e-001
 -3.6700599e-001
 -3.6418706e-001
 -3.6157301e-001
 -3.5906354e-001
 -3.5660351e-001
 -3.5422619e-001
 -3.5207125e-001
 -3.5036934e-001
 -3.4939570e-001
 -3.4940541e-001
 -3.5056814e-001
 -3.5292067e-001
 -3.5634904e-001
 -3.6060382e-001
 -3.6534253e-001
 -3.7018713e-001
 -3.7478261e-001
 -3.7884458e-001
 -3.8218861e-001
 -3.8473965e-001
 -3.8652375e-001
 -3.8764699e-001
 -3.8826703e-001
 -3.8856217e-001
 -3.8870202e-001
 -3.8882331e-001
 -3.8901386e-001
 -3.8930680e-001
 -3.8968542e-001
 -3.9009689e-001
 -3.9047073e-001
 -3.9073657e-001
 -3.9083600e-001
 -3.9072580e-001
 -3.9037300e-001
 -3.8974566e-001
 -3.8880542e-001
 -3.8750701e-001
 -3.8580753e-001
 -3.8368402e-001
 -3.8115438e-001
 -3.7829467e-001
 -3.7524673e-001
 -3.7221281e-001
 -3.6943819e-001
 -3.6718605e-001
 -3.6571030e-001
 -3.6523170e-001
 -3.6591975e-001
 -3.6788020e-001
 -3.7114596e-001
 -3.7566945e-001
 -3.8131575e-001
 -3.8785878e-001
 -3.9498467e-001
 -4.0230643e-001
 -4.0939232e-001
 -4.1580623e-001
 -4.2115467e-001
 -4.2513177e-001
 -4.2755327e-001
 -4.2837272e-001
 -4.2767740e-001
 -4.2566647e-001
 -4.2261803e-001
 -4.1885365e-001
 -4.1470802e-001
 -4.1050797e-001
 -4.0656089e-001
 -4.0314864e-001
 -4.0052139e-001
 -3.9888646e-001
 -3.9839063e-001
 -3.9909846e-001
 -4.0097278e-001
 -4.0386466e-001
 -4.0751860e-001
 -4.1159464e-001
 -4.1570360e-001
 -4.1944794e-001
 -4.2245883e-001
 -4.2442236e-001
 -4.2509242e-001
 -4.2429342e-001
 -4.2192026e-001
 -4.1794341e-001
 -4.1242342e-001
 -4.0553300e-001
 -3.9757776e-001
 -3.8900307e-001
 -3.8037515e-001
 -3.7233140e-001
 -3.6550431e-001
 -3.6043372e-001
 -3.5748795e-001
 -3.5681391e-001
 -3.5832892e-001
 -3.6175478e-001
 -3.6668261e-001
 -3.7264805e-001
 -3.7919570e-001
 -3.8591735e-001
 -3.9246005e-001
 -3.9851158e-001
 -4.0377876e-001
 -4.0797546e-001
 -4.1083132e-001
 -4.1212202e-001
 -4.1171223e-001
 -4.0959562e-001
 -4.0591665e-001
 -4.0096445e-001
 -3.9513899e-001
 -3.8889845e-001
 -3.8270240e-001
 -3.7696494e-001
 -3.7202690e-001
 -3.6814813e-001
 -3.6551348e-001
 -3.6424213e-001
 -3.6439045e-001
 -3.6594383e-001
 -3.6879926e-001
 -3.7274692e-001
 -3.7746147e-001
 -3.8251249e-001
 -3.8739773e-001
 -3.9159620e-001
 -3.9463130e-001
 -3.9613069e-001
 -3.9586999e-001
 -3.9379166e-001
 -3.8999651e-001
 -3.8471240e-001
 -3.7824945e-001
 -3.7095326e-001
 -3.6316633e-001
 -3.5520398e-001
 -3.4734608e-001
 -3.3984126e-001
 -3.3291760e-001
 -3.2679320e-001
 -3.2168216e-001
 -3.1779408e-001
 -3.1532773e-001
 -3.1446095e-001
 -3.1533818e-001
 -3.1805567e-001
 -3.2264301e-001
 -3.2904026e-001
 -3.3707215e-001
 -3.4642516e-001
 -3.5663699e-001
 -3.6710936e-001
 -3.7715208e-001
 -3.8605872e-001
 -3.9320434e-001
 -3.9814577e-001
 -4.0070047e-001
 -4.0098180e-001
 -3.9937844e-001
 -3.9647964e-001
 -3.9296316e-001
 -3.8947276e-001
 -3.8651438e-001
 -3.8439425e-001
 -3.8320919e-001
 -3.8288474e-001
 -3.8324413e-001
 -3.8408501e-001
 -3.8524148e-001
 -3.8661679e-001
 -3.8818227e-001
 -3.8994915e-001
 -3.9192678e-001
 -3.9408355e-001
 -3.9632406e-001
 -3.9848998e-001
 -4.0038451e-001
 -4.0181317e-001
 -4.0262935e-001
 -4.0277180e-001
 -4.0228336e-001
 -4.0130562e-001
 -4.0005005e-001
 -3.9875286e-001
 -3.9762500e-001
 -3.9681004e-001
 -3.9636059e-001
 -3.9623832e-001
 -3.9633617e-001
 -3.9651453e-001
 -3.9663960e-001
 -3.9661208e-001
 -3.9637801e-001
 -3.9592051e-001
 -3.9523757e-001
 -3.9431615e-001
 -3.9311363e-001
 -3.9155474e-001
 -3.8954549e-001
 -3.8699958e-001
 -3.8386751e-001
 -3.8015801e-001
 -3.7594442e-001
 -3.7135470e-001
 -3.6654999e-001
 -3.6170067e-001
 -3.5696918e-001
 -3.5250522e-001
 -3.4845284e-001
 -3.4496347e-001
 -3.4220551e-001
 -3.4036230e-001
 -3.3961456e-001
 -3.4011016e-001
 -3.4192944e-001
 -3.4505728e-001
 -3.4937153e-001
 -3.5465228e-001
 -3.6060974e-001
 -3.6692260e-001
 -3.7327551e-001
 -3.7938548e-001
 -3.8501116e-001
 -3.8994572e-001
 -3.9399994e-001
 -3.9698592e-001
 -3.9871187e-001
 -3.9899484e-001
 -3.9769153e-001
 -3.9474083e-001
 -3.9020584e-001
 -3.8430211e-001
 -3.7740064e-001
 -3.7000119e-001
 -3.6267887e-001
 -3.5601447e-001
 -3.5052320e-001
 -3.4659610e-001
 -3.4446457e-001
 -3.4419186e-001
 -3.4568879e-001
 -3.4874655e-001
 -3.5307739e-001
 -3.5835525e-001
 -3.6425073e-001
 -3.7045743e-001
 -3.7670876e-001
 -3.8278520e-001
 -3.8851287e-001
 -3.9375543e-001
 -3.9840250e-001
 -4.0235956e-001
 -4.0554434e-001
 -4.0789303e-001
 -4.0937638e-001
 -4.1002069e-001
 -4.0992545e-001
 -4.0926815e-001
 -4.0828950e-001
 -4.0725816e-001
 -4.0642113e-001
 -4.0595170e-001
 -4.0590924e-001
 -4.0622244e-001
 -4.0670150e-001
 -4.0707646e-001
 -4.0705180e-001
 -4.0636347e-001
 -4.0482466e-001
 -4.0235145e-001
 -3.9896555e-001
 -3.9477820e-001
 -3.8996342e-001
 -3.8473019e-001
 -3.7930090e-001
 -3.7389946e-001
 -3.6874795e-001
 -3.6406760e-001
 -3.6007875e-001
 -3.5699565e-001
 -3.5501510e-001
 -3.5430054e-001
 -3.5496571e-001
 -3.5706245e-001
 -3.6057578e-001
 -3.6542726e-001
 -3.7148474e-001
 -3.7857498e-001
 -3.8649511e-001
 -3.9501979e-001
 -4.0390328e-001
 -4.1287774e-001
 -4.2165124e-001
 -4.2990961e-001
 -4.3732608e-001
 -4.4358065e-001
 -4.4838828e-001
 -4.5153201e-001
 -4.5289372e-001
 -4.5247417e-001
 -4.5039440e-001
 -4.4687485e-001
 -4.4219421e-001
 -4.3663789e-001
 -4.3045127e-001
 -4.2381442e-001
 -4.1684986e-001
 -4.0966422e-001
 -4.0241050e-001
 -3.9534584e-001
 -3.8885536e-001
 -3.8342037e-001
 -3.7952733e-001
 -3.7753877e-001
 -3.7756884e-001
 -3.7941419e-001
 -3.8258003e-001
 -3.8641072e-001
 -3.9029330e-001
 -3.9386652e-001
 -3.9715214e-001
 -4.0054147e-001
 -4.0461773e-001
 -4.0985930e-001
 -4.1632827e-001
 -4.2347517e-001
 -4.3016818e-001
 -4.3498192e-001
 -4.3667834e-001
 -4.3471722e-001
 -4.2958695e-001
 -4.2277858e-001
 -4.1633861e-001
 -4.1209934e-001
 -4.1084180e-001
 -4.1172859e-001
 -4.1230363e-001
 -4.0918358e-001
 -3.9930665e-001
 -3.8134578e-001
 -3.5674195e-001
 -3.2985077e-001
 -3.0694329e-001
 -2.9420109e-001
 -2.9526517e-001
 -3.0917693e-001
 -3.2955526e-001
 -3.4554029e-001
 -3.4447300e-001
 -3.1564850e-001
 -2.5400674e-001
 -1.6250460e-001
 -5.2230614e-002
  5.9993837e-002
  1.5595006e-001
  2.2102282e-001
  2.4829611e-001
  2.4040014e-001
  2.0846434e-001
  1.6847599e-001
  1.3621292e-001
  1.2240740e-001
  1.2972589e-001
  1.5253161e-001
  1.7944156e-001
  1.9772778e-001
  1.9798556e-001
  1.7742386e-001
  1.4065281e-001
  9.7763976e-002
  6.0484821e-002
  3.7876730e-002
  3.3181777e-002
  4.2958340e-002
  5.8759934e-002
  7.0644987e-002
  7.1127485e-002
  5.8045234e-002
  3.5275600e-002
  1.1081587e-002
 -5.2149669e-003
 -6.9161987e-003
  7.4254101e-003
  3.3401549e-002
  6.2329357e-002
  8.4357305e-002
  9.1893659e-002
  8.2093948e-002
  5.7557001e-002
  2.5082324e-002
 -6.9465830e-003
 -3.1531736e-002
 -4.5307735e-002
 -4.9325460e-002
 -4.8199533e-002
 -4.8025597e-002
 -5.3861434e-002
 -6.7652497e-002
 -8.7274680e-002
 -1.0696877e-001
 -1.1900018e-001
 -1.1602912e-001
 -9.3501695e-002
 -5.1390351e-002
  5.2101140e-003
  6.6842301e-002
  1.2168676e-001
  1.5837622e-001
  1.6895638e-001
  1.5121937e-001
  1.0971498e-001
  5.5030356e-002
  1.3819796e-003
 -3.6926787e-002
 -4.9225381e-002
 -3.1277308e-002
  1.3716582e-002
  7.6256202e-002
  1.4347297e-001
  2.0290003e-001
  2.4584344e-001
  2.6927172e-001
  2.7569362e-001
  2.7123854e-001
  2.6280555e-001
  2.5544863e-001
  2.5100045e-001
  2.4837347e-001
  2.4524866e-001
  2.4026931e-001
  2.3464923e-001
  2.3236822e-001
  2.3875817e-001
  2.5801616e-001
  2.9070808e-001
  3.3241688e-001
  3.7429050e-001
  4.0550402e-001
  4.1686010e-001
  4.0423203e-001
  3.7052050e-001
  3.2527887e-001
  2.8198598e-001
  2.5380319e-001
  2.4922126e-001
  2.6907202e-001
  3.0592842e-001
  3.4611327e-001
  3.7367511e-001
  3.7506874e-001
  3.4309771e-001
  2.7897079e-001
  1.9196162e-001
  9.6904640e-002
  1.0362102e-002
 -5.3416185e-002
 -8.5692660e-002
 -8.4910946e-002
 -5.6626296e-002
 -1.1931775e-002
  3.5101040e-002
  7.0354969e-002
  8.2420097e-002
  6.4744816e-002
  1.6898856e-002
 -5.5227717e-002
 -1.4036436e-001
 -2.2388144e-001
 -2.9064589e-001
 -3.2823396e-001
 -3.2982413e-001
 -2.9602338e-001
 -2.3502291e-001
 -1.6085192e-001
 -9.0023560e-002
 -3.7386110e-002
 -1.2316992e-002
 -1.6382518e-002
 -4.3199453e-002
 -8.0577745e-002
 -1.1430875e-001
 -1.3243527e-001
 -1.2868703e-001
 -1.0404592e-001
 -6.6025162e-002
 -2.5990913e-002
  4.5312420e-003
  1.7342606e-002
  9.7648439e-003
 -1.5057018e-002
 -4.9683308e-002
 -8.5088178e-002
 -1.1356258e-001
 -1.3084836e-001
 -1.3688388e-001
 -1.3506635e-001
 -1.3044746e-001
 -1.2760428e-001
 -1.2896793e-001
 -1.3415788e-001
 -1.4046240e-001
 -1.4418074e-001
 -1.4225159e-001
 -1.3352914e-001
 -1.1924130e-001
 -1.0249763e-001
 -8.7078325e-002
 -7.5994449e-002
 -7.0373900e-002
 -6.9081480e-002
 -6.9189154e-002
 -6.7090736e-002
 -5.9827038e-002
 -4.6135263e-002
 -2.6870679e-002
 -4.7062565e-003
  1.6711562e-002
  3.3793925e-002
  4.3849102e-002
  4.5483633e-002
  3.8534450e-002
  2.3703060e-002
  2.1633577e-003
 -2.4623369e-002
 -5.4803350e-002
 -8.5840840e-002
 -1.1428690e-001
 -1.3586987e-001
 -1.4606208e-001
 -1.4108090e-001
 -1.1907694e-001
 -8.1130160e-002
 -3.1671214e-002
  2.1920966e-002
  7.0563694e-002
  1.0531853e-001
  1.1940249e-001
  1.0983982e-001
  7.8297865e-002
  3.0851499e-002
 -2.3299227e-002
 -7.3854044e-002
 -1.1167947e-001
 -1.3076221e-001
 -1.2939371e-001
 -1.1035172e-001
 -8.0112410e-002
 -4.7357788e-002
 -2.1171445e-002
 -9.3193987e-003
 -1.6915977e-002
 -4.5634013e-002
 -9.3494222e-002
 -1.5519633e-001
 -2.2293183e-001
 -2.8761064e-001
 -3.4039991e-001
 -3.7439101e-001
 -3.8610063e-001
 -3.7642954e-001
 -3.5071793e-001
 -3.1769427e-001
 -2.8740432e-001
 -2.6855247e-001
 -2.6596451e-001
 -2.7896510e-001
 -3.0128313e-001
 -3.2267312e-001
 -3.3189179e-001
 -3.2018190e-001
 -2.8417559e-001
 -2.2724906e-001
 -1.5882607e-001
 -9.1793192e-002
 -3.8825722e-002
 -8.7979547e-003
 -4.4235147e-003
 -2.1845959e-002
 -5.2230281e-002
 -8.4736459e-002
 -1.0982728e-001
 -1.2181900e-001
 -1.1992200e-001
 -1.0759415e-001
 -9.0620415e-002
 -7.4723340e-002
 -6.3579048e-002
 -5.7867578e-002
 -5.5545949e-002
 -5.3077875e-002
 -4.7050580e-002
 -3.5547194e-002
 -1.8813838e-002
  9.2878341e-004
  2.0358766e-002
  3.6224606e-002
  4.6376004e-002
  5.0318888e-002
  4.9160161e-002
  4.5023921e-002
  4.0183013e-002
  3.6218774e-002
  3.3492848e-002
  3.1108339e-002
  2.7386050e-002
  2.0720878e-002
  1.0549716e-002
 -1.9092302e-003
 -1.3464322e-002
 -1.9494947e-002
 -1.5200073e-002
  2.7422684e-003
  3.4611562e-002
  7.6759385e-002
  1.2185948e-001
  1.6043252e-001
  1.8335625e-001
  1.8467624e-001
  1.6382315e-001
  1.2642288e-001
  8.3264176e-002
  4.7559352e-002
  3.1214770e-002
  4.1213404e-002
  7.7253253e-002
  1.3144574e-001
  1.9025316e-001
  2.3813400e-001
  2.6180755e-001
  2.5383739e-001
  2.1444448e-001
  1.5102901e-001
  7.5616406e-002
  1.0997136e-003
 -6.2489153e-002
 -1.1049955e-001
 -1.4423247e-001
 -1.6948901e-001
 -1.9369564e-001
 -2.2265466e-001
 -2.5805538e-001
 -2.9658975e-001
 -3.3095293e-001
 -3.5236907e-001
 -3.5377534e-001
 -3.3258417e-001
 -2.9208636e-001
 -2.4100082e-001
 -1.9127325e-001
 -1.5478372e-001
 -1.3996623e-001
 -1.4937053e-001
 -1.7890335e-001
 -2.1897303e-001
 -2.5718779e-001
 -2.8180271e-001
 -2.8490669e-001
 -2.6444353e-001
 -2.2452946e-001
 -1.7404411e-001
 -1.2397327e-001
 -8.4320625e-002
 -6.1488487e-002
 -5.6840415e-002
 -6.6772593e-002
 -8.4161633e-002
 -1.0066725e-001
 -1.0916201e-001
 -1.0558724e-001
 -8.9768890e-002
 -6.5080217e-002
 -3.7189771e-002
 -1.2372032e-002
  4.0805587e-003
  8.9214557e-003
  1.3003408e-003
 -1.7534094e-002
 -4.4927651e-002
 -7.7599258e-002
 -1.1225928e-001
 -1.4596365e-001
 -1.7624340e-001
 -2.0113023e-001
 -2.1919185e-001
 -2.2961691e-001
 -2.3230186e-001
 -2.2784849e-001
 -2.1740906e-001
 -2.0240055e-001
 -1.8419983e-001
 -1.6396786e-001
 -1.4270162e-001
 -1.2149120e-001
 -1.0182675e-001
 -8.5728890e-002
 -7.5519621e-002
 -7.3203586e-002
 -7.9633035e-002
 -9.3787909e-002
 -1.1253245e-001
 -1.3107848e-001
 -1.4413112e-001
 -1.4741154e-001
 -1.3905824e-001
 -1.2039097e-001
 -9.5699462e-002
 -7.1037715e-002
 -5.2351075e-002
 -4.3513053e-002
 -4.4908312e-002
 -5.3044016e-002
 -6.1353989e-002
 -6.1986016e-002
 -4.8055341e-002
 -1.5704326e-002
  3.4630722e-002
  9.8105756e-002
  1.6653159e-001
  2.3030529e-001
  2.8067253e-001
  3.1171246e-001
  3.2153704e-001
  3.1242953e-001
  2.8994474e-001
  2.6127104e-001
  2.3333960e-001
  2.1120979e-001
  1.9715383e-001
  1.9063820e-001
  1.8912301e-001
  1.8935482e-001
  1.8869358e-001
  1.8603274e-001
  1.8203905e-001
  1.7869508e-001
  1.7838019e-001
  1.8287989e-001
  1.9271149e-001
  2.0699933e-001
  2.2389129e-001
  2.4128226e-001
  2.5749544e-001
  2.7161638e-001
  2.8335666e-001
  2.9256035e-001
  2.9865046e-001
  3.0035621e-001
  2.9594202e-001
  2.8392143e-001
  2.6398730e-001
  2.3773634e-001
  2.0878972e-001
  1.8211533e-001
  1.6267217e-001
  1.5379781e-001
  1.5592152e-001
  1.6612938e-001
  1.7883811e-001
  1.8744214e-001
  1.8642752e-001
  1.7324150e-001
  1.4925457e-001
  1.1944600e-001
  9.0882969e-002
  7.0487254e-002
  6.2836905e-002
  6.8738588e-002
  8.5035142e-002
  1.0568365e-001
  1.2370985e-001
  1.3336849e-001
  1.3180777e-001
  1.1974625e-001
  1.0103148e-001
  8.1320613e-002
  6.6372557e-002
  6.0494767e-002
  6.5554254e-002
  8.0720138e-002
  1.0286224e-001
  1.2737588e-001
  1.4917100e-001
  1.6362650e-001
  1.6740255e-001
  1.5906203e-001
  1.3944997e-001
  1.1174125e-001
  8.1048042e-002
  5.3531231e-002
  3.5098430e-002
  2.9952356e-002
  3.9393275e-002
  6.1293355e-002
  9.0506870e-002
  1.2018934e-001
  1.4367075e-001
  1.5629473e-001
  1.5660488e-001
  1.4646492e-001
  1.3007843e-001
  1.1228671e-001
  9.6805207e-002
  8.5087995e-002
  7.6261632e-002
  6.8131216e-002
  5.8804517e-002
  4.8192716e-002
  3.8657945e-002
  3.4401910e-002
  3.9711832e-002
  5.6697033e-002
  8.3447474e-002
  1.1348532e-001
  1.3695791e-001
  1.4337590e-001
  1.2507128e-001
  8.0183451e-002
  1.4037572e-002
 -6.1734557e-002
 -1.3221989e-001
 -1.8351582e-001
 -2.0691308e-001
 -2.0156601e-001
 -1.7471313e-001
 -1.3932206e-001
 -1.0990762e-001
 -9.7901206e-002
 -1.0810543e-001
 -1.3739253e-001
 -1.7602970e-001
 -2.1111582e-001
 -2.3091088e-001
 -2.2857558e-001
 -2.0409759e-001
 -1.6385429e-001
 -1.1809896e-001
 -7.7354844e-002
 -4.9021783e-002
 -3.5346544e-002
 -3.3362129e-002
 -3.6676030e-002
 -3.8349582e-002
 -3.3778005e-002
 -2.2549026e-002
 -8.6746777e-003
  8.1412057e-004
 -1.6354313e-003
 -2.1388592e-002
 -5.9601692e-002
 -1.1252184e-001
 -1.7229839e-001
 -2.2903285e-001
 -2.7344640e-001
 -2.9939728e-001
 -3.0555160e-001
 -2.9576062e-001
 -2.7804881e-001
 -2.6248126e-001
 -2.5846957e-001
 -2.7222460e-001
 -3.0503391e-001
 -3.5283287e-001
 -4.0719788e-001
 -4.5750431e-001
 -4.9366707e-001
 -5.0871383e-001
 -5.0048597e-001
 -4.7201226e-001
 -4.3048531e-001
 -3.8517486e-001
 -3.4491241e-001
 -3.1588494e-001
 -3.0035261e-001
 -2.9659749e-001
 -3.0002006e-001
 -3.0495398e-001
 -3.0657746e-001
 -3.0231644e-001
 -2.9234506e-001
 -2.7911379e-001
 -2.6616066e-001
 -2.5667895e-001
 -2.5236020e-001
 -2.5289823e-001
 -2.5628447e-001
 -2.5973791e-001
 -2.6089462e-001
 -2.5880242e-001
 -2.5434906e-001
 -2.4996490e-001
 -2.4870713e-001
 -2.5305863e-001
 -2.6388167e-001
 -2.7991572e-001
 -2.9801808e-001
 -3.1408225e-001
 -3.2432567e-001
 -3.2650384e-001
 -3.2063042e-001
 -3.0895570e-001
 -2.9521668e-001
 -2.8342643e-001
 -2.7662675e-001
 -2.7603025e-001
 -2.8082739e-001
 -2.8868835e-001
 -2.9673898e-001
 -3.0262884e-001
 -3.0529197e-001
 -3.0513406e-001
 -3.0360819e-001
 -3.0237902e-001
 -3.0243171e-001
 -3.0349723e-001
 -3.0403441e-001
 -3.0178325e-001
 -2.9467143e-001
 -2.8171003e-001
 -2.6351478e-001
 -2.4223622e-001
 -2.2091758e-001
 -2.0252653e-001
 -1.8903195e-001
 -1.8086975e-001
 -1.7697541e-001
 -1.7532921e-001
 -1.7376286e-001
 -1.7069461e-001
 -1.6552345e-001
 -1.5858316e-001
 -1.5075309e-001
 -1.4295554e-001
 -1.3578550e-001
 -1.2942215e-001
 -1.2381554e-001
 -1.1900550e-001
 -1.1537386e-001
 -1.1367588e-001
 -1.1481265e-001
 -1.1943461e-001
 -1.2754681e-001
 -1.3828611e-001
 -1.4996682e-001
 -1.6038322e-001
 -1.6726578e-001
 -1.6874939e-001
 -1.6373454e-001
 -1.5208458e-001
 -1.3466631e-001
 -1.1327559e-001
 -9.0482269e-002
 -6.9395566e-002
 -5.3322278e-002
 -4.5296297e-002
 -4.7508652e-002
 -6.0744127e-002
 -8.3994053e-002
 -1.1442233e-001
 -1.4779076e-001
 -1.7931263e-001
 -2.0474715e-001
 -2.2143426e-001
 -2.2895236e-001
 -2.2917685e-001
 -2.2569767e-001
 -2.2275577e-001
 -2.2401040e-001
 -2.3149716e-001
 -2.4506962e-001
 -2.6246324e-001
 -2.7993525e-001
 -2.9327935e-001
 -2.9892932e-001
 -2.9486497e-001
 -2.8110501e-001
 -2.5968421e-001
 -2.3413798e-001
 -2.0862877e-001
 -1.8692784e-001
 -1.7150040e-001
 -1.6292415e-001
 -1.5979982e-001
 -1.5919544e-001
 -1.5752752e-001
 -1.5165523e-001
 -1.3988861e-001
 -1.2261891e-001
 -1.0237614e-001
 -8.3283386e-002
 -7.0059631e-002
 -6.6860926e-002
 -7.6294873e-002
 -9.8876796e-002
 -1.3304221e-001
 -1.7564605e-001
 -2.2273328e-001
 -2.7031019e-001
 -3.1489578e-001
 -3.5375983e-001
 -3.8489905e-001
 -4.0690298e-001
 -4.1887453e-001
 -4.2049764e-001
 -4.1222433e-001
 -3.9544888e-001
 -3.7250167e-001
 -3.4635247e-001
 -3.2004133e-001
 -2.9599624e-001
 -2.7548295e-001
 -2.5841646e-001
 -2.4364231e-001
 -2.2961455e-001
 -2.1522991e-001
 -2.0049823e-001
 -1.8677576e-001
 -1.7644753e-001
 -1.7215733e-001
 -1.7586339e-001
 -1.8807219e-001
 -2.0753938e-001
 -2.3154884e-001
 -2.5665912e-001
 -2.7962981e-001
 -2.9818081e-001
 -3.1131977e-001
 -3.1916154e-001
 -3.2237924e-001
 -3.2157583e-001
 -3.1688438e-001
 -3.0798531e-001
 -2.9452399e-001
 -2.7671351e-001
 -2.5580562e-001
 -2.3415620e-001
 -2.1478258e-001
 -2.0053619e-001
 -1.9319530e-001
 -1.9283913e-001
 -1.9777020e-001
 -2.0504423e-001
 -2.1143267e-001
 -2.1447697e-001
 -2.1326262e-001
 -2.0865288e-001
 -2.0292703e-001
 -1.9898323e-001
 -1.9940623e-001
 -2.0571865e-001
 -2.1803478e-001
 -2.3516828e-001
 -2.5508271e-001
 -2.7547888e-001
 -2.9431369e-001
 -3.1012372e-001
 -3.2213745e-001
 -3.3024577e-001
 -3.3492521e-001
 -3.3717184e-001
 -3.3843468e-001
 -3.4048365e-001
 -3.4514402e-001
 -3.5388432e-001
 -3.6733310e-001
 -3.8487528e-001
 -4.0449646e-001
 -4.2298653e-001
 -4.3649691e-001
 -4.4131761e-001
 -4.3465455e-001
 -4.1518394e-001
 -3.8324273e-001
 -3.4064759e-001
 -2.9026471e-001
 -2.3552232e-001
 -1.8004169e-001
 -1.2746869e-001
 -8.1463584e-002
 -4.5708395e-002
 -2.3766389e-002
 -1.8690182e-002
 -3.2399417e-002
 -6.4983674e-002
 -1.1417382e-001
 -1.7522589e-001
 -2.4136935e-001
 -3.0481389e-001
 -3.5813645e-001
 -3.9573865e-001
 -4.1501587e-001
 -4.1692898e-001
 -4.0580606e-001
 -3.8838694e-001
 -3.7230952e-001
 -3.6437662e-001
 -3.6900077e-001
 -3.8719031e-001
 -4.1632065e-001
 -4.5075736e-001
 -4.8320077e-001
 -5.0644643e-001
 -5.1514338e-001
 -5.0711262e-001
 -4.8387542e-001
 -4.5022615e-001
 -4.1292930e-001
 -3.7886435e-001
 -3.5311545e-001
 -3.3754479e-001
 -3.3027460e-001
 -3.2625324e-001
 -3.1876508e-001
 -3.0145742e-001
 -2.7029311e-001
 -2.2485237e-001
 -1.6860113e-001
 -1.0805530e-001
 -5.1101123e-002
 -4.9748167e-003
  2.5514280e-002
  3.9031590e-002
  3.7787963e-002
  2.6676554e-002
  1.1773257e-002
 -1.3552276e-003
 -9.0784017e-003
 -1.0510247e-002
 -7.5210650e-003
 -3.9738006e-003
 -4.3867537e-003
 -1.2361519e-002
 -2.9189047e-002
 -5.3040063e-002
 -7.9042584e-002
 -1.0034653e-001
 -1.1000075e-001
 -1.0318675e-001
 -7.9159346e-002
 -4.2228079e-002
 -1.3201306e-003
  3.1934799e-002
  4.6177295e-002
  3.3531728e-002
 -7.9148714e-003
 -7.3181385e-002
 -1.5136959e-001
 -2.2831262e-001
 -2.9012103e-001
 -3.2656815e-001
 -3.3332828e-001
 -3.1247948e-001
 -2.7125986e-001
 -2.1961110e-001
 -1.6736624e-001
 -1.2194292e-001
 -8.7117925e-002
 -6.3018219e-002
 -4.7049305e-002
 -3.5244847e-002
 -2.3523788e-002
 -8.5389278e-003
  1.1927173e-002
  3.8854797e-002
  7.1948798e-002
  1.0955173e-001
  1.4857026e-001
  1.8461706e-001
  2.1257553e-001
  2.2764265e-001
  2.2665835e-001
  2.0931037e-001
  1.7873096e-001
  1.4113713e-001
  1.0447452e-001
  7.6391220e-002
  6.2141219e-002
  6.3082940e-002
  7.6263571e-002
  9.5230301e-002
  1.1181799e-001
  1.1837136e-001
  1.0976281e-001
  8.4677396e-002
  4.5890930e-002
 -4.3816908e-004
 -4.6205730e-002
 -8.3145820e-002
 -1.0457127e-001
 -1.0674976e-001
 -8.9695888e-002
 -5.7262158e-002
 -1.6507921e-002
  2.3572413e-002
  5.3765851e-002
  6.6489449e-002
  5.7377122e-002
  2.6211061e-002
 -2.3081446e-002
 -8.3422831e-002
 -1.4635328e-001
 -2.0411291e-001
 -2.5146352e-001
 -2.8673725e-001
 -3.1182963e-001
 -3.3117841e-001
 -3.5007721e-001
 -3.7285963e-001
 -4.0149791e-001
 -4.3499866e-001
 -4.6971294e-001
 -5.0040458e-001
 -5.2172244e-001
 -5.2964739e-001
 -5.2253478e-001
 -5.0151423e-001
 -4.7019058e-001
 -4.3376416e-001
 -3.9781853e-001
 -3.6708760e-001
 -3.4450336e-001
 -3.3074624e-001
 -3.2438878e-001
 -3.2257128e-001
 -3.2201054e-001
 -3.2005639e-001
 -3.1549962e-001
 -3.0890437e-001
 -3.0237162e-001
 -2.9880270e-001
 -3.0087787e-001
 -3.1005289e-001
 -3.2587904e-001
 -3.4586474e-001
 -3.6594360e-001
 -3.8143570e-001
 -3.8823974e-001
 -3.8391711e-001
 -3.6835165e-001
 -3.4378517e-001
 -3.1420833e-001
 -2.8427622e-001
 -2.5806180e-001
 -2.3801270e-001
 -2.2441869e-001
 -2.1554122e-001
 -2.0835006e-001
 -1.9961850e-001
 -1.8701383e-001
 -1.6982536e-001
 -1.4909998e-001
 -1.2716518e-001
 -1.0673736e-001
 -8.9960707e-002
 -7.7741840e-002
 -6.9627410e-002
 -6.4257899e-002
 -6.0201182e-002
 -5.6813883e-002
 -5.4760614e-002
 -5.5951997e-002
 -6.2894005e-002
 -7.7683312e-002
 -1.0103873e-001
 -1.3176189e-001
 -1.6686552e-001
 -2.0235378e-001
 -2.3438565e-001
 -2.6040237e-001
 -2.7981345e-001
 -2.9400961e-001
 -3.0573206e-001
 -3.1807104e-001
 -3.3349109e-001
 -3.5323894e-001
 -3.7730395e-001
 -4.0485354e-001
 -4.3486640e-001
 -4.6661861e-001
 -4.9977004e-001
 -5.3400604e-001
 -5.6841955e-001
 -6.0096821e-001
 -6.2834153e-001
 -6.4642122e-001
 -6.5127195e-001
 -6.4036241e-001
 -6.1358472e-001
 -5.7367330e-001
 -5.2581459e-001
 -4.7651784e-001
 -4.3207971e-001
 -3.9712177e-001
 -3.7365519e-001
 -3.6094085e-001
 -3.5613746e-001
 -3.5546842e-001
 -3.5548539e-001
 -3.5401195e-001
 -3.5050235e-001
 -3.4578164e-001
 -3.4135323e-001
 -3.3859005e-001
 -3.3812619e-001
 -3.3965168e-001
 -3.4213597e-001
 -3.4433740e-001
 -3.4535644e-001
 -3.4498976e-001
 -3.4373369e-001
 -3.4243142e-001
 -3.4170547e-001
 -3.4141343e-001
 -3.4037685e-001
 -3.3655244e-001
 -3.2766383e-001
 -3.1213678e-001
 -2.9004023e-001
 -2.6368320e-001
 -2.3758344e-001
 -2.1769953e-001
 -2.1005589e-001
 -2.1911214e-001
 -2.4635475e-001
 -2.8956586e-001
 -3.4304687e-001
 -3.9879339e-001
 -4.4832351e-001
 -4.8465176e-001
 -5.0384861e-001
 -5.0574960e-001
 -4.9363872e-001
 -4.7304326e-001
 -4.5004013e-001
 -4.2960424e-001
 -4.1448863e-001
 -4.0493204e-001
 -3.9920663e-001
 -3.9474226e-001
 -3.8938332e-001
 -3.8230963e-001
 -3.7429328e-001
 -3.6721912e-001
 -3.6308039e-001
 -3.6286860e-001
 -3.6582859e-001
 -3.6942095e-001
 -3.7006563e-001
 -3.6443076e-001
 -3.5079921e-001
 -3.2998547e-001
 -3.0541771e-001
 -2.8229606e-001
 -2.6607620e-001
 -2.6077993e-001
 -2.6770450e-001
 -2.8496642e-001
 -3.0802778e-001
 -3.3102378e-001
 -3.4845689e-001
 -3.5672970e-001
 -3.5507156e-001
 -3.4562994e-001
 -3.3275986e-001
 -3.2176574e-001
 -3.1746855e-001
 -3.2297013e-001
 -3.3888970e-001
 -3.6320282e-001
 -3.9166876e-001
 -4.1872246e-001
 -4.3864161e-001
 -4.4677102e-001
 -4.4058278e-001
 -4.2036368e-001
 -3.8935727e-001
 -3.5325894e-001
 -3.1907787e-001
 -2.9353242e-001
 -2.8130387e-001
 -2.8358633e-001
 -2.9738182e-001
 -3.1586588e-001
 -3.2989325e-001
 -3.3038313e-001
 -3.1101218e-001
 -2.7046067e-001
 -2.1348646e-001
 -1.5036650e-001
 -9.4693386e-002
 -6.0019877e-002
 -5.6245530e-002
 -8.6792369e-002
 -1.4744494e-001
 -2.2726536e-001
 -3.1137039e-001
 -3.8477596e-001
 -4.3617186e-001
 -4.6051015e-001
 -4.5967390e-001
 -4.4111344e-001
 -4.1498229e-001
 -3.9075694e-001
 -3.7443462e-001
 -3.6714739e-001
 -3.6551295e-001
 -3.6345340e-001
 -3.5475512e-001
 -3.3546126e-001
 -3.0531962e-001
 -2.6788382e-001
 -2.2933685e-001
 -1.9651266e-001
 -1.7480803e-001
 -1.6665455e-001
 -1.7098977e-001
 -1.8381993e-001
 -1.9962229e-001
 -2.1309752e-001
 -2.2071623e-001
 -2.2161218e-001
 -2.1761122e-001
 -2.1246503e-001
 -2.1059107e-001
 -2.1573744e-001
 -2.2996754e-001
 -2.5321672e-001
 -2.8347205e-001
 -3.1743686e-001
 -3.5142409e-001
 -3.8220075e-001
 -4.0757055e-001
 -4.2659459e-001
 -4.3946642e-001
 -4.4714295e-001
 -4.5087218e-001
 -4.5175636e-001
 -4.5045841e-001
 -4.4711435e-001
 -4.4146243e-001
 -4.3314667e-001
 -4.2210383e-001
 -4.0891079e-001
 -3.9496611e-001
 -3.8241509e-001
 -3.7379779e-001
 -3.7148677e-001
 -3.7705740e-001
 -3.9076984e-001
 -4.1132408e-001
 -4.3597873e-001
 -4.6102429e-001
 -4.8250176e-001
 -4.9698938e-001
 -5.0226225e-001
 -4.9766580e-001
 -4.8412365e-001
 -4.6380087e-001
 -4.3953838e-001
 -4.1423628e-001
 -3.9037248e-001
 -3.6979053e-001
 -3.5378819e-001
 -3.4341641e-001
 -3.3980194e-001
 -3.4427874e-001
 -3.5817663e-001
 -3.8225988e-001
 -4.1598371e-001
 -4.5687316e-001
 -5.0035929e-001
 -5.4029910e-001
 -5.7018039e-001
 -5.8474358e-001
 -5.8154086e-001
 -5.6189221e-001
 -5.3082979e-001
 -4.9592261e-001
 -4.6524708e-001
 -4.4508650e-001
 -4.3808283e-001
 -4.4246213e-001
 -4.5263120e-001
 -4.6099795e-001
 -4.6045390e-001
 -4.4671980e-001
 -4.1978371e-001
 -3.8395082e-001
 -3.4648072e-001
 -3.1525559e-001
 -2.9624218e-001
 -2.9157547e-001
 -2.9888142e-001
 -3.1204615e-001
 -3.2316778e-001
 -3.2505164e-001
 -3.1345055e-001
 -2.8835321e-001
 -2.5394523e-001
 -2.1729638e-001
 -1.8622293e-001
 -1.6701011e-001
 -1.6269014e-001
 -1.7236253e-001
 -1.9169556e-001
 -2.1437791e-001
 -2.3401814e-001
 -2.4589499e-001
 -2.4806215e-001
 -2.4155863e-001
 -2.2977637e-001
 -2.1728791e-001
 -2.0855824e-001
 -2.0693081e-001
 -2.1411748e-001
 -2.3021006e-001
 -2.5405269e-001
 -2.8373298e-001
 -3.1698441e-001
 -3.5140990e-001
 -3.8457152e-001
 -4.1407446e-001
 -4.3776647e-001
 -4.5408233e-001
 -4.6243824e-001
 -4.6349200e-001
 -4.5908622e-001
 -4.5179656e-001
 -4.4417489e-001
 -4.3793487e-001
 -4.3339654e-001
 -4.2944347e-001
 -4.2406369e-001
 -4.1531097e-001
 -4.0233331e-001
 -3.8605362e-001
 -3.6919140e-001
 -3.5555133e-001
 -3.4878868e-001
 -3.5108120e-001
 -3.6220280e-001
 -3.7937344e-001
 -3.9799169e-001
 -4.1303809e-001
 -4.2068619e-001
 -4.1956970e-001
 -4.1126182e-001
 -3.9979072e-001
 -3.9034685e-001
 -3.8761562e-001
 -3.9429397e-001
 -4.1028060e-001
 -4.3279368e-001
 -4.5735199e-001
 -4.7926802e-001
 -4.9514106e-001
 -5.0385619e-001
 -5.0677760e-001
 -5.0710616e-001
 -5.0865196e-001
 -5.1445963e-001
 -5.2575727e-001
 -5.4157196e-001
 -5.5911312e-001
 -5.7475591e-001
 -5.8525258e-001
 -5.8873432e-001
 -5.8515907e-001
 -5.7607822e-001
 -5.6385365e-001
 -5.5065789e-001
 -5.3765696e-001
 -5.2468351e-001
 -5.1049655e-001
 -4.9348116e-001
 -4.7246963e-001
 -4.4733519e-001
 -4.1913157e-001
 -3.8976975e-001
 -3.6143702e-001
 -3.3607328e-001
 -3.1517191e-001
 -2.9998628e-001
 -2.9198439e-001
 -2.9322030e-001
 -3.0627627e-001
 -3.3359899e-001
 -3.7634667e-001
 -4.3315307e-001
 -4.9936182e-001
 -5.6720194e-001
 -6.2706911e-001
 -6.6965592e-001
 -6.8830489e-001
 -6.8079862e-001
 -6.4993582e-001
 -6.0263493e-001
 -5.4782047e-001
 -4.9378758e-001
 -4.4593745e-001
 -4.0565211e-001
 -3.7067147e-001
 -3.3679837e-001
 -3.0028322e-001
 -2.6000005e-001
 -2.1860209e-001
 -1.8220489e-001
 -1.5865571e-001
 -1.5493289e-001
 -1.7451718e-001
 -2.1560029e-001
 -2.7074972e-001
 -3.2821971e-001
 -3.7461931e-001
 -3.9825462e-001
 -3.9225437e-001
 -3.5661367e-001
 -2.9854256e-001
 -2.3092590e-001
 -1.6919570e-001
 -1.2736757e-001
 -1.1427923e-001
 -1.3109422e-001
 -1.7085685e-001
 -2.2034687e-001
 -2.6381422e-001
 -2.8757044e-001
 -2.8407849e-001
 -2.5425694e-001
 -2.0721628e-001
 -1.5744057e-001
 -1.2026604e-001
 -1.0709963e-001
 -1.2194138e-001
 -1.6036023e-001
 -2.1124774e-001
 -2.6072265e-001
 -2.9681815e-001
 -3.1332346e-001
 -3.1146890e-001
 -2.9892540e-001
 -2.8655051e-001
 -2.8410480e-001
 -2.9650148e-001
 -3.2192327e-001
 -3.5244019e-001
 -3.7685494e-001
 -3.8472150e-001
 -3.7010411e-001
 -3.3378685e-001
 -2.8323307e-001
 -2.3039658e-001
 -1.8820430e-001
 -1.6691625e-001
 -1.7151138e-001
 -2.0080567e-001
 -2.4837434e-001
 -3.0476569e-001
 -3.6016004e-001
 -4.0662766e-001
 -4.3942480e-001
 -4.5718873e-001
 -4.6127351e-001
 -4.5467591e-001
 -4.4099374e-001
 -4.2368967e-001
 -4.0571013e-001
 -3.8934095e-001
 -3.7612998e-001
 -3.6676934e-001
 -3.6094731e-001
 -3.5727864e-001
 -3.5344697e-001
 -3.4663187e-001
 -3.3417723e-001
 -3.1434190e-001
 -2.8690938e-001
 -2.5344900e-001
 -2.1711071e-001
 -1.8196884e-001
 -1.5206185e-001
 -1.3036662e-001
 -1.1797292e-001
 -1.1368186e-001
 -1.1415490e-001
 -1.1461082e-001
 -1.0993513e-001
 -9.5958318e-002
 -7.0600859e-002
 -3.4591260e-002
  8.4548350e-003
  5.2662862e-002
  9.1126516e-002
  1.1745942e-001
  1.2728912e-001
  1.1929996e-001
  9.5530930e-002
  6.0827026e-002
  2.1580707e-002
 -1.5886633e-002
 -4.6832512e-002
 -6.9041076e-002
 -8.2930294e-002
 -9.0811730e-002
 -9.5587282e-002
 -9.9372686e-002
 -1.0257319e-001
 -1.0377485e-001
 -1.0050248e-001
 -9.0545605e-002
 -7.3305445e-002
 -5.0578885e-002
 -2.6399376e-002
 -5.9294371e-003
  6.2024013e-003
  7.4736490e-003
 -1.6915208e-003
 -1.8176924e-002
 -3.7446033e-002
 -5.5325501e-002
 -6.9565788e-002
 -8.0517266e-002
 -9.0616717e-002
 -1.0287893e-001
 -1.1902519e-001
 -1.3806833e-001
 -1.5602294e-001
 -1.6696953e-001
 -1.6514256e-001
 -1.4726112e-001
 -1.1416851e-001
 -7.1066628e-002
 -2.6150914e-002
  1.1929016e-002
  3.6883145e-002
  4.6834093e-002
  4.4840989e-002
  3.7696048e-002
  3.3447723e-002
  3.8580750e-002
  5.5896478e-002
  8.3845217e-002
  1.1748764e-001
  1.5063786e-001
  1.7831441e-001
  1.9855757e-001
  2.1297174e-001
  2.2588203e-001
  2.4253105e-001
  2.6707340e-001
  3.0113514e-001
  3.4341662e-001
  3.9036883e-001
  4.3755723e-001
  4.8110571e-001
  5.1865462e-001
  5.4952930e-001
  5.7417257e-001
  5.9319447e-001
  6.0652053e-001
  6.1303993e-001
