 -9.5649926e-002
 -1.6346111e-001
 -2.2972109e-001
 -2.8486501e-001
 -3.2149824e-001
 -3.3604040e-001
 -3.2934767e-001
 -3.0621828e-001
 -2.7398403e-001
 -2.4061796e-001
 -2.1288508e-001
 -1.9500866e-001
 -1.8814157e-001
 -1.9068155e-001
 -1.9923015e-001
 -2.0984124e-001
 -2.1917755e-001
 -2.2528672e-001
 -2.2787379e-001
 -2.2811597e-001
 -2.2817526e-001
 -2.3059096e-001
 -2.3768970e-001
 -2.5108215e-001
 -2.7126717e-001
 -2.9736189e-001
 -3.2700632e-001
 -3.5651957e-001
 -3.8137162e-001
 -3.9696427e-001
 -3.9960544e-001
 -3.8745702e-001
 -3.6118854e-001
 -3.2410833e-001
 -2.8166732e-001
 -2.4040334e-001
 -2.0655918e-001
 -1.8471500e-001
 -1.7679065e-001
 -1.8168997e-001
 -1.9569926e-001
 -2.1355478e-001
 -2.2991019e-001
 -2.4081299e-001
 -2.4477689e-001
 -2.4313010e-001
 -2.3951226e-001
 -2.3863922e-001
 -2.4468414e-001
 -2.5976239e-001
 -2.8300180e-001
 -3.1051945e-001
 -3.3635096e-001
 -3.5407385e-001
 -3.5863295e-001
 -3.4779795e-001
 -3.2279290e-001
 -2.8790473e-001
 -2.4921425e-001
 -2.1288190e-001
 -1.8356034e-001
 -1.6344430e-001
 -1.5222638e-001
 -1.4789126e-001
 -1.4797473e-001
 -1.5075147e-001
 -1.5586081e-001
 -1.6411745e-001
 -1.7659752e-001
 -1.9340672e-001
 -2.1270124e-001
 -2.3047081e-001
 -2.4131868e-001
 -2.4007892e-001
 -2.2374505e-001
 -1.9299025e-001
 -1.5262875e-001
 -1.1069467e-001
 -7.6295751e-002
 -5.6864527e-002
 -5.5702283e-002
 -7.0676411e-002
 -9.4582641e-002
 -1.1713179e-001
 -1.2795943e-001
 -1.1969111e-001
 -9.0064713e-002
 -4.2431852e-002
  1.5481203e-002
  7.4079636e-002
  1.2478809e-001
  1.6235045e-001
  1.8583333e-001
  1.9812358e-001
  2.0425032e-001
  2.0924251e-001
  2.1632396e-001
  2.2603755e-001
  2.3648215e-001
  2.4441115e-001
  2.4664961e-001
  2.4123590e-001
  2.2788114e-001
  2.0766873e-001
  1.8224189e-001
  1.5291741e-001
  1.2015193e-001
  8.3593036e-002
  4.2663566e-002
 -2.6200486e-003
 -5.1004088e-002
 -9.9864689e-002
 -1.4570267e-001
 -1.8510954e-001
 -2.1583497e-001
 -2.3752117e-001
 -2.5178173e-001
 -2.6154986e-001
 -2.6990855e-001
 -2.7883106e-001
 -2.8831895e-001
 -2.9629859e-001
 -2.9936745e-001
 -2.9416569e-001
 -2.7890253e-001
 -2.5448451e-001
 -2.2480885e-001
 -1.9606305e-001
 -1.7521178e-001
 -1.6813417e-001
 -1.7799514e-001
 -2.0435437e-001
 -2.4326687e-001
 -2.8830477e-001
 -3.3214728e-001
 -3.6824028e-001
 -3.9205697e-001
 -4.0166923e-001
 -3.9758755e-001
 -3.8205072e-001
 -3.5807368e-001
 -3.2856519e-001
 -2.9572974e-001
 -2.6082665e-001
 -2.2423523e-001
 -1.8570962e-001
 -1.4470832e-001
 -1.0072680e-001
 -5.3609529e-002
 -3.8373058e-003
  4.7230939e-002
  9.7220068e-002
  1.4278798e-001
  1.7993135e-001
  2.0455431e-001
  2.1321384e-001
  2.0387052e-001
  1.7643655e-001
  1.3294707e-001
  7.7281907e-002
  1.4499532e-002
 -5.0034646e-002
 -1.1148255e-001
 -1.6610967e-001
 -2.1148190e-001
 -2.4630171e-001
 -2.7003095e-001
 -2.8251433e-001
 -2.8379485e-001
 -2.7420723e-001
 -2.5468911e-001
 -2.2712518e-001
 -1.9449238e-001
 -1.6063443e-001
 -1.2964281e-001
 -1.0500156e-001
 -8.8786675e-002
 -8.1232377e-002
 -8.0864373e-002
 -8.5189644e-002
 -9.1704245e-002
 -9.8832590e-002
 -1.0641408e-001
 -1.1551802e-001
 -1.2763841e-001
 -1.4358993e-001
 -1.6258112e-001
 -1.8190662e-001
 -1.9747826e-001
 -2.0508360e-001
 -2.0194863e-001
 -1.8801813e-001
 -1.6642589e-001
 -1.4289861e-001
 -1.2422431e-001
 -1.1627319e-001
 -1.2224567e-001
 -1.4176082e-001
 -1.7110461e-001
 -2.0453965e-001
 -2.3619344e-001
 -2.6184027e-001
 -2.7994987e-001
 -2.9167172e-001
 -2.9984029e-001
 -3.0745772e-001
 -3.1629150e-001
 -3.2614602e-001
 -3.3506764e-001
 -3.4034919e-001
 -3.3987487e-001
 -3.3322011e-001
 -3.2203888e-001
 -3.0957565e-001
 -2.9950111e-001
 -2.9454059e-001
 -2.9543838e-001
 -3.0065828e-001
 -3.0692724e-001
 -3.1040712e-001
 -3.0805245e-001
 -2.9866186e-001
 -2.8326318e-001
 -2.6472766e-001
 -2.4678533e-001
 -2.3281068e-001
 -2.2480197e-001
 -2.2288091e-001
 -2.2543758e-001
 -2.2981724e-001
 -2.3327191e-001
 -2.3383449e-001
 -2.3083073e-001
 -2.2489377e-001
 -2.1752796e-001
 -2.1041933e-001
 -2.0476024e-001
 -2.0082957e-001
 -1.9796438e-001
 -1.9491707e-001
 -1.9046307e-001
 -1.8404743e-001
 -1.7625354e-001
 -1.6893664e-001
 -1.6496574e-001
 -1.6762799e-001
 -1.7983922e-001
 -2.0335380e-001
 -2.3816749e-001
 -2.8226323e-001
 -3.3177368e-001
 -3.8154422e-001
 -4.2599414e-001
 -4.6010934e-001
 -4.8036857e-001
 -4.8541257e-001
 -4.7631105e-001
 -4.5635728e-001
 -4.3041287e-001
 -4.0392048e-001
 -3.8178208e-001
 -3.6734878e-001
 -3.6176694e-001
 -3.6386434e-001
 -3.7063939e-001
 -3.7825528e-001
 -3.8328032e-001
 -3.8380858e-001
 -3.8009133e-001
 -3.7443244e-001
 -3.7032881e-001
 -3.7110260e-001
 -3.7848140e-001
 -3.9164750e-001
 -4.0715525e-001
 -4.1983014e-001
 -4.2440789e-001
 -4.1737477e-001
 -3.9835125e-001
 -3.7048022e-001
 -3.3961123e-001
 -3.1250247e-001
 -2.9463532e-001
 -2.8840728e-001
 -2.9236079e-001
 -3.0174731e-001
 -3.1024090e-001
 -3.1218551e-001
 -3.0454997e-001
 -2.8786377e-001
 -2.6578589e-001
 -2.4348016e-001
 -2.2543617e-001
 -2.1359993e-001
 -2.0656924e-001
 -2.0019857e-001
 -1.8940057e-001
 -1.7044342e-001
 -1.4282147e-001
 -1.0991513e-001
 -7.8109568e-002
 -5.4637183e-002
 -4.4914035e-002
 -5.0356218e-002
 -6.7503021e-002
 -8.8801235e-002
 -1.0480281e-001
 -1.0702674e-001
 -9.0519868e-002
 -5.5289226e-002
 -6.2002669e-003
  4.8529747e-002
  9.9667737e-002
  1.3934730e-001
  1.6279411e-001
  1.6899397e-001
  1.6029508e-001
  1.4126545e-001
  1.1729039e-001
  9.3363449e-002
  7.3345635e-002
  5.9735335e-002
  5.3800739e-002
  5.5842136e-002
  6.5384626e-002
  8.1217142e-002
  1.0132823e-001
  1.2288052e-001
  1.4237621e-001
  1.5609436e-001
  1.6075978e-001
  1.5428609e-001
  1.3637019e-001
  1.0873158e-001
  7.4882257e-002
  3.9449478e-002
  7.2067636e-003
 -1.7945573e-002
 -3.3795138e-002
 -4.0229237e-002
 -3.9151853e-002
 -3.3936879e-002
 -2.8556975e-002
 -2.6598639e-002
 -3.0396872e-002
 -4.0495259e-002
 -5.5564223e-002
 -7.2803330e-002
 -8.8731951e-002
 -1.0016371e-001
 -1.0509537e-001
 -1.0324685e-001
 -9.6076659e-002
 -8.6249946e-002
 -7.6713351e-002
 -6.9672205e-002
 -6.5817055e-002
 -6.4078823e-002
 -6.2018851e-002
 -5.6737218e-002
 -4.5990813e-002
 -2.9126364e-002
 -7.4913686e-003
  1.5829531e-002
  3.6861976e-002
  5.1874496e-002
  5.8405918e-002
  5.5855411e-002
  4.5482867e-002
  2.9890803e-002
  1.2233043e-002
 -4.5468716e-003
 -1.8215126e-002
 -2.7405611e-002
 -3.1514114e-002
 -3.0494955e-002
 -2.4714490e-002
 -1.4924387e-002
 -2.3048556e-003
  1.1541979e-002
  2.4759328e-002
  3.5593583e-002
  4.2864212e-002
  4.6386752e-002
  4.7177039e-002
  4.7325045e-002
  4.9533176e-002
  5.6423105e-002
  6.9788573e-002
  8.9989710e-002
  1.1565012e-001
  1.4374830e-001
  1.7010993e-001
  1.9022226e-001
  2.0021790e-001
  1.9782167e-001
  1.8303539e-001
  1.5836491e-001
  1.2847947e-001
  9.9326287e-002
  7.6873287e-002
  6.5775155e-002
  6.8306215e-002
  8.3850792e-002
  1.0909422e-001
  1.3885740e-001
  1.6732984e-001
  1.8934585e-001
  2.0135453e-001
  2.0185442e-001
  1.9125275e-001
  1.7129739e-001
  1.4434919e-001
  1.1277255e-001
  7.8628625e-002
  4.3700618e-002
  9.7327101e-003
 -2.1318755e-002
 -4.7209397e-002
 -6.5595844e-002
 -7.4443527e-002
 -7.2494939e-002
 -5.9601195e-002
 -3.6771018e-002
 -5.9097925e-003
  3.0645315e-002
  7.0599839e-002
  1.1198955e-001
  1.5317243e-001
  1.9255897e-001
  2.2824924e-001
  2.5781068e-001
  2.7839064e-001
  2.8722249e-001
  2.8240370e-001
  2.6367511e-001
  2.3287941e-001
  1.9385493e-001
  1.5170877e-001
  1.1164203e-001
  7.7684028e-002
  5.1753746e-002
  3.3376754e-002
  2.0168771e-002
  8.9306942e-003
 -3.0191363e-003
 -1.6738854e-002
 -3.1171673e-002
 -4.3444758e-002
 -4.9859812e-002
 -4.7239140e-002
 -3.4171559e-002
 -1.1738551e-002
  1.6525542e-002
  4.5437575e-002
  6.9492343e-002
  8.4312386e-002
  8.7788534e-002
  8.0575201e-002
  6.5797639e-002
  4.8061257e-002
  3.2059648e-002
  2.1199246e-002
  1.6657530e-002
  1.7164500e-002
  1.9577011e-002
  2.0066717e-002
  1.5543119e-002
  4.8507309e-003
 -1.0654240e-002
 -2.7344520e-002
 -4.0311519e-002
 -4.4793255e-002
 -3.7592315e-002
 -1.8049661e-002
  1.1703688e-002
  4.7256211e-002
  8.2991157e-002
  1.1338130e-001
  1.3413342e-001
  1.4290894e-001
  1.3951277e-001
  1.2560901e-001
  1.0413202e-001
  7.8589913e-002
  5.2418400e-002
  2.8472657e-002
  8.6845062e-003
 -6.1160084e-003
 -1.6215048e-002
 -2.2858344e-002
 -2.7926221e-002
 -3.3479347e-002
 -4.1264355e-002
 -5.2303930e-002
 -6.6689220e-002
 -8.3634428e-002
 -1.0176213e-001
 -1.1950193e-001
 -1.3544609e-001
 -1.4853616e-001
 -1.5804376e-001
 -1.6341584e-001
 -1.6412703e-001
 -1.5967915e-001
 -1.4980768e-001
 -1.3483087e-001
 -1.1597102e-001
 -9.5443919e-002
 -7.6178986e-002
 -6.1176149e-002
 -5.2669974e-002
 -5.1383059e-002
 -5.6157426e-002
 -6.4143000e-002
 -7.1533567e-002
 -7.4643052e-002
 -7.0984276e-002
 -5.9999837e-002
 -4.3207287e-002
 -2.3718463e-002
 -5.3036467e-003
  8.6813208e-003
  1.6155653e-002
  1.6706471e-002
  1.1439090e-002
  2.4066435e-003
 -8.1222994e-003
 -1.8273686e-002
 -2.6861735e-002
 -3.3336766e-002
 -3.7520483e-002
 -3.9349995e-002
 -3.8823595e-002
 -3.6208973e-002
 -3.2401145e-002
 -2.9189760e-002
 -2.9184833e-002
 -3.5275638e-002
 -4.9713499e-002
 -7.3120217e-002
 -1.0382712e-001
 -1.3788314e-001
 -1.6984471e-001
 -1.9415986e-001
 -2.0670732e-001
 -2.0595797e-001
 -1.9333899e-001
 -1.7266071e-001
 -1.4880578e-001
 -1.2614428e-001
 -1.0722583e-001
 -9.2179750e-002
 -7.8982179e-002
 -6.4436460e-002
 -4.5480565e-002
 -2.0361989e-002
  1.0684934e-002
  4.5419835e-002
  8.0172765e-002
  1.1079400e-001
  1.3369690e-001
  1.4674518e-001
  1.4981301e-001
  1.4492338e-001
  1.3592870e-001
  1.2774901e-001
  1.2525304e-001
  1.3196904e-001
  1.4892154e-001
  1.7395356e-001
  2.0185019e-001
  2.2539932e-001
  2.3724008e-001
  2.3204858e-001
  2.0841428e-001
  1.6976545e-001
  1.2393850e-001
  8.1392641e-002
  5.2516180e-002
  4.4795804e-002
  6.0704401e-002
  9.6967160e-002
  1.4545002e-001
  1.9541572e-001
  2.3647480e-001
  2.6135668e-001
  2.6769796e-001
  2.5836124e-001
  2.4024977e-001
  2.2202741e-001
  2.1145550e-001
  2.1313633e-001
  2.2729528e-001
  2.4990039e-001
  2.7401545e-001
  2.9192949e-001
  2.9740290e-001
  2.8736788e-001
  2.6261317e-001
  2.2730536e-001
  1.8755395e-001
  1.4950504e-001
  1.1756832e-001
  9.3309014e-002
  7.5301550e-002
  5.9923779e-002
  4.2777117e-002
  2.0242358e-002
 -9.3263873e-003
 -4.5115316e-002
 -8.4169007e-002
 -1.2235301e-001
 -1.5561861e-001
 -1.8116775e-001
 -1.9818196e-001
 -2.0793449e-001
 -2.1329325e-001
 -2.1778856e-001
 -2.2452461e-001
 -2.3523956e-001
 -2.4976763e-001
 -2.6604430e-001
 -2.8064978e-001
 -2.8973979e-001
 -2.9010484e-001
 -2.8005961e-001
 -2.5991108e-001
 -2.3187758e-001
 -1.9949781e-001
 -1.6672510e-001
 -1.3699660e-001
 -1.1256416e-001
 -9.4274829e-002
 -8.1827632e-002
 -7.4366813e-002
 -7.1159340e-002
 -7.2085270e-002
 -7.7748901e-002
 -8.9166408e-002
 -1.0714757e-001
 -1.3160672e-001
 -1.6106978e-001
 -1.9258038e-001
 -2.2207371e-001
 -2.4513158e-001
 -2.5791011e-001
 -2.5798232e-001
 -2.4487208e-001
 -2.2015333e-001
 -1.8711251e-001
 -1.5008139e-001
 -1.1361502e-001
 -8.1705054e-002
 -5.7188535e-002
 -4.1451186e-002
 -3.4447678e-002
 -3.4986391e-002
 -4.1167424e-002
 -5.0835694e-002
 -6.1926208e-002
 -7.2635207e-002
 -8.1431623e-002
 -8.6996915e-002
 -8.8213353e-002
 -8.4290583e-002
 -7.5034343e-002
 -6.1155559e-002
 -4.4445160e-002
 -2.7644897e-002
 -1.3940704e-002
 -6.1627359e-003
 -5.9300723e-003
 -1.3054413e-002
 -2.5467831e-002
 -3.9768524e-002
 -5.2245097e-002
 -6.0038520e-002
 -6.2020765e-002
 -5.9054282e-002
 -5.3522995e-002
 -4.8307682e-002
 -4.5603107e-002
 -4.6046890e-002
 -4.8516482e-002
 -5.0691424e-002
 -5.0173821e-002
 -4.5730301e-002
 -3.8154773e-002
 -3.0379786e-002
 -2.6737808e-002
 -3.1590317e-002
 -4.7784946e-002
 -7.5480324e-002
 -1.1176620e-001
 -1.5124281e-001
 -1.8740107e-001
 -2.1437565e-001
 -2.2851840e-001
 -2.2930089e-001
 -2.1927909e-001
 -2.0316228e-001
 -1.8631633e-001
 -1.7320117e-001
 -1.6623945e-001
 -1.6544399e-001
 -1.6885928e-001
 -1.7359479e-001
 -1.7704149e-001
 -1.7782808e-001
 -1.7619580e-001
 -1.7369985e-001
 -1.7239582e-001
 -1.7385078e-001
 -1.7836969e-001
 -1.8473332e-001
 -1.9054385e-001
 -1.9304229e-001
 -1.9008480e-001
 -1.8090673e-001
 -1.6638439e-001
 -1.4869610e-001
 -1.3051257e-001
 -1.1402744e-001
 -1.0020253e-001
 -8.8523387e-002
 -7.7367897e-002
 -6.4855597e-002
 -4.9856016e-002
 -3.2762878e-002
 -1.5715313e-002
 -2.1415983e-003
  4.2538761e-003
  7.3155545e-004
 -1.3440230e-002
 -3.6516613e-002
 -6.4578120e-002
 -9.2547655e-002
 -1.1562711e-001
 -1.3070918e-001
 -1.3731174e-001
 -1.3771961e-001
 -1.3626029e-001
 -1.3791213e-001
 -1.4666048e-001
 -1.6410980e-001
 -1.8879649e-001
 -2.1644134e-001
 -2.4109383e-001
 -2.5683854e-001
 -2.5954752e-001
 -2.4813375e-001
 -2.2490601e-001
 -1.9490302e-001
 -1.6440878e-001
 -1.3911576e-001
 -1.2251727e-001
 -1.1503468e-001
 -1.1413920e-001
 -1.1539594e-001
 -1.1405263e-001
 -1.0662349e-001
 -9.1941081e-002
 -7.1355581e-002
 -4.8074906e-002
 -2.5944613e-002
 -8.1499397e-003
  3.6815395e-003
  9.6829162e-003
  1.1252175e-002
  1.0131212e-002
  7.4907115e-003
  3.4290754e-003
 -2.8969478e-003
 -1.2571323e-002
 -2.5962382e-002
 -4.1950634e-002
 -5.7723806e-002
 -6.9304231e-002
 -7.2678729e-002
 -6.5145895e-002
 -4.6384163e-002
 -1.8825062e-002
  1.2836855e-002
  4.2847471e-002
  6.5895831e-002
  7.8398852e-002
  7.9151062e-002
  6.9184679e-002
  5.0999401e-002
  2.7554111e-002
  1.4656464e-003
 -2.5287059e-002
 -5.1132476e-002
 -7.4407050e-002
 -9.2991250e-002
 -1.0442617e-001
 -1.0660919e-001
 -9.8841924e-002
 -8.2752926e-002
 -6.2569323e-002
 -4.4412545e-002
 -3.4677054e-002
 -3.7965063e-002
 -5.5313630e-002
 -8.3433423e-002
 -1.1536110e-001
 -1.4241638e-001
 -1.5684634e-001
 -1.5424122e-001
 -1.3485031e-001
 -1.0331338e-001
 -6.6909325e-002
 -3.2983427e-002
 -6.5223931e-003
  1.1222302e-002
  2.2583507e-002
  3.1926434e-002
  4.3370310e-002
  5.8730765e-002
  7.6521698e-002
  9.2414799e-002
  1.0096275e-001
  9.7885336e-002
  8.1994498e-002
  5.5977658e-002
  2.5705903e-002
 -1.6920142e-003
 -2.0270587e-002
 -2.7303044e-002
 -2.4140813e-002
 -1.5567638e-002
 -7.8839435e-003
 -6.4332293e-003
 -1.3491987e-002
 -2.7310494e-002
 -4.2665133e-002
 -5.2723705e-002
 -5.1542157e-002
 -3.6282830e-002
 -8.3525676e-003
  2.6940999e-002
  6.2077708e-002
  8.9743761e-002
  1.0512622e-001
  1.0730259e-001
  9.9295473e-002
  8.6847806e-002
  7.6412169e-002
  7.3081389e-002
  7.9147990e-002
  9.3701892e-002
  1.1327985e-001
  1.3321999e-001
  1.4917650e-001
  1.5826845e-001
  1.5954085e-001
  1.5371087e-001
  1.4243737e-001
  1.2749163e-001
  1.1018414e-001
  9.1241779e-002
  7.1109963e-002
  5.0467223e-002
  3.0657886e-002
  1.3796526e-002
  2.4483087e-003
 -1.0251675e-003
  4.7793493e-003
  1.9732361e-002
  4.1994823e-002
  6.8311870e-002
  9.4684857e-002
  1.1720691e-001
  1.3280900e-001
  1.3971608e-001
  1.3752804e-001
  1.2696961e-001
  1.0944949e-001
  8.6602787e-002
  5.9960054e-002
  3.0813392e-002
  2.6750619e-004
 -3.0597641e-002
 -6.0551089e-002
 -8.8110229e-002
 -1.1157036e-001
 -1.2917846e-001
 -1.3942618e-001
 -1.4140394e-001
 -1.3513206e-001
 -1.2177019e-001
 -1.0361174e-001
 -8.3804754e-002
 -6.5808246e-002
 -5.2680034e-002
 -4.6372722e-002
 -4.7252143e-002
 -5.4020244e-002
 -6.4116942e-002
 -7.4519170e-002
 -8.2702969e-002
 -8.7447022e-002
 -8.9178153e-002
 -8.9698173e-002
 -9.1348115e-002
 -9.5886004e-002
 -1.0349306e-001
 -1.1231841e-001
 -1.1881021e-001
 -1.1880745e-001
 -1.0907320e-001
 -8.8746476e-002
 -6.0160524e-002
 -2.8648352e-002
 -1.2858388e-003
  1.5098981e-002
  1.6030279e-002
  8.9081777e-004
 -2.6724389e-002
 -5.9996821e-002
 -9.0951213e-002
 -1.1295130e-001
 -1.2280131e-001
 -1.2173661e-001
 -1.1494651e-001
 -1.0976399e-001
 -1.1311167e-001
 -1.2905109e-001
 -1.5725271e-001
 -1.9289694e-001
 -2.2803961e-001
 -2.5399250e-001
 -2.6394427e-001
 -2.5498479e-001
 -2.2890876e-001
 -1.9158302e-001
 -1.5112441e-001
 -1.1549900e-001
 -9.0305328e-002
 -7.7408098e-002
 -7.4787465e-002
 -7.7571822e-002
 -7.9859897e-002
 -7.6722206e-002
 -6.5759612e-002
 -4.7775756e-002
 -2.6419455e-002
 -6.9703529e-003
  5.3219629e-003
  6.8413388e-003
 -3.2920587e-003
 -2.2883362e-002
 -4.7123514e-002
 -6.9674918e-002
 -8.4075347e-002
 -8.5116730e-002
 -6.9904870e-002
 -3.8409655e-002
  6.5644160e-003
  5.9948915e-002
  1.1540082e-001
  1.6652856e-001
  2.0813394e-001
  2.3723211e-001
  2.5362577e-001
  2.5986984e-001
  2.6057541e-001
  2.6115709e-001
  2.6629112e-001
  2.7847347e-001
  2.9709555e-001
  3.1836070e-001
  3.3615538e-001
  3.4371349e-001
  3.3565338e-001
  3.0981002e-001
  2.6829301e-001
  2.1738813e-001
  1.6624110e-001
  1.2462506e-001
  1.0038512e-001
  9.7279795e-002
  1.1385250e-001
  1.4368785e-001
  1.7701538e-001
  2.0323585e-001
  2.1367621e-001
  2.0381082e-001
  1.7433791e-001
  1.3082822e-001
  8.2072280e-002
  3.7623502e-002
  5.2580741e-003
 -1.0917490e-002
 -1.1189570e-002
  3.6360457e-004
  1.7539788e-002
  3.4161235e-002
  4.5980710e-002
  5.1724793e-002
  5.2966986e-002
  5.2941460e-002
  5.4787168e-002
  5.9914879e-002
  6.7139234e-002
  7.2927778e-002
  7.2692558e-002
  6.2645232e-002
  4.1507264e-002
  1.1402837e-002
 -2.2446119e-002
 -5.3163644e-002
 -7.4320321e-002
 -8.1961613e-002
 -7.5854616e-002
 -5.9520503e-002
 -3.9048048e-002
 -2.1105163e-002
 -1.0830359e-002
 -1.0307240e-002
 -1.8105910e-002
 -3.0002155e-002
 -4.0592060e-002
 -4.5237292e-002
 -4.1690044e-002
 -3.0872668e-002
 -1.6574284e-002
 -4.1781136e-003
  1.1606652e-003
 -3.7031833e-003
 -1.8739582e-002
 -4.0580266e-002
 -6.3434334e-002
 -8.0820235e-002
 -8.7587814e-002
 -8.1596020e-002
 -6.4499070e-002
 -4.1357203e-002
 -1.9152365e-002
 -4.6427694e-003
 -2.2188060e-003
 -1.2446248e-002
 -3.1784513e-002
 -5.3603780e-002
 -7.0208811e-002
 -7.5244762e-002
 -6.5723304e-002
 -4.3016076e-002
 -1.2486160e-002
  1.8135995e-002
  4.1119993e-002
  5.1091867e-002
  4.6627350e-002
  3.0576959e-002
  9.0288433e-003
 -1.0744630e-002
 -2.2685575e-002
 -2.3919347e-002
 -1.5666611e-002
 -2.8220659e-003
  7.6422551e-003
  8.9155558e-003
 -3.4990654e-003
 -3.0397935e-002
 -6.8667280e-002
 -1.1226684e-001
 -1.5403707e-001
 -1.8771407e-001
 -2.0950818e-001
 -2.1879043e-001
 -2.1776056e-001
 -2.1031623e-001
 -2.0058393e-001
 -1.9163212e-001
 -1.8476168e-001
 -1.7952230e-001
 -1.7433658e-001
 -1.6742416e-001
 -1.5766143e-001
 -1.4508914e-001
 -1.3094191e-001
 -1.1725082e-001
 -1.0620106e-001
 -9.9476807e-002
 -9.7798123e-002
 -1.0077253e-001
 -1.0708326e-001
 -1.1494417e-001
 -1.2268669e-001
 -1.2931371e-001
 -1.3486229e-001
 -1.4046002e-001
 -1.4803549e-001
 -1.5973809e-001
 -1.7721593e-001
 -2.0096304e-001
 -2.2995309e-001
 -2.6171287e-001
 -2.9286378e-001
 -3.2000822e-001
 -3.4070740e-001
 -3.5423894e-001
 -3.6186516e-001
 -3.6648395e-001
 -3.7173255e-001
 -3.8080615e-001
 -3.9536702e-001
 -4.1491156e-001
 -4.3682629e-001
 -4.5714096e-001
 -4.7175361e-001
 -4.7773728e-001
 -4.7430251e-001
 -4.6309563e-001
 -4.4772719e-001
 -4.3267467e-001
 -4.2190587e-001
 -4.1765753e-001
 -4.1975162e-001
 -4.2565885e-001
 -4.3128329e-001
 -4.3222092e-001
 -4.2510458e-001
 -4.0863037e-001
 -3.8396623e-001
 -3.5443657e-001
 -3.2459642e-001
 -2.9898720e-001
 -2.8095032e-001
 -2.7184028e-001
 -2.7084144e-001
 -2.7539931e-001
 -2.8209301e-001
 -2.8766054e-001
 -2.8987363e-001
 -2.8803859e-001
 -2.8303654e-001
 -2.7695505e-001
 -2.7246122e-001
 -2.7210084e-001
 -2.7768687e-001
 -2.8988861e-001
 -3.0807496e-001
 -3.3041885e-001
 -3.5423289e-001
 -3.7647494e-001
 -3.9432918e-001
 -4.0574262e-001
 -4.0979158e-001
 -4.0678303e-001
 -3.9806272e-001
 -3.8558964e-001
 -3.7141156e-001
 -3.5720883e-001
 -3.4404339e-001
 -3.3236787e-001
 -3.2224580e-001
 -3.1365364e-001
 -3.0671154e-001
 -3.0173338e-001
 -2.9907802e-001
 -2.9888140e-001
 -3.0081001e-001
 -3.0397130e-001
 -3.0704838e-001
 -3.0862355e-001
 -3.0756437e-001
 -3.0330936e-001
 -2.9592760e-001
 -2.8592532e-001
 -2.7389153e-001
 -2.6016056e-001
 -2.4467922e-001
 -2.2718744e-001
 -2.0767939e-001
 -1.8696460e-001
 -1.6706075e-001
 -1.5116873e-001
 -1.4311295e-001
 -1.4633456e-001
 -1.6272555e-001
 -1.9170605e-001
 -2.2991794e-001
 -2.7173179e-001
 -3.1049342e-001
 -3.4016688e-001
 -3.5686367e-001
 -3.5975529e-001
 -3.5105513e-001
 -3.3506862e-001
 -3.1663700e-001
 -2.9952081e-001
 -2.8529790e-001
 -2.7316900e-001
 -2.6073112e-001
 -2.4541377e-001
 -2.2600963e-001
 -2.0367600e-001
 -1.8196519e-001
 -1.6580516e-001
 -1.5976613e-001
 -1.6625666e-001
 -1.8436624e-001
 -2.0986659e-001
 -2.3646190e-001
 -2.5789158e-001
 -2.7012753e-001
 -2.7282294e-001
 -2.6941353e-001
 -2.6576713e-001
 -2.6783970e-001
 -2.7920472e-001
 -2.9940813e-001
 -3.2381461e-001
 -3.4505363e-001
 -3.5555863e-001
 -3.5026243e-001
 -3.2844103e-001
 -2.9401932e-001
 -2.5424084e-001
 -2.1722655e-001
 -1.8935535e-001
 -1.7343343e-001
 -1.6827265e-001
 -1.6971959e-001
 -1.7260851e-001
 -1.7278476e-001
 -1.6838618e-001
 -1.5994668e-001
 -1.4942582e-001
 -1.3873379e-001
 -1.2851339e-001
 -1.1778394e-001
 -1.0462364e-001
 -8.7562305e-002
 -6.7000738e-002
 -4.5926699e-002
 -2.9482770e-002
 -2.3438479e-002
 -3.2113842e-002
 -5.6579749e-002
 -9.3897586e-002
 -1.3777395e-001
 -1.8044986e-001
 -2.1514354e-001
 -2.3812773e-001
 -2.4964744e-001
 -2.5332733e-001
 -2.5430631e-001
 -2.5683773e-001
 -2.6230874e-001
 -2.6847587e-001
 -2.7024482e-001
 -2.6172295e-001
 -2.3877315e-001
 -2.0109144e-001
 -1.5299462e-001
 -1.0257824e-001
 -5.9506973e-002
 -3.2204156e-002
 -2.5425287e-002
 -3.9053992e-002
 -6.8507282e-002
 -1.0655233e-001
 -1.4583811e-001
 -1.8121369e-001
 -2.1101861e-001
 -2.3693759e-001
 -2.6255385e-001
 -2.9121131e-001
 -3.2403467e-001
 -3.5888002e-001
 -3.9063251e-001
 -4.1276686e-001
 -4.1962068e-001
 -4.0856414e-001
 -3.8127275e-001
 -3.4361306e-001
 -3.0412722e-001
 -2.7158817e-001
 -2.5242461e-001
 -2.4887046e-001
 -2.5845695e-001
 -2.7501475e-001
 -2.9084283e-001
 -2.9930538e-001
 -2.9697611e-001
 -2.8461111e-001
 -2.6664258e-001
 -2.4940315e-001
 -2.3873308e-001
 -2.3783355e-001
 -2.4613483e-001
 -2.5958066e-001
 -2.7222009e-001
 -2.7852721e-001
 -2.7560365e-001
 -2.6445461e-001
 -2.4985446e-001
 -2.3881820e-001
 -2.3819497e-001
 -2.5222141e-001
 -2.8090035e-001
 -3.1979099e-001
 -3.6130577e-001
 -3.9707838e-001
 -4.2058685e-001
 -4.2912169e-001
 -4.2442047e-001
 -4.1176455e-001
 -3.9788205e-001
 -3.8842365e-001
 -3.8592055e-001
 -3.8894578e-001
 -3.9275175e-001
 -3.9111683e-001
 -3.7870281e-001
 -3.5305916e-001
 -3.1556665e-001
 -2.7102266e-001
 -2.2607624e-001
 -1.8713027e-001
 -1.5849345e-001
 -1.4143544e-001
 -1.3443178e-001
 -1.3442822e-001
 -1.3857739e-001
 -1.4574074e-001
 -1.5715657e-001
 -1.7600279e-001
 -2.0600574e-001
 -2.4960741e-001
 -3.0637615e-001
 -3.7227265e-001
 -4.4009508e-001
 -5.0102971e-001
 -5.4686334e-001
 -5.7219201e-001
 -5.7595433e-001
 -5.6181885e-001
 -5.3729333e-001
 -5.1179193e-001
 -4.9418680e-001
 -4.9050666e-001
 -5.0239700e-001
 -5.2674576e-001
 -5.5656513e-001
 -5.8288726e-001
 -5.9716475e-001
 -5.9353402e-001
 -5.7033678e-001
 -5.3049548e-001
 -4.8065197e-001
 -4.2932122e-001
 -3.8458723e-001
 -3.5199388e-001
 -3.3321901e-001
 -3.2588021e-001
 -3.2447833e-001
 -3.2214572e-001
 -3.1264105e-001
 -2.9199203e-001
 -2.5934196e-001
 -2.1684608e-001
 -1.6878123e-001
 -1.2026391e-001
 -7.6037248e-002
 -3.9677492e-002
 -1.3342910e-002
  2.0527352e-003
  6.5110028e-003
  7.3516934e-004
 -1.3832803e-002
 -3.4791721e-002
 -5.8609522e-002
 -8.0776502e-002
 -9.6450811e-002
 -1.0154273e-001
 -9.3945018e-002
 -7.4468230e-002
 -4.7059950e-002
 -1.8088583e-002
  5.2078388e-003
  1.6685129e-002
  1.3049196e-002
 -5.1974961e-003
 -3.3979823e-002
 -6.7012801e-002
 -9.7868039e-002
 -1.2204375e-001
 -1.3831787e-001
 -1.4890441e-001
 -1.5835327e-001
 -1.7158160e-001
 -1.9173665e-001
 -2.1865325e-001
 -2.4846151e-001
 -2.7450184e-001
 -2.8925881e-001
 -2.8668760e-001
 -2.6418828e-001
 -2.2361000e-001
 -1.7098600e-001
 -1.1509603e-001
 -6.5297763e-002
 -2.9261898e-002
 -1.1241183e-002
 -1.1317823e-002
 -2.5773974e-002
 -4.8408653e-002
 -7.2373124e-002
 -9.1981291e-002
 -1.0399673e-001
 -1.0808274e-001
 -1.0636705e-001
 -1.0233737e-001
 -9.9468644e-002
 -1.0003475e-001
 -1.0446438e-001
 -1.1139966e-001
 -1.1837564e-001
 -1.2284035e-001
 -1.2314217e-001
 -1.1914878e-001
 -1.1230928e-001
 -1.0517186e-001
 -1.0055083e-001
 -1.0064016e-001
 -1.0636609e-001
 -1.1717010e-001
 -1.3125804e-001
 -1.4620001e-001
 -1.5966771e-001
 -1.7007895e-001
 -1.7697657e-001
 -1.8107154e-001
 -1.8398654e-001
 -1.8781062e-001
 -1.9460249e-001
 -2.0596141e-001
 -2.2274027e-001
 -2.4492711e-001
 -2.7168511e-001
 -3.0152262e-001
 -3.3255796e-001
 -3.6284113e-001
 -3.9068901e-001
 -4.1498295e-001
 -4.3537367e-001
 -4.5234509e-001
 -4.6711007e-001
 -4.8134411e-001
 -4.9679800e-001
 -5.1485990e-001
 -5.3615224e-001
 -5.6024918e-001
 -5.8558746e-001
 -6.0961873e-001
 -6.2921430e-001
 -6.4128281e-001
 -6.4350033e-001
 -6.3499466e-001
 -6.1679339e-001
 -5.9186342e-001
 -5.6465227e-001
 -5.4017839e-001
 -5.2287228e-001
 -5.1548472e-001
 -5.1840098e-001
 -5.2960310e-001
 -5.4532532e-001
 -5.6121446e-001
 -5.7362303e-001
 -5.8060478e-001
 -5.8228084e-001
 -5.8046960e-001
 -5.7774213e-001
 -5.7627279e-001
 -5.7692201e-001
 -5.7888761e-001
 -5.8003627e-001
 -5.7776691e-001
 -5.7006407e-001
 -5.5634182e-001
 -5.3777101e-001
 -5.1698016e-001
 -4.9724393e-001
 -4.8144258e-001
 -4.7113791e-001
 -4.6605722e-001
 -4.6413598e-001
 -4.6209542e-001
 -4.5637616e-001
 -4.4415657e-001
 -4.2417071e-001
 -3.9710572e-001
 -3.6547906e-001
 -3.3304123e-001
 -3.0388056e-001
 -2.8148691e-001
 -2.6803596e-001
 -2.6408072e-001
 -2.6870230e-001
 -2.8002279e-001
 -2.9587114e-001
 -3.1436195e-001
 -3.3420842e-001
 -3.5471971e-001
 -3.7557302e-001
 -3.9653859e-001
 -4.1733196e-001
 -4.3767337e-001
 -4.5749784e-001
 -4.7715147e-001
 -4.9739063e-001
 -5.1908947e-001
 -5.4272066e-001
 -5.6782733e-001
 -5.9276732e-001
 -6.1493837e-001
 -6.3150034e-001
 -6.4037636e-001
 -6.4114585e-001
 -6.3542641e-001
 -6.2650516e-001
 -6.1826838e-001
 -6.1377733e-001
 -6.1401859e-001
 -6.1733497e-001
 -6.1981312e-001
 -6.1655069e-001
 -6.0338614e-001
 -5.7848369e-001
 -5.4320210e-001
 -5.0192606e-001
 -4.6090780e-001
 -4.2651215e-001
 -4.0345291e-001
 -3.9358615e-001
 -3.9560606e-001
 -4.0566416e-001
 -4.1862965e-001
 -4.2953390e-001
 -4.3474581e-001
 -4.3258465e-001
 -4.2331200e-001
 -4.0865768e-001
 -3.9114793e-001
 -3.7349107e-001
 -3.5816628e-001
 -3.4721889e-001
 -3.4216297e-001
 -3.4387055e-001
 -3.5238790e-001
 -3.6672145e-001
 -3.8472111e-001
 -4.0320741e-001
 -4.1842531e-001
 -4.2678521e-001
 -4.2572206e-001
 -4.1442487e-001
 -3.9419662e-001
 -3.6830249e-001
 -3.4131792e-001
 -3.1814428e-001
 -3.0296333e-001
 -2.9841857e-001
 -3.0523563e-001
 -3.2235238e-001
 -3.4746892e-001
 -3.7780174e-001
 -4.1077632e-001
 -4.4443639e-001
 -4.7746908e-001
 -5.0890178e-001
 -5.3765963e-001
 -5.6223078e-001
 -5.8064483e-001
 -5.9083833e-001
 -5.9131021e-001
 -5.8182356e-001
 -5.6385204e-001
 -5.4052944e-001
 -5.1602723e-001
 -4.9450146e-001
 -4.7893698e-001
 -4.7029581e-001
 -4.6730557e-001
 -4.6701458e-001
 -4.6595992e-001
 -4.6154832e-001
 -4.5313697e-001
 -4.4238032e-001
 -4.3266422e-001
 -4.2779262e-001
 -4.3039412e-001
 -4.4065407e-001
 -4.5588865e-001
 -4.7118519e-001
 -4.8094226e-001
 -4.8079923e-001
 -4.6928017e-001
 -4.4855302e-001
 -4.2399873e-001
 -4.0268956e-001
 -3.9125030e-001
 -3.9378988e-001
 -4.1057435e-001
 -4.3787342e-001
 -4.6903553e-001
 -4.9645380e-001
 -5.1380548e-001
 -5.1786726e-001
 -5.0934963e-001
 -4.9250903e-001
 -4.7368228e-001
 -4.5922198e-001
 -4.5348749e-001
 -4.5751175e-001
 -4.6873334e-001
 -4.8183619e-001
 -4.9039008e-001
 -4.8874765e-001
 -4.7360337e-001
 -4.4476424e-001
 -4.0496632e-001
 -3.5889120e-001
 -3.1178140e-001
 -2.6814370e-001
 -2.3094322e-001
 -2.0147317e-001
 -1.7982289e-001
 -1.6565831e-001
 -1.5894393e-001
 -1.6029374e-001
 -1.7080669e-001
 -1.9145310e-001
 -2.2225580e-001
 -2.6159635e-001
 -3.0594878e-001
 -3.5021235e-001
 -3.8862325e-001
 -4.1603028e-001
 -4.2917970e-001
 -4.2761688e-001
 -4.1389374e-001
 -3.9295773e-001
 -3.7084045e-001
 -3.5298851e-001
 -3.4271433e-001
 -3.4023609e-001
 -3.4261859e-001
 -3.4466172e-001
 -3.4049261e-001
 -3.2539609e-001
 -2.9733986e-001
 -2.5774223e-001
 -2.1126314e-001
 -1.6469552e-001
 -1.2529921e-001
 -9.9071192e-002
 -8.9439983e-002
 -9.6719084e-002
 -1.1840882e-001
 -1.5017870e-001
 -1.8717422e-001
 -2.2522672e-001
 -2.6161706e-001
 -2.9522255e-001
 -3.2609982e-001
 -3.5474735e-001
 -3.8138533e-001
 -4.0555577e-001
 -4.2619572e-001
 -4.4212798e-001
 -4.5272739e-001
 -4.5843365e-001
 -4.6083257e-001
 -4.6220378e-001
 -4.6466650e-001
 -4.6925056e-001
 -4.7529149e-001
 -4.8045575e-001
 -4.8147178e-001
 -4.7535949e-001
 -4.6072814e-001
 -4.3864531e-001
 -4.1270375e-001
 -3.8819140e-001
 -3.7060047e-001
 -3.6396887e-001
 -3.6963079e-001
 -3.8582489e-001
 -4.0831121e-001
 -4.3178919e-001
 -4.5162011e-001
 -4.6524664e-001
 -4.7281169e-001
 -4.7677063e-001
 -4.8065870e-001
 -4.8748447e-001
 -4.9835676e-001
 -5.1186654e-001
 -5.2446753e-001
 -5.3173200e-001
 -5.3003420e-001
 -5.1805267e-001
 -4.9754024e-001
 -4.7306689e-001
 -4.5080041e-001
 -4.3672405e-001
 -4.3487906e-001
 -4.4620035e-001
 -4.6829908e-001
 -4.9622088e-001
 -5.2389196e-001
 -5.4576802e-001
 -5.5818011e-001
 -5.6001771e-001
 -5.5263458e-001
 -5.3911170e-001
 -5.2318243e-001
 -5.0817462e-001
 -4.9625878e-001
 -4.8815307e-001
 -4.8328125e-001
 -4.8025711e-001
 -4.7750576e-001
 -4.7383122e-001
 -4.6878729e-001
 -4.6278076e-001
 -4.5691031e-001
 -4.5260279e-001
 -4.5114380e-001
 -4.5321088e-001
 -4.5851271e-001
 -4.6562166e-001
 -4.7206264e-001
 -4.7468477e-001
 -4.7028870e-001
 -4.5641376e-001
 -4.3211707e-001
 -3.9852826e-001
 -3.5896832e-001
 -3.1849922e-001
 -2.8291825e-001
 -2.5739175e-001
 -2.4507827e-001
 -2.4615658e-001
 -2.5760821e-001
 -2.7390869e-001
 -2.8850603e-001
 -2.9569873e-001
 -2.9236176e-001
 -2.7897649e-001
 -2.5961043e-001
 -2.4081185e-001
 -2.2973117e-001
 -2.3203677e-001
 -2.5026654e-001
 -2.8311833e-001
 -3.2587667e-001
 -3.7180449e-001
 -4.1402535e-001
 -4.4728774e-001
 -4.6908018e-001
 -4.7981794e-001
 -4.8215127e-001
 -4.7972945e-001
 -4.7589603e-001
 -4.7275129e-001
 -4.7082833e-001
 -4.6937644e-001
 -4.6702931e-001
 -4.6253333e-001
 -4.5524692e-001
 -4.4526311e-001
 -4.3318588e-001
 -4.1972935e-001
 -4.0535942e-001
 -3.9014990e-001
 -3.7391191e-001
 -3.5652892e-001
 -3.3834134e-001
 -3.2040355e-001
 -3.0448449e-001
 -2.9277622e-001
 -2.8737939e-001
 -2.8971501e-001
 -3.0004498e-001
 -3.1726053e-001
 -3.3902370e-001
 -3.6224274e-001
 -3.8375810e-001
 -4.0104413e-001
 -4.1272042e-001
 -4.1872513e-001
 -4.2011441e-001
 -4.1858165e-001
 -4.1588627e-001
 -4.1340579e-001
 -4.1196252e-001
 -4.1194983e-001
 -4.1364495e-001
 -4.1750703e-001
 -4.2426395e-001
 -4.3469306e-001
 -4.4915943e-001
 -4.6711849e-001
 -4.8684893e-001
 -5.0561835e-001
 -5.2031519e-001
 -5.2837182e-001
 -5.2864629e-001
 -5.2189935e-001
 -5.1062460e-001
 -4.9822605e-001
 -4.8779855e-001
 -4.8094784e-001
 -4.7710958e-001
 -4.7367132e-001
 -4.6691812e-001
 -4.5351358e-001
 -4.3200826e-001
 -4.0382277e-001
 -3.7330754e-001
 -3.4678669e-001
 -3.3084528e-001
 -3.3039607e-001
 -3.4716237e-001
 -3.7909866e-001
 -4.2097215e-001
 -4.6594367e-001
 -5.0764265e-001
 -5.4204825e-001
 -5.6853394e-001
 -5.8969953e-001
 -6.1001838e-001
 -6.3373670e-001
 -6.6273419e-001
 -6.9509565e-001
 -7.2493013e-001
 -7.4357617e-001
 -7.4188079e-001
 -7.1288667e-001
 -6.5412420e-001
 -5.6882322e-001
 -4.6568872e-001
 -3.5730916e-001
 -2.5764620e-001
 -1.7927284e-001
 -1.3103155e-001
 -1.1659816e-001
 -1.3414583e-001
 -1.7701587e-001
 -2.3510813e-001
 -2.9664188e-001
 -3.4998806e-001
 -3.8537121e-001
 -3.9631323e-001
 -3.8070002e-001
 -3.4130592e-001
 -2.8556889e-001
 -2.2444601e-001
 -1.7034448e-001
 -1.3440245e-001
 -1.2369947e-001
 -1.3917350e-001
 -1.7498558e-001
 -2.1975124e-001
 -2.5951003e-001
 -2.8169992e-001
 -2.7896744e-001
 -2.5156917e-001
 -2.0748386e-001
 -1.6006993e-001
 -1.2393683e-001
 -1.1035006e-001
 -1.2370391e-001
 -1.6026855e-001
 -2.0964653e-001
 -2.5842686e-001
 -2.9474844e-001
 -3.1216614e-001
 -3.1147533e-001
 -2.9989733e-001
 -2.8798522e-001
 -2.8542235e-001
 -2.9726061e-001
 -3.2195241e-001
 -3.5185207e-001
 -3.7595927e-001
 -3.8388341e-001
 -3.6960710e-001
 -3.3374735e-001
 -2.8358786e-001
 -2.3095514e-001
 -1.8873693e-001
 -1.6724099e-001
 -1.7154964e-001
 -2.0059231e-001
 -2.4802638e-001
 -3.0442751e-001
 -3.5994829e-001
 -4.0659512e-001
 -4.3955268e-001
 -4.5740527e-001
 -4.6148804e-001
 -4.5481373e-001
 -4.4101955e-001
 -4.2361331e-001
 -4.0557552e-001
 -3.8920498e-001
 -3.7604045e-001
 -3.6674975e-001
 -3.6099273e-001
 -3.5736223e-001
 -3.5353307e-001
 -3.4668994e-001
 -3.3419168e-001
 -3.1431502e-001
 -2.8685753e-001
 -2.5339453e-001
 -2.1707311e-001
 -1.8195843e-001
 -1.5207768e-001
 -1.3039874e-001
 -1.1800735e-001
 -1.1370617e-001
 -1.1416229e-001
 -1.1460155e-001
 -1.0991525e-001
 -9.5936572e-002
 -7.0585167e-002
 -3.4586091e-002
  8.4494455e-003
  5.2650577e-002
  9.1112794e-002
  1.1744930e-001
  1.2728554e-001
  1.1930307e-001
  9.5538513e-002
  6.0835678e-002
  2.1587221e-002
 -1.5884175e-002
 -4.6834287e-002
 -6.9045750e-002
 -8.2935744e-002
 -9.0815919e-002
 -9.5588957e-002
 -9.9371684e-002
 -1.0257031e-001
 -1.0377142e-001
 -1.0049979e-001
 -9.0544472e-002
 -7.3306002e-002
 -5.0580653e-002
 -2.6401533e-002
 -5.9311627e-003
  6.2016380e-003
  7.4739528e-003
 -1.6904357e-003
 -1.8175568e-002
 -3.7444927e-002
 -5.5324989e-002
 -6.9565950e-002
 -8.0517930e-002
 -9.0617568e-002
 -1.0287963e-001
 -1.1902553e-001
 -1.3806825e-001
 -1.5602253e-001
 -1.6696900e-001
 -1.6514210e-001
 -1.4726090e-001
 -1.1416855e-001
 -7.1066876e-002
 -2.6151248e-002
  1.1928727e-002
  3.6882995e-002
  4.6834111e-002
  4.4841140e-002
  3.7696257e-002
  3.3447907e-002
  3.8580850e-002
  5.5896471e-002
  8.3845125e-002
  1.1748751e-001
  1.5063774e-001
  1.7831434e-001
  1.9855757e-001
  2.1297180e-001
  2.2588211e-001
  2.4253112e-001
  2.6707345e-001
  3.0113514e-001
  3.4341659e-001
  3.9036878e-001
  4.3755718e-001
  4.8110568e-001
  5.1865462e-001
  5.4952932e-001
  5.7417261e-001
  5.9319450e-001
  6.0652055e-001
  6.1303993e-001
