 -3.9144931e-001
 -3.9004990e-001
 -3.8756701e-001
 -3.8427020e-001
 -3.8046033e-001
 -3.7642806e-001
 -3.7242940e-001
 -3.6867853e-001
 -3.6535259e-001
 -3.6259979e-001
 -3.6054253e-001
 -3.5927114e-001
 -3.5882885e-001
 -3.5919358e-001
 -3.6026461e-001
 -3.6186161e-001
 -3.6373960e-001
 -3.6561862e-001
 -3.6722187e-001
 -3.6831380e-001
 -3.6872995e-001
 -3.6839341e-001
 -3.6731724e-001
 -3.6559593e-001
 -3.6339099e-001
 -3.6091502e-001
 -3.5841640e-001
 -3.5616385e-001
 -3.5442854e-001
 -3.5346212e-001
 -3.5347158e-001
 -3.5459481e-001
 -3.5688286e-001
 -3.6029416e-001
 -3.6470291e-001
 -3.6991901e-001
 -3.7571303e-001
 -3.8183826e-001
 -3.8804365e-001
 -3.9407631e-001
 -3.9967807e-001
 -4.0458447e-001
 -4.0853504e-001
 -4.1130039e-001
 -4.1272435e-001
 -4.1277214e-001
 -4.1156974e-001
 -4.0941874e-001
 -4.0677545e-001
 -4.0419201e-001
 -4.0222852e-001
 -4.0135486e-001
 -4.0186581e-001
 -4.0383122e-001
 -4.0709460e-001
 -4.1132014e-001
 -4.1607454e-001
 -4.2091995e-001
 -4.2549100e-001
 -4.2953447e-001
 -4.3290260e-001
 -4.3550727e-001
 -4.3725611e-001
 -4.3799938e-001
 -4.3751371e-001
 -4.3553623e-001
 -4.3184461e-001
 -4.2635919e-001
 -4.1923234e-001
 -4.1088955e-001
 -4.0199971e-001
 -3.9337369e-001
 -3.8581451e-001
 -3.7995976e-001
 -3.7616180e-001
 -3.7444080e-001
 -3.7452323e-001
 -3.7595159e-001
 -3.7822904e-001
 -3.8095280e-001
 -3.8389585e-001
 -3.8701589e-001
 -3.9039551e-001
 -3.9414080e-001
 -3.9827829e-001
 -4.0268827e-001
 -4.0709820e-001
 -4.1113763e-001
 -4.1443443e-001
 -4.1671838e-001
 -4.1789665e-001
 -4.1807666e-001
 -4.1753016e-001
 -4.1661247e-001
 -4.1566467e-001
 -4.1493023e-001
 -4.1451038e-001
 -4.1436752e-001
 -4.1436933e-001
 -4.1435380e-001
 -4.1419068e-001
 -4.1381966e-001
 -4.1325571e-001
 -4.1256484e-001
 -4.1182256e-001
 -4.1107198e-001
 -4.1029572e-001
 -4.0941018e-001
 -4.0828205e-001
 -4.0676083e-001
 -4.0471690e-001
 -4.0207480e-001
 -3.9883383e-001
 -3.9507211e-001
 -3.9093473e-001
 -3.8660952e-001
 -3.8229621e-001
 -3.7817496e-001
 -3.7437994e-001
 -3.7098250e-001
 -3.6798707e-001
 -3.6534133e-001
 -3.6296002e-001
 -3.6075873e-001
 -3.5869158e-001
 -3.5678369e-001
 -3.5514921e-001
 -3.5398740e-001
 -3.5355404e-001
 -3.5411253e-001
 -3.5587520e-001
 -3.5894971e-001
 -3.6330534e-001
 -3.6876854e-001
 -3.7504947e-001
 -3.8179158e-001
 -3.8862999e-001
 -3.9524214e-001
 -4.0137752e-001
 -4.0686063e-001
 -4.1157014e-001
 -4.1540520e-001
 -4.1825316e-001
 -4.1997212e-001
 -4.2039602e-001
 -4.1936219e-001
 -4.1675344e-001
 -4.1254236e-001
 -4.0682444e-001
 -3.9983077e-001
 -3.9191703e-001
 -3.8353229e-001
 -3.7517583e-001
 -3.6735178e-001
 -3.6052939e-001
 -3.5511327e-001
 -3.5142340e-001
 -3.4968250e-001
 -3.5000768e-001
 -3.5240463e-001
 -3.5676535e-001
 -3.6287203e-001
 -3.7040993e-001
 -3.7899104e-001
 -3.8818687e-001
 -3.9756591e-001
 -4.0672903e-001
 -4.1533617e-001
 -4.2311948e-001
 -4.2988249e-001
 -4.3548850e-001
 -4.3984477e-001
 -4.4288947e-001
 -4.4458656e-001
 -4.4492968e-001
 -4.4395228e-001
 -4.4173831e-001
 -4.3842747e-001
 -4.3421118e-001
 -4.2931919e-001
 -4.2399999e-001
 -4.1850033e-001
 -4.1304865e-001
 -4.0784518e-001
 -4.0305862e-001
 -3.9882718e-001
 -3.9526141e-001
 -3.9244740e-001
 -3.9045066e-001
 -3.8932228e-001
 -3.8910840e-001
 -3.8986203e-001
 -3.9165301e-001
 -3.9457056e-001
 -3.9871239e-001
 -4.0415840e-001
 -4.1093181e-001
 -4.1895662e-001
 -4.2802396e-001
 -4.3777969e-001
 -4.4774145e-001
 -4.5734572e-001
 -4.6601729e-001
 -4.7324670e-001
 -4.7865914e-001
 -4.8206006e-001
 -4.8344895e-001
 -4.8300096e-001
 -4.8102300e-001
 -4.7789669e-001
 -4.7402126e-001
 -4.6976782e-001
 -4.6545174e-001
 -4.6132412e-001
 -4.5757861e-001
 -4.5436646e-001
 -4.5181175e-001
 -4.5002012e-001
 -4.4907707e-001
 -4.4903561e-001
 -4.4989660e-001
 -4.5158812e-001
 -4.5395112e-001
 -4.5673836e-001
 -4.5963085e-001
 -4.6227190e-001
 -4.6431419e-001
 -4.6547082e-001
 -4.6555902e-001
 -4.6452597e-001
 -4.6244931e-001
 -4.5951176e-001
 -4.5595520e-001
 -4.5202595e-001
 -4.4792519e-001
 -4.4377742e-001
 -4.3962435e-001
 -4.3544449e-001
 -4.3119027e-001
 -4.2682962e-001
 -4.2237725e-001
 -4.1790490e-001
 -4.1352687e-001
 -4.0936666e-001
 -4.0551748e-001
 -4.0201225e-001
 -3.9881610e-001
 -3.9584638e-001
 -3.9301520e-001
 -3.9028071e-001
 -3.8768912e-001
 -3.8539168e-001
 -3.8362818e-001
 -3.8267987e-001
 -3.8280385e-001
 -3.8416735e-001
 -3.8679991e-001
 -3.9057556e-001
 -3.9522850e-001
 -4.0039637e-001
 -4.0567901e-001
 -4.1069870e-001
 -4.1514961e-001
 -4.1882912e-001
 -4.2164898e-001
 -4.2362831e-001
 -4.2487324e-001
 -4.2554813e-001
 -4.2584331e-001
 -4.2594364e-001
 -4.2600180e-001
 -4.2611970e-001
 -4.2634094e-001
 -4.2665489e-001
 -4.2701096e-001
 -4.2733846e-001
 -4.2756602e-001
 -4.2763462e-001
 -4.2750081e-001
 -4.2713042e-001
 -4.2648727e-001
 -4.2552361e-001
 -4.2417917e-001
 -4.2239224e-001
 -4.2012177e-001
 -4.1737463e-001
 -4.1422921e-001
 -4.1084693e-001
 -4.0746634e-001
 -4.0437987e-001
 -4.0189826e-001
 -4.0031111e-001
 -3.9985246e-001
 -4.0067754e-001
 -4.0285285e-001
 -4.0635725e-001
 -4.1108936e-001
 -4.1687601e-001
 -4.2347926e-001
 -4.3060207e-001
 -4.3789608e-001
 -4.4497582e-001
 -4.5144252e-001
 -4.5691727e-001
 -4.6107983e-001
 -4.6370568e-001
 -4.6469363e-001
 -4.6407736e-001
 -4.6201863e-001
 -4.5878423e-001
 -4.5471270e-001
 -4.5017863e-001
 -4.4556128e-001
 -4.4122098e-001
 -4.3748310e-001
 -4.3462616e-001
 -4.3286968e-001
 -4.3235931e-001
 -4.3314954e-001
 -4.3518849e-001
 -4.3831047e-001
 -4.4224205e-001
 -4.4662360e-001
 -4.5104379e-001
 -4.5508012e-001
 -4.5833676e-001
 -4.6047254e-001
 -4.6121612e-001
 -4.6037121e-001
 -4.5781875e-001
 -4.5352392e-001
 -4.4755227e-001
 -4.4009300e-001
 -4.3148023e-001
 -4.2219904e-001
 -4.1286421e-001
 -4.0416601e-001
 -3.9678813e-001
 -3.9131322e-001
 -3.8813823e-001
 -3.8742084e-001
 -3.8907081e-001
 -3.9278686e-001
 -3.9812658e-001
 -4.0458767e-001
 -4.1167744e-001
 -4.1895421e-001
 -4.2603603e-001
 -4.3258497e-001
 -4.3828382e-001
 -4.4282305e-001
 -4.4591026e-001
 -4.4730298e-001
 -4.4685507e-001
 -4.4456005e-001
 -4.4057459e-001
 -4.3521194e-001
 -4.2890520e-001
 -4.2215039e-001
 -4.1544485e-001
 -4.0923658e-001
 -4.0389421e-001
 -3.9969876e-001
 -3.9685018e-001
 -3.9547746e-001
 -3.9564185e-001
 -3.9732780e-001
 -4.0042401e-001
 -4.0470340e-001
 -4.0981354e-001
 -4.1528790e-001
 -4.2058200e-001
 -4.2513102e-001
 -4.2841835e-001
 -4.3004055e-001
 -4.2975486e-001
 -4.2749949e-001
 -4.2338441e-001
 -4.1765720e-001
 -4.1065435e-001
 -4.0275047e-001
 -3.9431640e-001
 -3.8569321e-001
 -3.7718335e-001
 -3.6905539e-001
 -3.6155569e-001
 -3.5491998e-001
 -3.4937983e-001
 -3.4516209e-001
 -3.4248206e-001
 -3.4153252e-001
 -3.4247035e-001
 -3.4540054e-001
 -3.5035630e-001
 -3.5727414e-001
 -3.6596570e-001
 -3.7609255e-001
 -3.8715436e-001
 -3.9850241e-001
 -4.0938728e-001
 -4.1904115e-001
 -4.2678426e-001
 -4.3213438e-001
 -4.3489303e-001
 -4.3518418e-001
 -4.3343189e-001
 -4.3027876e-001
 -4.2646349e-001
 -4.2268687e-001
 -4.1949835e-001
 -4.1722837e-001
 -4.1597805e-001
 -4.1566127e-001
 -4.1608074e-001
 -4.1701242e-001
 -4.1827396e-001
 -4.1976058e-001
 -4.2144387e-001
 -4.2334035e-001
 -4.2546504e-001
 -4.2778775e-001
 -4.3020736e-001
 -4.3255225e-001
 -4.3460697e-001
 -4.3615721e-001
 -4.3704031e-001
 -4.3718707e-001
 -4.3664296e-001
 -4.3556264e-001
 -4.3417831e-001
 -4.3274996e-001
 -4.3150998e-001
 -4.3061648e-001
 -4.3012700e-001
 -4.2999856e-001
 -4.3011226e-001
 -4.3031354e-001
 -4.3045482e-001
 -4.3042738e-001
 -4.3017339e-001
 -4.2967657e-001
 -4.2893728e-001
 -4.2794349e-001
 -4.2664989e-001
 -4.2497419e-001
 -4.2281257e-001
 -4.2006889e-001
 -4.1668713e-001
 -4.1267532e-001
 -4.0811274e-001
 -4.0313893e-001
 -3.9792994e-001
 -3.9267174e-001
 -3.8754112e-001
 -3.8270031e-001
 -3.7830492e-001
 -3.7451850e-001
 -3.7152337e-001
 -3.6951872e-001
 -3.6870148e-001
 -3.6923319e-001
 -3.7120188e-001
 -3.7459137e-001
 -3.7926849e-001
 -3.8499325e-001
 -3.9144961e-001
 -3.9828767e-001
 -4.0516494e-001
 -4.1177532e-001
 -4.1785924e-001
 -4.2319562e-001
 -4.2758284e-001
 -4.3082024e-001
 -4.3270165e-001
 -4.3302846e-001
 -4.3164285e-001
 -4.2847403e-001
 -4.2358477e-001
 -4.1720311e-001
 -4.0972721e-001
 -4.0169769e-001
 -3.9374045e-001
 -3.8649104e-001
 -3.8051603e-001
 -3.7624743e-001
 -3.7394150e-001
 -3.7366734e-001
 -3.7532282e-001
 -3.7867085e-001
 -3.8338625e-001
 -3.8910403e-001
 -3.9546190e-001
 -4.0213243e-001
 -4.0884225e-001
 -4.1537761e-001
 -4.2157743e-001
 -4.2731710e-001
 -4.3248879e-001
 -4.3698576e-001
 -4.4069782e-001
 -4.4352223e-001
 -4.4538884e-001
 -4.4629223e-001
 -4.4631897e-001
 -4.4565735e-001
 -4.4458114e-001
 -4.4340654e-001
 -4.4243065e-001
 -4.4186700e-001
 -4.4179575e-001
 -4.4214305e-001
 -4.4269555e-001
 -4.4314630e-001
 -4.4315963e-001
 -4.4243776e-001
 -4.4077342e-001
 -4.3807780e-001
 -4.3438151e-001
 -4.2981388e-001
 -4.2457086e-001
 -4.1888277e-001
 -4.1299055e-001
 -4.0713382e-001
 -4.0154919e-001
 -3.9647308e-001
 -3.9214289e-001
 -3.8879158e-001
 -3.8663465e-001
 -3.8585176e-001
 -3.8656799e-001
 -3.8884007e-001
 -3.9265122e-001
 -3.9791541e-001
 -4.0448875e-001
 -4.1218377e-001
 -4.2078174e-001
 -4.3003993e-001
 -4.3969295e-001
 -4.4945005e-001
 -4.5899251e-001
 -4.6797598e-001
 -4.7604180e-001
 -4.8283919e-001
 -4.8805705e-001
 -4.9146039e-001
 -4.9292363e-001
 -4.9245135e-001
 -4.9017862e-001
 -4.8634697e-001
 -4.8125904e-001
 -4.7522271e-001
 -4.6850120e-001
 -4.6128703e-001
 -4.5371188e-001
 -4.4589271e-001
 -4.3799922e-001
 -4.3031554e-001
 -4.2326440e-001
 -4.1737067e-001
 -4.1316133e-001
 -4.1102542e-001
 -4.1108027e-001
 -4.1309900e-001
 -4.1654151e-001
 -4.2069798e-001
 -4.2490987e-001
 -4.2879463e-001
 -4.3238435e-001
 -4.3610695e-001
 -4.4059043e-001
 -4.4634071e-001
 -4.5340701e-001
 -4.6117616e-001
 -4.6841133e-001
 -4.7357054e-001
 -4.7532929e-001
 -4.7312948e-001
 -4.6752874e-001
 -4.6016080e-001
 -4.5324145e-001
 -4.4873145e-001
 -4.4743542e-001
 -4.4840168e-001
 -4.4894081e-001
 -4.4539122e-001
 -4.3447872e-001
 -4.1483914e-001
 -3.8811406e-001
 -3.5907588e-001
 -3.3451288e-001
 -3.2103935e-001
 -3.2244866e-001
 -3.3752255e-001
 -3.5920672e-001
 -3.7571215e-001
 -3.7348543e-001
 -3.4130414e-001
 -2.7424421e-001
 -1.7614841e-001
 -5.9587590e-002
  5.6933029e-002
  1.5384819e-001
  2.1605075e-001
  2.3729786e-001
  2.2201922e-001
  1.8384114e-001
  1.4121608e-001
  1.1153634e-001
  1.0566049e-001
  1.2468224e-001
  1.6003387e-001
  1.9687898e-001
  2.1960315e-001
  2.1746607e-001
  1.8841322e-001
  1.3970137e-001
  8.5145152e-002
  4.0026460e-002
  1.5566252e-002
  1.5011328e-002
  3.2771511e-002
  5.6883174e-002
  7.3814364e-002
  7.3749182e-002
  5.4332070e-002
  2.1472289e-002
 -1.3043077e-002
 -3.6155562e-002
 -3.8565488e-002
 -1.8275694e-002
  1.8642438e-002
  6.0262636e-002
  9.3075395e-002
  1.0666916e-001
  9.7099800e-002
  6.7800595e-002
  2.7850903e-002
 -1.1606744e-002
 -4.1394397e-002
 -5.7302737e-002
 -6.1073296e-002
 -5.9147744e-002
 -5.9767877e-002
 -6.9534081e-002
 -9.0633640e-002
 -1.1964697e-001
 -1.4827796e-001
 -1.6574252e-001
 -1.6207540e-001
 -1.3139066e-001
 -7.4176456e-002
  2.0298742e-003
  8.3838275e-002
  1.5487427e-001
  1.9969913e-001
  2.0785011e-001
  1.7694431e-001
  1.1391841e-001
  3.3881305e-002
 -4.3318721e-002
 -9.8020764e-002
 -1.1584313e-001
 -9.1443461e-002
 -2.9766897e-002
  5.5649210e-002
  1.4679424e-001
  2.2638952e-001
  2.8247375e-001
  3.1090528e-001
  3.1509939e-001
  3.0335078e-001
  2.8497086e-001
  2.6684716e-001
  2.5175444e-001
  2.3892892e-001
  2.2640184e-001
  2.1380602e-001
  2.0416063e-001
  2.0360468e-001
  2.1900148e-001
  2.5436950e-001
  3.0775366e-001
  3.7012405e-001
  4.2714787e-001
  4.6350304e-001
  4.6826943e-001
  4.3933111e-001
  3.8493850e-001
  3.2157088e-001
  2.6864326e-001
  2.4186549e-001
  2.4767164e-001
  2.8082519e-001
  3.2616595e-001
  3.6392416e-001
  3.7668010e-001
  3.5541874e-001
  3.0246741e-001
  2.3028061e-001
  1.5659770e-001
  9.7844791e-002
  6.3270503e-002
  5.1973581e-002
  5.3843295e-002
  5.3942848e-002
  3.8595177e-002
  8.5118524e-004
 -5.6675617e-002
 -1.2258660e-001
 -1.8071309e-001
 -2.1583967e-001
 -2.1906025e-001
 -1.9091468e-001
 -1.4131513e-001
 -8.6419819e-002
 -4.3622827e-002
 -2.6366400e-002
 -4.0408111e-002
 -8.2577787e-002
 -1.4219163e-001
 -2.0446552e-001
 -2.5474192e-001
 -2.8223973e-001
 -2.8232907e-001
 -2.5688048e-001
 -2.1284564e-001
 -1.5971138e-001
 -1.0670817e-001
 -6.0612898e-002
 -2.4704063e-002
  9.8857713e-004
  1.8419204e-002
  2.9825387e-002
  3.6265399e-002
  3.6933165e-002
  2.9478700e-002
  1.1180117e-002
 -1.9505383e-002
 -6.1627830e-002
 -1.1120275e-001
 -1.6170018e-001
 -2.0545505e-001
 -2.3556272e-001
 -2.4765469e-001
 -2.4099255e-001
 -2.1855051e-001
 -1.8608880e-001
 -1.5053462e-001
 -1.1818190e-001
 -9.3241689e-002
 -7.7130940e-002
 -6.8635974e-002
 -6.4815505e-002
 -6.2298061e-002
 -5.8537570e-002
 -5.2636402e-002
 -4.5505633e-002
 -3.9354761e-002
 -3.6718439e-002
 -3.9370194e-002
 -4.7498665e-002
 -5.9423735e-002
 -7.1941890e-002
 -8.1177799e-002
 -8.3657514e-002
 -7.7264067e-002
 -6.1803422e-002
 -3.9063814e-002
 -1.2426217e-002
  1.3794856e-002
  3.5076240e-002
  4.7338755e-002
  4.7494690e-002
  3.3931184e-002
  6.9636369e-003
 -3.0794435e-002
 -7.4312911e-002
 -1.1650374e-001
 -1.4921762e-001
 -1.6484203e-001
 -1.5819635e-001
 -1.2819768e-001
 -7.8710164e-002
 -1.8155408e-002
  4.2177872e-002
  9.0747340e-002
  1.1856371e-001
  1.2134120e-001
  1.0032053e-001
  6.1519140e-002
  1.3688260e-002
 -3.4313853e-002
 -7.5850035e-002
 -1.0780083e-001
 -1.3051008e-001
 -1.4657677e-001
 -1.5910994e-001
 -1.7022451e-001
 -1.8039883e-001
 -1.8890685e-001
 -1.9504529e-001
 -1.9950187e-001
 -2.0511344e-001
 -2.1649215e-001
 -2.3847535e-001
 -2.7389309e-001
 -3.2152802e-001
 -3.7519469e-001
 -4.2453974e-001
 -4.5755896e-001
 -4.6415697e-001
 -4.3959633e-001
 -3.8659659e-001
 -3.1521400e-001
 -2.4035466e-001
 -1.7760195e-001
 -1.3867235e-001
 -1.2800657e-001
 -1.4166116e-001
 -1.6889327e-001
 -1.9589605e-001
 -2.1038783e-001
 -2.0546646e-001
 -1.8142637e-001
 -1.4499558e-001
 -1.0639513e-001
 -7.5397766e-002
 -5.7875232e-002
 -5.4068960e-002
 -5.9111324e-002
 -6.5451424e-002
 -6.6139900e-002
 -5.7660289e-002
 -4.1239356e-002
 -2.2204586e-002
 -7.7204353e-003
 -3.8305382e-003
 -1.2948598e-002
 -3.2721351e-002
 -5.6643973e-002
 -7.6162751e-002
 -8.3491112e-002
 -7.4160760e-002
 -4.8472832e-002
 -1.1422402e-002
  2.8818703e-002
  6.3335799e-002
  8.5055303e-002
  9.0715246e-002
  8.1674967e-002
  6.3362481e-002
  4.3534319e-002
  2.9840673e-002
  2.7382621e-002
  3.6977256e-002
  5.4694451e-002
  7.2911024e-002
  8.2700494e-002
  7.6941257e-002
  5.3215510e-002
  1.5511557e-002
 -2.5998747e-002
 -5.7291276e-002
 -6.4429376e-002
 -3.8010488e-002
  2.3276025e-002
  1.1122265e-001
  2.0946079e-001
  2.9739234e-001
  3.5563492e-001
  3.7137177e-001
  3.4195439e-001
  2.7560701e-001
  1.8897500e-001
  1.0225443e-001
  3.3407247e-002
 -6.7536359e-003
 -1.7125613e-002
 -5.8192587e-003
  1.3109499e-002
  2.4537148e-002
  1.7133042e-002
 -1.3342202e-002
 -6.3260426e-002
 -1.2295962e-001
 -1.8041801e-001
 -2.2543984e-001
 -2.5293232e-001
 -2.6423229e-001
 -2.6614027e-001
 -2.6809146e-001
 -2.7848470e-001
 -3.0142465e-001
 -3.3495492e-001
 -3.7135171e-001
 -3.9938156e-001
 -4.0781488e-001
 -3.8910855e-001
 -3.4212860e-001
 -2.7307598e-001
 -1.9430818e-001
 -1.2135957e-001
 -6.8977709e-002
 -4.7271899e-002
 -5.9038508e-002
 -9.9000113e-002
 -1.5516452e-001
 -2.1192508e-001
 -2.5404842e-001
 -2.7046291e-001
 -2.5683591e-001
 -2.1628755e-001
 -1.5812714e-001
 -9.5056773e-002
 -3.9699599e-002
 -1.4571852e-003
  1.5456501e-002
  1.2359627e-002
 -5.1064320e-003
 -2.9215784e-002
 -5.2647074e-002
 -7.0456773e-002
 -8.1026245e-002
 -8.5861338e-002
 -8.8499544e-002
 -9.3015454e-002
 -1.0264894e-001
 -1.1893343e-001
 -1.4146034e-001
 -1.6818834e-001
 -1.9607304e-001
 -2.2177888e-001
 -2.4230563e-001
 -2.5545410e-001
 -2.6011463e-001
 -2.5637013e-001
 -2.4538935e-001
 -2.2908868e-001
 -2.0959454e-001
 -1.8863290e-001
 -1.6705865e-001
 -1.4475100e-001
 -1.2100299e-001
 -9.5337843e-002
 -6.8467490e-002
 -4.2970097e-002
 -2.3287484e-002
 -1.4849444e-002
 -2.2458897e-002
 -4.8397648e-002
 -9.0902504e-002
 -1.4362522e-001
 -1.9642060e-001
 -2.3738869e-001
 -2.5567282e-001
 -2.4423536e-001
 -2.0179772e-001
 -1.3335613e-001
 -4.9095602e-002
  3.8011667e-002
  1.1526694e-001
  1.7313999e-001
  2.0724636e-001
  2.1893317e-001
  2.1439095e-001
  2.0260040e-001
  1.9271016e-001
  1.9156061e-001
  2.0199916e-001
  2.2240100e-001
  2.4747643e-001
  2.7009500e-001
  2.8357722e-001
  2.8377390e-001
  2.7031684e-001
  2.4667531e-001
  2.1902592e-001
  1.9432369e-001
  1.7822159e-001
  1.7352632e-001
  1.7967595e-001
  1.9334899e-001
  2.0990394e-001
  2.2506281e-001
  2.3620401e-001
  2.4283392e-001
  2.4617286e-001
  2.4816012e-001
  2.5039701e-001
  2.5351820e-001
  2.5723256e-001
  2.6092415e-001
  2.6441753e-001
  2.6842255e-001
  2.7432625e-001
  2.8332942e-001
  2.9528328e-001
  3.0780372e-001
  3.1621221e-001
  3.1456470e-001
  2.9758292e-001
  2.6287353e-001
  2.1259229e-001
  1.5379933e-001
  9.7153294e-002
  5.4178892e-002
  3.3899119e-002
  3.9932646e-002
  6.9082002e-002
  1.1198279e-001
  1.5569896e-001
  1.8747826e-001
  1.9847134e-001
  1.8622078e-001
  1.5514260e-001
  1.1490049e-001
  7.7266001e-002
  5.2522255e-002
  4.6553172e-002
  5.9457925e-002
  8.5975908e-002
  1.1741419e-001
  1.4434518e-001
  1.5921082e-001
  1.5813193e-001
  1.4157157e-001
  1.1388175e-001
  8.2037312e-002
  5.3966471e-002
  3.6847523e-002
  3.5635799e-002
  5.1995938e-002
  8.3779973e-002
  1.2518722e-001
  1.6770373e-001
  2.0179101e-001
  2.1907468e-001
  2.1454241e-001
  1.8811482e-001
  1.4501096e-001
  9.4627503e-002
  4.8120207e-002
  1.5354700e-002
  2.1858437e-003
  8.9868431e-003
  3.0956720e-002
  6.0109858e-002
  8.8223710e-002
  1.0964116e-001
  1.2286058e-001
  1.3030864e-001
  1.3641482e-001
  1.4481108e-001
  1.5587768e-001
  1.6576626e-001
  1.6746530e-001
  1.5363504e-001
  1.2015568e-001
  6.8927940e-002
  8.6275680e-003
 -4.7181440e-002
 -8.4169624e-002
 -9.2273080e-002
 -6.9825170e-002
 -2.5158258e-002
  2.5149464e-002
  6.1040545e-002
  6.5305986e-002
  2.9379807e-002
 -4.3411749e-002
 -1.3835502e-001
 -2.3355780e-001
 -3.0653830e-001
 -3.4103556e-001
 -3.3179160e-001
 -2.8574680e-001
 -2.1932102e-001
 -1.5278585e-001
 -1.0369601e-001
 -8.1605473e-002
 -8.5772619e-002
 -1.0646304e-001
 -1.2919614e-001
 -1.4030354e-001
 -1.3180545e-001
 -1.0396347e-001
 -6.4771136e-002
 -2.6748349e-002
 -2.3133282e-003
  5.8823146e-004
 -1.8884960e-002
 -5.4371634e-002
 -9.4638982e-002
 -1.2744894e-001
 -1.4363681e-001
 -1.4011038e-001
 -1.2090404e-001
 -9.6062760e-002
 -7.8767156e-002
 -8.1565503e-002
 -1.1275888e-001
 -1.7388728e-001
 -2.5894876e-001
 -3.5554291e-001
 -4.4766282e-001
 -5.1946130e-001
 -5.5906859e-001
 -5.6150240e-001
 -5.2990967e-001
 -4.7478508e-001
 -4.1133206e-001
 -3.5563603e-001
 -3.2065910e-001
 -3.1313225e-001
 -3.3218002e-001
 -3.7002169e-001
 -4.1449469e-001
 -4.5261984e-001
 -4.7414120e-001
 -4.7401813e-001
 -4.5320899e-001
 -4.1764706e-001
 -3.7588084e-001
 -3.3624364e-001
 -3.0450414e-001
 -2.8271174e-001
 -2.6948376e-001
 -2.6145943e-001
 -2.5525364e-001
 -2.4911562e-001
 -2.4366528e-001
 -2.4146983e-001
 -2.4568424e-001
 -2.5833952e-001
 -2.7899419e-001
 -3.0432253e-001
 -3.2885404e-001
 -3.4663681e-001
 -3.5323634e-001
 -3.4733565e-001
 -3.3132935e-001
 -3.1065897e-001
 -2.9209222e-001
 -2.8153625e-001
 -2.8214940e-001
 -2.9341078e-001
 -3.1146004e-001
 -3.3055850e-001
 -3.4512183e-001
 -3.5158084e-001
 -3.4941261e-001
 -3.4101140e-001
 -3.3051006e-001
 -3.2204951e-001
 -3.1818107e-001
 -3.1900756e-001
 -3.2236145e-001
 -3.2490328e-001
 -3.2366468e-001
 -3.1739313e-001
 -3.0714541e-001
 -2.9588374e-001
 -2.8723390e-001
 -2.8390577e-001
 -2.8641971e-001
 -2.9266656e-001
 -2.9850131e-001
 -2.9915892e-001
 -2.9095293e-001
 -2.7260619e-001
 -2.4571330e-001
 -2.1418404e-001
 -1.8291934e-001
 -1.5626042e-001
 -1.3680873e-001
 -1.2502535e-001
 -1.1967077e-001
 -1.1879543e-001
 -1.2078729e-001
 -1.2500488e-001
 -1.3174964e-001
 -1.4165045e-001
 -1.5480048e-001
 -1.7008842e-001
 -1.8506754e-001
 -1.9646073e-001
 -2.0112146e-001
 -1.9707869e-001
 -1.8426389e-001
 -1.6465122e-001
 -1.4177148e-001
 -1.1978714e-001
 -1.0245005e-001
 -9.2264353e-002
 -9.0061939e-002
 -9.5030078e-002
 -1.0508649e-001
 -1.1742931e-001
 -1.2910810e-001
 -1.3753365e-001
 -1.4091361e-001
 -1.3862282e-001
 -1.3148105e-001
 -1.2184601e-001
 -1.1339180e-001
 -1.1047888e-001
 -1.1714476e-001
 -1.3591520e-001
 -1.6678000e-001
 -2.0671557e-001
 -2.5002585e-001
 -2.8953203e-001
 -3.1834905e-001
 -3.3175341e-001
 -3.2856734e-001
 -3.1159948e-001
 -2.8695969e-001
 -2.6241254e-001
 -2.4523257e-001
 -2.4017830e-001
 -2.4816452e-001
 -2.6600369e-001
 -2.8727754e-001
 -3.0408524e-001
 -3.0918329e-001
 -2.9794248e-001
 -2.6961273e-001
 -2.2758117e-001
 -1.7857566e-001
 -1.3103638e-001
 -9.3085357e-002
 -7.0619772e-002
 -6.6015799e-002
 -7.7764619e-002
 -1.0111115e-001
 -1.2949401e-001
 -1.5636848e-001
 -1.7689734e-001
 -1.8905069e-001
 -1.9384924e-001
 -1.9475447e-001
 -1.9646388e-001
 -2.0352366e-001
 -2.1917715e-001
 -2.4473113e-001
 -2.7950587e-001
 -3.2122681e-001
 -3.6659790e-001
 -4.1180770e-001
 -4.5283999e-001
 -4.8562531e-001
 -5.0619293e-001
 -5.1100163e-001
 -4.9752888e-001
 -4.6502873e-001
 -4.1520938e-001
 -3.5251824e-001
 -2.8379699e-001
 -2.1726490e-001
 -1.6103149e-001
 -1.2153009e-001
 -1.0232036e-001
 -1.0360222e-001
 -1.2255222e-001
 -1.5432433e-001
 -1.9335163e-001
 -2.3452093e-001
 -2.7388799e-001
 -3.0881404e-001
 -3.3764527e-001
 -3.5922690e-001
 -3.7257318e-001
 -3.7689483e-001
 -3.7197196e-001
 -3.5865104e-001
 -3.3913887e-001
 -3.1682165e-001
 -2.9553714e-001
 -2.7849012e-001
 -2.6720783e-001
 -2.6098062e-001
 -2.5708895e-001
 -2.5182547e-001
 -2.4199689e-001
 -2.2636838e-001
 -2.0649144e-001
 -1.8655359e-001
 -1.7223451e-001
 -1.6891734e-001
 -1.7984768e-001
 -2.0486369e-001
 -2.4012988e-001
 -2.7896876e-001
 -3.1352555e-001
 -3.3674943e-001
 -3.4411072e-001
 -3.3460318e-001
 -3.1083792e-001
 -2.7831723e-001
 -2.4418179e-001
 -2.1579884e-001
 -1.9950476e-001
 -1.9968645e-001
 -2.1825258e-001
 -2.5446308e-001
 -3.0506686e-001
 -3.6472001e-001
 -4.2667346e-001
 -4.8369617e-001
 -5.2913267e-001
 -5.5791378e-001
 -5.6729673e-001
 -5.5714457e-001
 -5.2967115e-001
 -4.8873988e-001
 -4.3894722e-001
 -3.8478192e-001
 -3.3009768e-001
 -2.7798829e-001
 -2.3097385e-001
 -1.9127381e-001
 -1.6091901e-001
 -1.4155375e-001
 -1.3395850e-001
 -1.3750216e-001
 -1.4982610e-001
 -1.6701881e-001
 -1.8437028e-001
 -1.9756210e-001
 -2.0394890e-001
 -2.0350325e-001
 -1.9906793e-001
 -1.9576586e-001
 -1.9968431e-001
 -2.1618405e-001
 -2.4830551e-001
 -2.9571819e-001
 -3.5450159e-001
 -4.1781383e-001
 -4.7727287e-001
 -5.2470986e-001
 -5.5388923e-001
 -5.6182553e-001
 -5.4943449e-001
 -5.2139719e-001
 -4.8526113e-001
 -4.4993228e-001
 -4.2382288e-001
 -4.1300308e-001
 -4.1974450e-001
 -4.4181449e-001
 -4.7276053e-001
 -5.0321476e-001
 -5.2298777e-001
 -5.2348011e-001
 -4.9980275e-001
 -4.5202882e-001
 -3.8520958e-001
 -3.0812674e-001
 -2.3111822e-001
 -1.6358577e-001
 -1.1187956e-001
 -7.8127303e-002
 -6.0277011e-002
 -5.3254983e-002
 -5.0822998e-002
 -4.7547916e-002
 -4.0312769e-002
 -2.8977484e-002
 -1.6068097e-002
 -5.6480721e-003
 -1.7321419e-003
 -6.7033471e-003
 -2.0183034e-002
 -3.8696872e-002
 -5.6299391e-002
 -6.6088464e-002
 -6.2291327e-002
 -4.2385814e-002
 -8.6042412e-003
  3.1776477e-002
  6.7689715e-002
  8.6968209e-002
  7.9852465e-002
  4.2311063e-002
 -2.1943119e-002
 -1.0158475e-001
 -1.8018417e-001
 -2.4053925e-001
 -2.6960180e-001
 -2.6245948e-001
 -2.2403874e-001
 -1.6787880e-001
 -1.1227127e-001
 -7.4935265e-002
 -6.7888772e-002
 -9.4102837e-002
 -1.4691432e-001
 -2.1224976e-001
 -2.7281338e-001
 -3.1283165e-001
 -3.2190225e-001
 -2.9694154e-001
 -2.4195805e-001
 -1.6610339e-001
 -8.0904605e-002
  2.3668002e-003
  7.4537184e-002
  1.2940517e-001
  1.6387909e-001
  1.7778407e-001
  1.7364744e-001
  1.5650185e-001
  1.3348562e-001
  1.1293907e-001
  1.0285861e-001
  1.0891072e-001
  1.3255297e-001
  1.6997027e-001
  2.1239712e-001
  2.4798199e-001
  2.6481011e-001
  2.5425054e-001
  2.1361886e-001
  1.4732115e-001
  6.6104402e-002
 -1.5388203e-002
 -8.2072807e-002
 -1.2195913e-001
 -1.2887235e-001
 -1.0374862e-001
 -5.4286144e-002
  6.8760571e-003
  6.4985167e-002
  1.0637851e-001
  1.2140086e-001
  1.0644352e-001
  6.4673740e-002
  5.2618885e-003
 -5.8787236e-002
 -1.1377131e-001
 -1.4869611e-001
 -1.5811449e-001
 -1.4363507e-001
 -1.1363658e-001
 -8.1191449e-002
 -6.0710145e-002
 -6.4202617e-002
 -9.8180541e-002
 -1.6203981e-001
 -2.4832230e-001
 -3.4470544e-001
 -4.3708990e-001
 -5.1289903e-001
 -5.6372935e-001
 -5.8675888e-001
 -5.8471259e-001
 -5.6456718e-001
 -5.3544668e-001
 -5.0627557e-001
 -4.8373044e-001
 -4.7090949e-001
 -4.6696242e-001
 -4.6772205e-001
 -4.6717130e-001
 -4.5938959e-001
 -4.4048942e-001
 -4.1002143e-001
 -3.7142816e-001
 -3.3135899e-001
 -2.9797354e-001
 -2.7866993e-001
 -2.7787889e-001
 -2.9558951e-001
 -3.2709224e-001
 -3.6408259e-001
 -3.9686024e-001
 -4.1701047e-001
 -4.1977914e-001
 -4.0541514e-001
 -3.7904502e-001
 -3.4908250e-001
 -3.2462727e-001
 -3.1263199e-001
 -3.1570690e-001
 -3.3125161e-001
 -3.5220314e-001
 -3.6918637e-001
 -3.7340582e-001
 -3.5937105e-001
 -3.2658907e-001
 -2.7968191e-001
 -2.2689863e-001
 -1.7752181e-001
 -1.3903865e-001
 -1.1502411e-001
 -1.0443208e-001
 -1.0249448e-001
 -1.0285787e-001
 -1.0015035e-001
 -9.2027450e-002
 -7.9951678e-002
 -6.8442273e-002
 -6.3111090e-002
 -6.8258983e-002
 -8.4970714e-002
 -1.1045199e-001
 -1.3887445e-001
 -1.6341743e-001
 -1.7874128e-001
 -1.8296935e-001
 -1.7845070e-001
 -1.7104127e-001
 -1.6819298e-001
 -1.7656293e-001
 -1.9999353e-001
 -2.3852770e-001
 -2.8870213e-001
 -3.4488181e-001
 -4.0105008e-001
 -4.5237595e-001
 -4.9605737e-001
 -5.3129038e-001
 -5.5858142e-001
 -5.7885034e-001
 -5.9278405e-001
 -6.0070881e-001
 -6.0295588e-001
 -6.0043564e-001
 -5.9502518e-001
 -5.8945726e-001
 -5.8663402e-001
 -5.8857147e-001
 -5.9538676e-001
 -6.0477790e-001
 -6.1229375e-001
 -6.1240792e-001
 -6.0010469e-001
 -5.7247881e-001
 -5.2982469e-001
 -4.7585367e-001
 -4.1696623e-001
 -3.6081141e-001
 -3.1457768e-001
 -2.8351037e-001
 -2.7003701e-001
 -2.7365717e-001
 -2.9150595e-001
 -3.1931450e-001
 -3.5241912e-001
 -3.8652179e-001
 -4.1804636e-001
 -4.4410919e-001
 -4.6227192e-001
 -4.7031777e-001
 -4.6627096e-001
 -4.4876698e-001
 -4.1771411e-001
 -3.7501958e-001
 -3.2504818e-001
 -2.7448994e-001
 -2.3145529e-001
 -2.0386538e-001
 -1.9748840e-001
 -2.1418637e-001
 -2.5098383e-001
 -3.0039931e-001
 -3.5211913e-001
 -3.9564652e-001
 -4.2318442e-001
 -4.3185503e-001
 -4.2450479e-001
 -4.0876493e-001
 -3.9460235e-001
 -3.9111061e-001
 -4.0356860e-001
 -4.3172834e-001
 -4.6989563e-001
 -5.0877031e-001
 -5.3842356e-001
 -5.5141236e-001
 -5.4499785e-001
 -5.2175634e-001
 -4.8843407e-001
 -4.5350233e-001
 -4.2430602e-001
 -4.0481355e-001
 -3.9473252e-001
 -3.9024260e-001
 -3.8600106e-001
 -3.7761525e-001
 -3.6361754e-001
 -3.4618171e-001
 -3.3030832e-001
 -3.2179707e-001
 -3.2479184e-001
 -3.3985202e-001
 -3.6330790e-001
 -3.8817604e-001
 -4.0632944e-001
 -4.1115801e-001
 -3.9978684e-001
 -3.7409458e-001
 -3.4021270e-001
 -3.0671383e-001
 -2.8212091e-001
 -2.7254710e-001
 -2.8017138e-001
 -3.0293105e-001
 -3.3540419e-001
 -3.7050610e-001
 -4.0143820e-001
 -4.2333642e-001
 -4.3423259e-001
 -4.3518472e-001
 -4.2966197e-001
 -4.2242500e-001
 -4.1820138e-001
 -4.2043570e-001
 -4.3033398e-001
 -4.4635738e-001
 -4.6426704e-001
 -4.7777000e-001
 -4.7974323e-001
 -4.6389945e-001
 -4.2661193e-001
 -3.6847702e-001
 -2.9512737e-001
 -2.1688003e-001
 -1.4704119e-001
 -9.9060789e-002
 -8.3137795e-002
 -1.0318029e-001
 -1.5508725e-001
 -2.2706659e-001
 -3.0216563e-001
 -3.6250728e-001
 -3.9411789e-001
 -3.9092538e-001
 -3.5664489e-001
 -3.0385188e-001
 -2.5040598e-001
 -2.1425087e-001
 -2.0817443e-001
 -2.3615821e-001
 -2.9244335e-001
 -3.6355339e-001
 -4.3255032e-001
 -4.8409384e-001
 -5.0866772e-001
 -5.0469059e-001
 -4.7799730e-001
 -4.3907659e-001
 -3.9916119e-001
 -3.6655621e-001
 -3.4439078e-001
 -3.3039542e-001
 -3.1857527e-001
 -3.0202907e-001
 -2.7585402e-001
 -2.3914921e-001
 -1.9552169e-001
 -1.5204682e-001
 -1.1714150e-001
 -9.8114357e-002
 -9.9183274e-002
 -1.2052010e-001
 -1.5849943e-001
 -2.0693537e-001
 -2.5881715e-001
 -3.0797457e-001
 -3.5021664e-001
 -3.8372451e-001
 -4.0874301e-001
 -4.2681290e-001
 -4.3986602e-001
 -4.4946945e-001
 -4.5639528e-001
 -4.6056357e-001
 -4.6130510e-001
 -4.5783012e-001
 -4.4976570e-001
 -4.3761937e-001
 -4.2303412e-001
 -4.0872731e-001
 -3.9806661e-001
 -3.9433419e-001
 -3.9984464e-001
 -4.1517084e-001
 -4.3874679e-001
 -4.6703141e-001
 -4.9524799e-001
 -5.1851610e-001
 -5.3304366e-001
 -5.3701062e-001
 -5.3087239e-001
 -5.1700808e-001
 -4.9886051e-001
 -4.7987952e-001
 -4.6262745e-001
 -4.4832521e-001
 -4.3694459e-001
 -4.2775485e-001
 -4.2007657e-001
 -4.1393280e-001
 -4.1033069e-001
 -4.1103897e-001
 -4.1790613e-001
 -4.3193820e-001
 -4.5246961e-001
 -4.7677514e-001
 -5.0036707e-001
 -5.1801537e-001
 -5.2527404e-001
 -5.2007358e-001
 -5.0383515e-001
 -4.8163439e-001
 -4.6119639e-001
 -4.5087384e-001
 -4.5713133e-001
 -4.8229498e-001
 -5.2332818e-001
 -5.7213307e-001
 -6.1741979e-001
 -6.4767479e-001
 -6.5436872e-001
 -6.3441868e-001
 -5.9111712e-001
 -5.3320764e-001
 -4.7237658e-001
 -4.1993847e-001
 -3.8374898e-001
 -3.6629209e-001
 -3.6448974e-001
 -3.7121235e-001
 -3.7792343e-001
 -3.7755337e-001
 -3.6667101e-001
 -3.4630127e-001
 -3.2121293e-001
 -2.9800589e-001
 -2.8269338e-001
 -2.7859343e-001
 -2.8519315e-001
 -2.9829824e-001
 -3.1135477e-001
 -3.1747276e-001
 -3.1149793e-001
 -2.9151258e-001
 -2.5936823e-001
 -2.2017414e-001
 -1.8097572e-001
 -1.4905930e-001
 -1.3036446e-001
 -1.2837889e-001
 -1.4369255e-001
 -1.7417738e-001
 -2.1561146e-001
 -2.6251879e-001
 -3.0904065e-001
 -3.4974417e-001
 -3.8034874e-001
 -3.9836625e-001
 -4.0360161e-001
 -3.9838225e-001
 -3.8734155e-001
 -3.7662664e-001
 -3.7255298e-001
 -3.7994706e-001
 -4.0061803e-001
 -4.3247928e-001
 -4.6973275e-001
 -5.0423340e-001
 -5.2775241e-001
 -5.3449610e-001
 -5.2306238e-001
 -4.9712091e-001
 -4.6448086e-001
 -4.3474766e-001
 -4.1627940e-001
 -4.1344528e-001
 -4.2513759e-001
 -4.4509688e-001
 -4.6400005e-001
 -4.7264741e-001
 -4.6518550e-001
 -4.4126698e-001
 -4.0639558e-001
 -3.7031517e-001
 -3.4396594e-001
 -3.3601416e-001
 -3.5010077e-001
 -3.8370237e-001
 -4.2895023e-001
 -4.7510123e-001
 -5.1182346e-001
 -5.3222379e-001
 -5.3467218e-001
 -5.2290998e-001
 -5.0450734e-001
 -4.8825927e-001
 -4.8141167e-001
 -4.8760271e-001
 -5.0611291e-001
 -5.3255481e-001
 -5.6065960e-001
 -5.8448949e-001
 -6.0031682e-001
 -6.0757732e-001
 -6.0865582e-001
 -6.0767046e-001
 -6.0874617e-001
 -6.1440429e-001
 -6.2460725e-001
 -6.3672893e-001
 -6.4638212e-001
 -6.4875072e-001
 -6.3994749e-001
 -6.1797985e-001
 -5.8311288e-001
 -5.3766944e-001
 -4.8549244e-001
 -4.3134048e-001
 -3.8039416e-001
 -3.3788149e-001
 -3.0868873e-001
 -2.9679481e-001
 -3.0447891e-001
 -3.3145399e-001
 -3.7426585e-001
 -4.2635435e-001
 -4.7903614e-001
 -5.2335809e-001
 -5.5239953e-001
 -5.6332503e-001
 -5.5844493e-001
 -5.4478147e-001
 -5.3210307e-001
 -5.2992017e-001
 -5.4433538e-001
 -5.7575234e-001
 -6.1821625e-001
 -6.6065746e-001
 -6.8970879e-001
 -6.9327497e-001
 -6.6381232e-001
 -6.0039516e-001
 -5.0904697e-001
 -4.0135151e-001
 -2.9184766e-001
 -1.9499679e-001
 -1.2252170e-001
 -8.1680598e-002
 -7.4670204e-002
 -9.8996794e-002
 -1.4843716e-001
 -2.1419118e-001
 -2.8597504e-001
 -3.5302141e-001
 -4.0511869e-001
 -4.3384078e-001
 -4.3397244e-001
 -4.0488619e-001
 -3.5140315e-001
 -2.8360921e-001
 -2.1528255e-001
 -1.6100203e-001
 -1.3252109e-001
 -1.3540818e-001
 -1.6707720e-001
 -2.1705028e-001
 -2.6965095e-001
 -3.0851043e-001
 -3.2157218e-001
 -3.0498010e-001
 -2.6448932e-001
 -2.1380405e-001
 -1.7028025e-001
 -1.4936650e-001
 -1.5964158e-001
 -2.0014101e-001
 -2.6088555e-001
 -3.2640366e-001
 -3.8098577e-001
 -4.1380873e-001
 -4.2214602e-001
 -4.1159961e-001
 -3.9338092e-001
 -3.7972441e-001
 -3.7915241e-001
 -3.9330500e-001
 -4.1642681e-001
 -4.3761188e-001
 -4.4492161e-001
 -4.2986328e-001
 -3.9065303e-001
 -3.3317899e-001
 -2.6941927e-001
 -2.1393894e-001
 -1.7968480e-001
 -1.7443550e-001
 -1.9894087e-001
 -2.4715567e-001
 -3.0828552e-001
 -3.6985264e-001
 -4.2080083e-001
 -4.5380316e-001
 -4.6630668e-001
 -4.6028262e-001
 -4.4099581e-001
 -4.1527884e-001
 -3.8979210e-001
 -3.6962876e-001
 -3.5746384e-001
 -3.5330593e-001
 -3.5481188e-001
 -3.5805635e-001
 -3.5859240e-001
 -3.5258912e-001
 -3.3780280e-001
 -3.1415504e-001
 -2.8376934e-001
 -2.5044941e-001
 -2.1873165e-001
 -1.9276106e-001
 -1.7528478e-001
 -1.6701327e-001
 -1.6648599e-001
 -1.7043675e-001
 -1.7453233e-001
 -1.7429017e-001
 -1.6597556e-001
 -1.4731988e-001
 -1.1796120e-001
 -7.9562355e-002
 -3.5599924e-002
  9.1534805e-003
  4.9397983e-002
  8.0225219e-002
  9.8034228e-002
  1.0125339e-001
  9.0678440e-002
  6.9295328e-002
  4.1572536e-002
  1.2357413e-002
 -1.4348849e-002
 -3.6383264e-002
 -5.3848788e-002
 -6.8786813e-002
 -8.4136256e-002
 -1.0228037e-001
 -1.2367653e-001
 -1.4610640e-001
 -1.6492844e-001
 -1.7438695e-001
 -1.6963205e-001
 -1.4878108e-001
 -1.1424531e-001
 -7.2729472e-002
 -3.3746493e-002
 -7.0305589e-003
  3.2804498e-004
 -1.3954206e-002
 -4.6666394e-002
 -9.0152590e-002
 -1.3473353e-001
 -1.7163513e-001
 -1.9538321e-001
 -2.0484724e-001
 -2.0265251e-001
 -1.9331710e-001
 -1.8095315e-001
 -1.6750670e-001
 -1.5224489e-001
 -1.3264289e-001
 -1.0620973e-001
 -7.2377765e-002
 -3.3545111e-002
  5.2764809e-003
  3.8141775e-002
  6.0509814e-002
  7.1238139e-002
  7.3328710e-002
  7.3017406e-002
  7.7494215e-002
  9.2140678e-002
  1.1841307e-001
  1.5327009e-001
  1.9042860e-001
  2.2298333e-001
  2.4635778e-001
  2.6040240e-001
  2.6978463e-001
  2.8248669e-001
  3.0696575e-001
  3.4904055e-001
  4.0965506e-001
  4.8431542e-001
  5.6435737e-001
  6.3953810e-001
  7.0100876e-001
  7.4365975e-001
  7.6713252e-001
  7.7531471e-001
  7.7466612e-001
  7.7206791e-001
  7.7294378e-001
