 -4.1094437e-001
 -4.0963949e-001
 -4.0731093e-001
 -4.0418010e-001
 -4.0049467e-001
 -3.9649867e-001
 -3.9241903e-001
 -3.8846624e-001
 -3.8484144e-001
 -3.8174030e-001
 -3.7934605e-001
 -3.7780937e-001
 -3.7721927e-001
 -3.7757432e-001
 -3.7876507e-001
 -3.8057637e-001
 -3.8271224e-001
 -3.8483889e-001
 -3.8663589e-001
 -3.8784305e-001
 -3.8829262e-001
 -3.8792187e-001
 -3.8676732e-001
 -3.8494743e-001
 -3.8264183e-001
 -3.8007354e-001
 -3.7749579e-001
 -3.7518058e-001
 -3.7340378e-001
 -3.7242299e-001
 -3.7244898e-001
 -3.7361663e-001
 -3.7596457e-001
 -3.7943160e-001
 -3.8387250e-001
 -3.8908857e-001
 -3.9486166e-001
 -4.0097876e-001
 -4.0723798e-001
 -4.1343499e-001
 -4.1933907e-001
 -4.2467432e-001
 -4.2912259e-001
 -4.3235820e-001
 -4.3411288e-001
 -4.3425615e-001
 -4.3286665e-001
 -4.3026825e-001
 -4.2701105e-001
 -4.2379259e-001
 -4.2133253e-001
 -4.2022962e-001
 -4.2083833e-001
 -4.2319954e-001
 -4.2704569e-001
 -4.3188019e-001
 -4.3710833e-001
 -4.4218103e-001
 -4.4670790e-001
 -4.5050555e-001
 -4.5356779e-001
 -4.5597072e-001
 -4.5774935e-001
 -4.5879420e-001
 -4.5881209e-001
 -4.5737494e-001
 -4.5404944e-001
 -4.4856951e-001
 -4.4099357e-001
 -4.3178758e-001
 -4.2179510e-001
 -4.1209090e-001
 -4.0375393e-001
 -3.9762466e-001
 -3.9412019e-001
 -3.9316421e-001
 -3.9425306e-001
 -3.9663538e-001
 -3.9954675e-001
 -4.0242409e-001
 -4.0503372e-001
 -4.0747733e-001
 -4.1008217e-001
 -4.1321962e-001
 -4.1711827e-001
 -4.2173636e-001
 -4.2673562e-001
 -4.3156243e-001
 -4.3560589e-001
 -4.3837780e-001
 -4.3965465e-001
 -4.3953640e-001
 -4.3840690e-001
 -4.3681280e-001
 -4.3530365e-001
 -4.3428511e-001
 -4.3392903e-001
 -4.3416226e-001
 -4.3472879e-001
 -4.3529744e-001
 -4.3557584e-001
 -4.3539448e-001
 -4.3473863e-001
 -4.3372530e-001
 -4.3253973e-001
 -4.3135662e-001
 -4.3027240e-001
 -4.2926822e-001
 -4.2821187e-001
 -4.2689483e-001
 -4.2509135e-001
 -4.2262208e-001
 -4.1940543e-001
 -4.1548431e-001
 -4.1102338e-001
 -4.0627847e-001
 -4.0154650e-001
 -3.9710729e-001
 -3.9316998e-001
 -3.8983544e-001
 -3.8708290e-001
 -3.8478486e-001
 -3.8274859e-001
 -3.8077713e-001
 -3.7873694e-001
 -3.7661600e-001
 -3.7455567e-001
 -3.7284430e-001
 -3.7186915e-001
 -3.7203483e-001
 -3.7366728e-001
 -3.7692853e-001
 -3.8176622e-001
 -3.8791313e-001
 -3.9493765e-001
 -4.0233071e-001
 -4.0960427e-001
 -4.1637311e-001
 -4.2239805e-001
 -4.2758104e-001
 -4.3191874e-001
 -4.3543324e-001
 -4.3810542e-001
 -4.3983406e-001
 -4.4043439e-001
 -4.3967653e-001
 -4.3735094e-001
 -4.3334040e-001
 -4.2767663e-001
 -4.2056592e-001
 -4.1237854e-001
 -4.0360744e-001
 -3.9480984e-001
 -3.8654720e-001
 -3.7933568e-001
 -3.7361293e-001
 -3.6971971e-001
 -3.6789069e-001
 -3.6824840e-001
 -3.7079691e-001
 -3.7541663e-001
 -3.8186517e-001
 -3.8978995e-001
 -3.9875628e-001
 -4.0828923e-001
 -4.1792275e-001
 -4.2724506e-001
 -4.3592994e-001
 -4.4374625e-001
 -4.5054558e-001
 -4.5623434e-001
 -4.6074217e-001
 -4.6399937e-001
 -4.6593200e-001
 -4.6647639e-001
 -4.6560693e-001
 -4.6336555e-001
 -4.5988070e-001
 -4.5536754e-001
 -4.5010801e-001
 -4.4441673e-001
 -4.3860297e-001
 -4.3293939e-001
 -4.2764430e-001
 -4.2287860e-001
 -4.1875367e-001
 -4.1534394e-001
 -4.1269894e-001
 -4.1085281e-001
 -4.0983227e-001
 -4.0966577e-001
 -4.1039483e-001
 -4.1208540e-001
 -4.1483339e-001
 -4.1875747e-001
 -4.2397406e-001
 -4.3055555e-001
 -4.3847936e-001
 -4.4758181e-001
 -4.5753226e-001
 -4.6783992e-001
 -4.7789791e-001
 -4.8705880e-001
 -4.9472688e-001
 -5.0044693e-001
 -5.0396967e-001
 -5.0527980e-001
 -5.0458162e-001
 -5.0224789e-001
 -4.9874550e-001
 -4.9455594e-001
 -4.9010831e-001
 -4.8573748e-001
 -4.8167247e-001
 -4.7805236e-001
 -4.7495963e-001
 -4.7245774e-001
 -4.7061947e-001
 -4.6953624e-001
 -4.6930464e-001
 -4.6999379e-001
 -4.7160313e-001
 -4.7402461e-001
 -4.7702321e-001
 -4.8024598e-001
 -4.8326260e-001
 -4.8563148e-001
 -4.8697710e-001
 -4.8705956e-001
 -4.8581767e-001
 -4.8337294e-001
 -4.7999186e-001
 -4.7601563e-001
 -4.7177614e-001
 -4.6752130e-001
 -4.6337053e-001
 -4.5931239e-001
 -4.5524339e-001
 -4.5103416e-001
 -4.4660004e-001
 -4.4195176e-001
 -4.3720816e-001
 -4.3256610e-001
 -4.2823788e-001
 -4.2437867e-001
 -4.2103105e-001
 -4.1810906e-001
 -4.1543036e-001
 -4.1278851e-001
 -4.1004210e-001
 -4.0719047e-001
 -4.0440903e-001
 -4.0202983e-001
 -4.0047096e-001
 -4.0013447e-001
 -4.0130233e-001
 -4.0405952e-001
 -4.0826419e-001
 -4.1357005e-001
 -4.1949161e-001
 -4.2549284e-001
 -4.3107678e-001
 -4.3585721e-001
 -4.3960138e-001
 -4.4224132e-001
 -4.4385799e-001
 -4.4464593e-001
 -4.4486681e-001
 -4.4479946e-001
 -4.4469292e-001
 -4.4472862e-001
 -4.4499733e-001
 -4.4549504e-001
 -4.4613872e-001
 -4.4679859e-001
 -4.4733813e-001
 -4.4765047e-001
 -4.4767981e-001
 -4.4742142e-001
 -4.4690093e-001
 -4.4614175e-001
 -4.4513450e-001
 -4.4382246e-001
 -4.4211175e-001
 -4.3990591e-001
 -4.3715472e-001
 -4.3390106e-001
 -4.3030858e-001
 -4.2665867e-001
 -4.2331489e-001
 -4.2066388e-001
 -4.1904916e-001
 -4.1871602e-001
 -4.1978169e-001
 -4.2223534e-001
 -4.2596283e-001
 -4.3078341e-001
 -4.3648340e-001
 -4.4283526e-001
 -4.4959868e-001
 -4.5650867e-001
 -4.6326238e-001
 -4.6951740e-001
 -4.7490998e-001
 -4.7909397e-001
 -4.8179200e-001
 -4.8284487e-001
 -4.8224426e-001
 -4.8013868e-001
 -4.7681090e-001
 -4.7263418e-001
 -4.6802010e-001
 -4.6337184e-001
 -4.5905224e-001
 -4.5536869e-001
 -4.5256982e-001
 -4.5084529e-001
 -4.5032067e-001
 -4.5104459e-001
 -4.5297178e-001
 -4.5595044e-001
 -4.5972315e-001
 -4.6394634e-001
 -4.6822643e-001
 -4.7216318e-001
 -4.7538802e-001
 -4.7758665e-001
 -4.7850284e-001
 -4.7792974e-001
 -4.7570211e-001
 -4.7170397e-001
 -4.6590002e-001
 -4.5838680e-001
 -4.4944680e-001
 -4.3958068e-001
 -4.2949416e-001
 -4.2002795e-001
 -4.1203783e-001
 -4.0625101e-001
 -4.0313666e-001
 -4.0282791e-001
 -4.0511829e-001
 -4.0953290e-001
 -4.1545088e-001
 -4.2223996e-001
 -4.2936218e-001
 -4.3642257e-001
 -4.4315492e-001
 -4.4936217e-001
 -4.5484449e-001
 -4.5935033e-001
 -4.6257391e-001
 -4.6420227e-001
 -4.6399455e-001
 -4.6186272e-001
 -4.5792278e-001
 -4.5249665e-001
 -4.4606357e-001
 -4.3917765e-001
 -4.3237910e-001
 -4.2612610e-001
 -4.2076392e-001
 -4.1653219e-001
 -4.1359603e-001
 -4.1207922e-001
 -4.1207836e-001
 -4.1364752e-001
 -4.1675677e-001
 -4.2124094e-001
 -4.2676150e-001
 -4.3280254e-001
 -4.3871154e-001
 -4.4378162e-001
 -4.4735816e-001
 -4.4894425e-001
 -4.4827874e-001
 -4.4536768e-001
 -4.4046238e-001
 -4.3399135e-001
 -4.2646537e-001
 -4.1838026e-001
 -4.1014153e-001
 -4.0202713e-001
 -3.9419322e-001
 -3.8671563e-001
 -3.7965062e-001
 -3.7309477e-001
 -3.6722598e-001
 -3.6231520e-001
 -3.5870724e-001
 -3.5677793e-001
 -3.5687861e-001
 -3.5927975e-001
 -3.6412176e-001
 -3.7137695e-001
 -3.8082397e-001
 -3.9203657e-001
 -4.0439069e-001
 -4.1709707e-001
 -4.2926538e-001
 -4.4000072e-001
 -4.4852341e-001
 -4.5429153e-001
 -4.5709841e-001
 -4.5711720e-001
 -4.5487475e-001
 -4.5115400e-001
 -4.4684442e-001
 -4.4277499e-001
 -4.3957043e-001
 -4.3756482e-001
 -4.3679051e-001
 -4.3703861e-001
 -4.3796833e-001
 -4.3923034e-001
 -4.4056893e-001
 -4.4187685e-001
 -4.4319304e-001
 -4.4465078e-001
 -4.4639736e-001
 -4.4851305e-001
 -4.5095486e-001
 -4.5354203e-001
 -4.5598715e-001
 -4.5796341e-001
 -4.5918859e-001
 -4.5950176e-001
 -4.5891056e-001
 -4.5759529e-001
 -4.5586774e-001
 -4.5409570e-001
 -4.5261382e-001
 -4.5164570e-001
 -4.5125874e-001
 -4.5136357e-001
 -4.5175606e-001
 -4.5218702e-001
 -4.5243609e-001
 -4.5236623e-001
 -4.5194222e-001
 -4.5121000e-001
 -4.5024745e-001
 -4.4910694e-001
 -4.4777263e-001
 -4.4614871e-001
 -4.4408307e-001
 -4.4141686e-001
 -4.3804108e-001
 -4.3393896e-001
 -4.2919934e-001
 -4.2399801e-001
 -4.1855644e-001
 -4.1309605e-001
 -4.0780639e-001
 -4.0283876e-001
 -3.9832482e-001
 -3.9440826e-001
 -3.9127125e-001
 -3.8913875e-001
 -3.8825297e-001
 -3.8882263e-001
 -3.9096305e-001
 -3.9464840e-001
 -3.9969437e-001
 -4.0577960e-001
 -4.1250070e-001
 -4.1944382e-001
 -4.2625012e-001
 -4.3265468e-001
 -4.3848764e-001
 -4.4364010e-001
 -4.4800944e-001
 -4.5144709e-001
 -4.5373125e-001
 -4.5457956e-001
 -4.5370345e-001
 -4.5089106e-001
 -4.4609481e-001
 -4.3949587e-001
 -4.3152302e-001
 -4.2281602e-001
 -4.1413992e-001
 -4.0627051e-001
 -3.9987937e-001
 -3.9544520e-001
 -3.9320911e-001
 -3.9317777e-001
 -3.9516537e-001
 -3.9885695e-001
 -4.0387445e-001
 -4.0983159e-001
 -4.1637086e-001
 -4.2318306e-001
 -4.3001346e-001
 -4.3665906e-001
 -4.4295998e-001
 -4.4878662e-001
 -4.5402465e-001
 -4.5856206e-001
 -4.6228409e-001
 -4.6508172e-001
 -4.6687537e-001
 -4.6764909e-001
 -4.6748386e-001
 -4.6657524e-001
 -4.6522274e-001
 -4.6378631e-001
 -4.6261662e-001
 -4.6197606e-001
 -4.6197288e-001
 -4.6252858e-001
 -4.6338949e-001
 -4.6418062e-001
 -4.6448693e-001
 -4.6394019e-001
 -4.6228894e-001
 -4.5943593e-001
 -4.5543840e-001
 -4.5047753e-001
 -4.4481149e-001
 -4.3872828e-001
 -4.3251120e-001
 -4.2642258e-001
 -4.2070341e-001
 -4.1558119e-001
 -4.1127659e-001
 -4.0800221e-001
 -4.0595170e-001
 -4.0528264e-001
 -4.0609978e-001
 -4.0844489e-001
 -4.1229650e-001
 -4.1757839e-001
 -4.2417175e-001
 -4.3192493e-001
 -4.4065585e-001
 -4.5014657e-001
 -4.6013332e-001
 -4.7029868e-001
 -4.8027267e-001
 -4.8964751e-001
 -4.9800631e-001
 -5.0496184e-001
 -5.1019826e-001
 -5.1350742e-001
 -5.1481189e-001
 -5.1416947e-001
 -5.1175697e-001
 -5.0783521e-001
 -5.0270151e-001
 -4.9664030e-001
 -4.8988494e-001
 -4.8260355e-001
 -4.7491644e-001
 -4.6694320e-001
 -4.5886542e-001
 -4.5098074e-001
 -4.4372076e-001
 -4.3761274e-001
 -4.3318292e-001
 -4.3082358e-001
 -4.3066644e-001
 -4.3251346e-001
 -4.3586446e-001
 -4.4005039e-001
 -4.4443983e-001
 -4.4864995e-001
 -4.5267786e-001
 -4.5688516e-001
 -4.6181694e-001
 -4.6790246e-001
 -4.7514390e-001
 -4.8292595e-001
 -4.9005478e-001
 -4.9505972e-001
 -4.9668677e-001
 -4.9441703e-001
 -4.8879696e-001
 -4.8140129e-001
 -4.7436513e-001
 -4.6958868e-001
 -4.6787647e-001
 -4.6835674e-001
 -4.6848450e-001
 -4.6475549e-001
 -4.5399286e-001
 -4.3480397e-001
 -4.0864890e-001
 -3.7999956e-001
 -3.5532168e-001
 -3.4102023e-001
 -3.4091956e-001
 -3.5413789e-001
 -3.7422398e-001
 -3.9010571e-001
 -3.8882510e-001
 -3.5938599e-001
 -2.9655053e-001
 -2.0329323e-001
 -9.0941976e-002
  2.3265512e-002
  1.2062575e-001
  1.8611231e-001
  2.1260261e-001
  2.0280097e-001
  1.6818483e-001
  1.2527225e-001
  9.0406847e-002
  7.4764321e-002
  8.1216617e-002
  1.0405791e-001
  1.3161342e-001
  1.5075966e-001
  1.5173425e-001
  1.3153946e-001
  9.4776068e-002
  5.1691056e-002
  1.4239132e-002
 -8.3315515e-003
 -1.2717737e-002
 -2.4492897e-003
  1.3834977e-002
  2.5990845e-002
  2.6420965e-002
  1.3008847e-002
 -1.0164637e-002
 -3.4542133e-002
 -5.0526585e-002
 -5.1274761e-002
 -3.5392019e-002
 -7.5368383e-003
  2.3231442e-002
  4.6673961e-002
  5.4919042e-002
  4.5028961e-002
  1.9709789e-002
 -1.3985014e-002
 -4.7370743e-002
 -7.3209058e-002
 -8.8033583e-002
 -9.2956410e-002
 -9.2777002e-002
 -9.3814970e-002
 -1.0129101e-001
 -1.1717099e-001
 -1.3917330e-001
 -1.6122616e-001
 -1.7520242e-001
 -1.7339499e-001
 -1.5101291e-001
 -1.0799510e-001
 -4.9625978e-002
  1.4265961e-002
  7.1401510e-002
  1.0998367e-001
  1.2176902e-001
  1.0447068e-001
  6.2776218e-002
  7.5688775e-003
 -4.6584972e-002
 -8.5093378e-002
 -9.7143646e-002
 -7.8528548e-002
 -3.2606514e-002
  3.0928138e-002
  9.9075787e-002
  1.5936428e-001
  2.0321450e-001
  2.2775528e-001
  2.3558952e-001
  2.3278038e-001
  2.2597571e-001
  2.1986466e-001
  2.1595175e-001
  2.1302848e-001
  2.0897336e-001
  2.0293149e-001
  1.9676284e-001
  1.9497610e-001
  2.0305077e-001
  2.2480433e-001
  2.5995869e-001
  3.0307553e-001
  3.4453428e-001
  3.7340625e-001
  3.8126342e-001
  3.6549068e-001
  3.3075633e-001
  2.8792696e-001
  2.5065879e-001
  2.3079365e-001
  2.3418132e-001
  2.5844175e-001
  2.9350311e-001
  3.2475966e-001
  3.3776023e-001
  3.2281242e-001
  2.7795632e-001
  2.0938116e-001
  1.2928158e-001
  5.2022718e-002
 -1.0010702e-002
 -4.9527795e-002
 -6.5552819e-002
 -6.2648378e-002
 -4.8727563e-002
 -3.2423691e-002
 -2.0948572e-002
 -1.8984383e-002
 -2.8626399e-002
 -4.9966646e-002
 -8.1754492e-002
 -1.2172214e-001
 -1.6650984e-001
 -2.1147215e-001
 -2.5080752e-001
 -2.7834142e-001
 -2.8895695e-001
 -2.8026976e-001
 -2.5388558e-001
 -2.1560390e-001
 -1.7425806e-001
 -1.3939263e-001
 -1.1846459e-001
 -1.1450922e-001
 -1.2511655e-001
 -1.4314163e-001
 -1.5897616e-001
 -1.6366169e-001
 -1.5182695e-001
 -1.2349052e-001
 -8.4155229e-002
 -4.3191179e-002
 -1.1057237e-002
  3.7389660e-003
 -2.9996818e-003
 -3.0160327e-002
 -7.1896139e-002
 -1.1949232e-001
 -1.6386220e-001
 -1.9787671e-001
 -2.1785687e-001
 -2.2388694e-001
 -2.1901190e-001
 -2.0772728e-001
 -1.9434432e-001
 -1.8177512e-001
 -1.7106515e-001
 -1.6169604e-001
 -1.5240618e-001
 -1.4212604e-001
 -1.3064130e-001
 -1.1875620e-001
 -1.0795592e-001
 -9.9766678e-002
 -9.5108959e-002
 -9.3906882e-002
 -9.5083222e-002
 -9.6901029e-002
 -9.7484244e-002
 -9.5309269e-002
 -8.9512485e-002
 -7.9967848e-002
 -6.7195800e-002
 -5.2219262e-002
 -3.6464358e-002
 -2.1730406e-002
 -1.0169301e-002
 -4.1662675e-003
 -6.0302542e-003
 -1.7479742e-002
 -3.9016307e-002
 -6.9368094e-002
 -1.0521859e-001
 -1.4139417e-001
 -1.7157519e-001
 -1.8944965e-001
 -1.9008825e-001
 -1.7122392e-001
 -1.3409903e-001
 -8.3611237e-002
 -2.7637577e-002
  2.4384598e-002
  6.3338541e-002
  8.2342557e-002
  7.8228286e-002
  5.2203414e-002
  9.5255874e-003
 -4.1721225e-002
 -9.2417713e-002
 -1.3430334e-001
 -1.6152294e-001
 -1.7152286e-001
 -1.6521082e-001
 -1.4649197e-001
 -1.2140180e-001
 -9.7053713e-002
 -8.0539401e-002
 -7.7836546e-002
 -9.2757018e-002
 -1.2603240e-001
 -1.7474425e-001
 -2.3238092e-001
 -2.8975633e-001
 -3.3682277e-001
 -3.6509114e-001
 -3.7005465e-001
 -3.5284154e-001
 -3.2041291e-001
 -2.8399577e-001
 -2.5600490e-001
 -2.4627362e-001
 -2.5876463e-001
 -2.8990592e-001
 -3.2925634e-001
 -3.6246895e-001
 -3.7572938e-001
 -3.6028471e-001
 -3.1556595e-001
 -2.4981109e-001
 -1.7789745e-001
 -1.1702040e-001
 -8.1584911e-002
 -7.8946194e-002
 -1.0734901e-001
 -1.5667544e-001
 -2.1168276e-001
 -2.5662120e-001
 -2.7973207e-001
 -2.7625196e-001
 -2.4911443e-001
 -2.0732757e-001
 -1.6273287e-001
 -1.2628503e-001
 -1.0502078e-001
 -1.0054269e-001
 -1.0928543e-001
 -1.2426136e-001
 -1.3757999e-001
 -1.4290198e-001
 -1.3712289e-001
 -1.2090343e-001
 -9.8047592e-002
 -7.4057292e-002
 -5.4380630e-002
 -4.2889591e-002
 -4.0992005e-002
 -4.7555343e-002
 -5.9566671e-002
 -7.3243334e-002
 -8.5197569e-002
 -9.3273975e-002
 -9.6815928e-002
 -9.6333350e-002
 -9.2768942e-002
 -8.6713107e-002
 -7.7937849e-002
 -6.5489913e-002
 -4.8343718e-002
 -2.6353723e-002
 -1.0705873e-003
  2.4021845e-002
  4.4108890e-002
  5.4427658e-002
  5.2029840e-002
  3.7296475e-002
  1.4565595e-002
 -8.5304013e-003
 -2.2999566e-002
 -2.1210504e-002
  4.3655435e-004
  3.9807664e-002
  8.8987950e-002
  1.3607475e-001
  1.6838457e-001
  1.7613224e-001
  1.5541229e-001
  1.0947285e-001
  4.7789643e-002
 -1.6837611e-002
 -7.2270628e-002
 -1.1080853e-001
 -1.3149295e-001
 -1.4014217e-001
 -1.4706205e-001
 -1.6316786e-001
 -1.9580779e-001
 -2.4571143e-001
 -3.0613943e-001
 -3.6459229e-001
 -4.0658244e-001
 -4.2027033e-001
 -4.0045213e-001
 -3.5057471e-001
 -2.8208652e-001
 -2.1130130e-001
 -1.5476436e-001
 -1.2459484e-001
 -1.2526850e-001
 -1.5281103e-001
 -1.9656474e-001
 -2.4285016e-001
 -2.7925709e-001
 -2.9815862e-001
 -2.9838191e-001
 -2.8465328e-001
 -2.6520919e-001
 -2.4855400e-001
 -2.4055104e-001
 -2.4280713e-001
 -2.5276247e-001
 -2.6525033e-001
 -2.7478837e-001
 -2.7767960e-001
 -2.7317458e-001
 -2.6337977e-001
 -2.5209993e-001
 -2.4317658e-001
 -2.3900200e-001
 -2.3973336e-001
 -2.4339925e-001
 -2.4673426e-001
 -2.4633995e-001
 -2.3972730e-001
 -2.2593214e-001
 -2.0562054e-001
 -1.8080465e-001
 -1.5438465e-001
 -1.2970023e-001
 -1.1015880e-001
 -9.8890043e-002
 -9.8330135e-002
 -1.0969437e-001
 -1.3242306e-001
 -1.6381003e-001
 -1.9906561e-001
 -2.3198177e-001
 -2.5616951e-001
 -2.6660191e-001
 -2.6101960e-001
 -2.4072815e-001
 -2.1046651e-001
 -1.7731316e-001
 -1.4891771e-001
 -1.3157988e-001
 -1.2875274e-001
 -1.4039903e-001
 -1.6333382e-001
 -1.9235691e-001
 -2.2173715e-001
 -2.4654445e-001
 -2.6344810e-001
 -2.7085082e-001
 -2.6849896e-001
 -2.5688964e-001
 -2.3681851e-001
 -2.0927917e-001
 -1.7570452e-001
 -1.3833584e-001
 -1.0040942e-001
 -6.5909361e-002
 -3.8823670e-002
 -2.2080206e-002
 -1.6523624e-002
 -2.0342674e-002
 -2.9240246e-002
 -3.7395730e-002
 -3.8990357e-002
 -2.9855518e-002
 -8.7400389e-003
  2.2202400e-002
  5.7868498e-002
  9.1482022e-002
  1.1633218e-001
  1.2749229e-001
  1.2306004e-001
  1.0460892e-001
  7.6761122e-002
  4.6020681e-002
  1.9183817e-002
  1.7334207e-003
 -3.3873815e-003
  3.6668562e-003
  1.9871702e-002
  4.0264718e-002
  5.9321234e-002
  7.2400980e-002
  7.6877658e-002
  7.2655050e-002
  6.1949502e-002
  4.8430374e-002
  3.5994098e-002
  2.7546355e-002
  2.4149434e-002
  2.4765015e-002
  2.6630616e-002
  2.6116150e-002
  1.9779062e-002
  5.3098007e-003
 -1.7867483e-002
 -4.8439364e-002
 -8.3454132e-002
 -1.1884877e-001
 -1.5009972e-001
 -1.7288210e-001
 -1.8367926e-001
 -1.8032181e-001
 -1.6242887e-001
 -1.3168500e-001
 -9.1846429e-002
 -4.8371195e-002
 -7.6329431e-003
  2.4202124e-002
  4.2419770e-002
  4.4812950e-002
  3.2229720e-002
  8.3967886e-003
 -2.1008206e-002
 -4.9837164e-002
 -7.3117829e-002
 -8.8394639e-002
 -9.6350869e-002
 -1.0049314e-001
 -1.0595820e-001
 -1.1777991e-001
 -1.3914069e-001
 -1.7015745e-001
 -2.0760075e-001
 -2.4565762e-001
 -2.7751508e-001
 -2.9727243e-001
 -3.0158026e-001
 -2.9049232e-001
 -2.6727681e-001
 -2.3727881e-001
 -2.0623602e-001
 -1.7862062e-001
 -1.5655034e-001
 -1.3959774e-001
 -1.2550368e-001
 -1.1148635e-001
 -9.5640932e-002
 -7.7912352e-002
 -6.0295391e-002
 -4.6204947e-002
 -3.9260819e-002
 -4.1938238e-002
 -5.4577413e-002
 -7.5111337e-002
 -9.9612003e-002
 -1.2346437e-001
 -1.4275776e-001
 -1.5541187e-001
 -1.6165357e-001
 -1.6369401e-001
 -1.6474119e-001
 -1.6771917e-001
 -1.7416742e-001
 -1.8372526e-001
 -1.9438983e-001
 -2.0344706e-001
 -2.0871949e-001
 -2.0964545e-001
 -2.0775397e-001
 -2.0631344e-001
 -2.0923667e-001
 -2.1960897e-001
 -2.3836561e-001
 -2.6361728e-001
 -2.9091358e-001
 -3.1441505e-001
 -3.2862444e-001
 -3.3012139e-001
 -3.1872284e-001
 -2.9766696e-001
 -2.7273210e-001
 -2.5055045e-001
 -2.3664109e-001
 -2.3377900e-001
 -2.4120589e-001
 -2.5491330e-001
 -2.6888417e-001
 -2.7688294e-001
 -2.7423283e-001
 -2.5905589e-001
 -2.3265240e-001
 -1.9898378e-001
 -1.6349499e-001
 -1.3168355e-001
 -1.0784828e-001
 -9.4341044e-002
 -9.1451948e-002
 -9.7852911e-002
 -1.1137120e-001
 -1.2980235e-001
 -1.5150610e-001
 -1.7563617e-001
 -2.0199413e-001
 -2.3062348e-001
 -2.6133660e-001
 -2.9337363e-001
 -3.2533062e-001
 -3.5538621e-001
 -3.8173917e-001
 -4.0308463e-001
 -4.1893678e-001
 -4.2966140e-001
 -4.3619466e-001
 -4.3955427e-001
 -4.4034325e-001
 -4.3846423e-001
 -4.3318715e-001
 -4.2356956e-001
 -4.0906988e-001
 -3.9008641e-001
 -3.6815293e-001
 -3.4563827e-001
 -3.2499855e-001
 -3.0783862e-001
 -2.9416604e-001
 -2.8219788e-001
 -2.6889968e-001
 -2.5115259e-001
 -2.2716557e-001
 -1.9759333e-001
 -1.6586549e-001
 -1.3748163e-001
 -1.1840174e-001
 -1.1302346e-001
 -1.2244523e-001
 -1.4367517e-001
 -1.7015872e-001
 -1.9355567e-001
 -2.0625556e-001
 -2.0383755e-001
 -1.8666331e-001
 -1.6004920e-001
 -1.3291253e-001
 -1.1527409e-001
 -1.1536400e-001
 -1.3720347e-001
 -1.7938488e-001
 -2.3540295e-001
 -2.9542122e-001
 -3.4893722e-001
 -3.8756281e-001
 -4.0712784e-001
 -4.0853943e-001
 -3.9720952e-001
 -3.8128208e-001
 -3.6922512e-001
 -3.6750608e-001
 -3.7900481e-001
 -4.0256212e-001
 -4.3369917e-001
 -4.6618764e-001
 -4.9391496e-001
 -5.1244292e-001
 -5.1981195e-001
 -5.1643789e-001
 -5.0427766e-001
 -4.8568608e-001
 -4.6246171e-001
 -4.3545907e-001
 -4.0488000e-001
 -3.7105184e-001
 -3.3528010e-001
 -3.0031724e-001
 -2.7013959e-001
 -2.4901416e-001
 -2.4014916e-001
 -2.4442871e-001
 -2.5974635e-001
 -2.8125969e-001
 -3.0256299e-001
 -3.1743834e-001
 -3.2162955e-001
 -3.1406568e-001
 -2.9714705e-001
 -2.7601983e-001
 -2.5708961e-001
 -2.4624529e-001
 -2.4731618e-001
 -2.6116843e-001
 -2.8562010e-001
 -3.1610572e-001
 -3.4683108e-001
 -3.7207448e-001
 -3.8731491e-001
 -3.8996985e-001
 -3.7965803e-001
 -3.5802217e-001
 -3.2822603e-001
 -2.9427286e-001
 -2.6028806e-001
 -2.2988354e-001
 -2.0569094e-001
 -1.8912038e-001
 -1.8037068e-001
 -1.7867819e-001
 -1.8274221e-001
 -1.9121136e-001
 -2.0307691e-001
 -2.1782139e-001
 -2.3523350e-001
 -2.5492070e-001
 -2.7569561e-001
 -2.9512213e-001
 -3.0951890e-001
 -3.1459760e-001
 -3.0667956e-001
 -2.8416346e-001
 -2.4872276e-001
 -2.0569352e-001
 -1.6331604e-001
 -1.3086912e-001
 -1.1615869e-001
 -1.2312763e-001
 -1.5040634e-001
 -1.9137569e-001
 -2.3583540e-001
 -2.7282461e-001
 -2.9373040e-001
 -2.9470138e-001
 -2.7760832e-001
 -2.4928328e-001
 -2.1934243e-001
 -1.9734637e-001
 -1.9021769e-001
 -2.0067462e-001
 -2.2703327e-001
 -2.6424616e-001
 -3.0566653e-001
 -3.4487884e-001
 -3.7704002e-001
 -3.9945551e-001
 -4.1143413e-001
 -4.1369932e-001
 -4.0770831e-001
 -3.9515162e-001
 -3.7774001e-001
 -3.5722317e-001
 -3.3549297e-001
 -3.1462468e-001
 -2.9677927e-001
 -2.8397706e-001
 -2.7781365e-001
 -2.7920078e-001
 -2.8818842e-001
 -3.0388746e-001
 -3.2449114e-001
 -3.4739725e-001
 -3.6944938e-001
 -3.8732093e-001
 -3.9804032e-001
 -3.9960015e-001
 -3.9152665e-001
 -3.7524141e-001
 -3.5405420e-001
 -3.3269466e-001
 -3.1641015e-001
 -3.0979191e-001
 -3.1560042e-001
 -3.3390297e-001
 -3.6179024e-001
 -3.9380821e-001
 -4.2305622e-001
 -4.4271255e-001
 -4.4761264e-001
 -4.3546723e-001
 -4.0738851e-001
 -3.6757390e-001
 -3.2223075e-001
 -2.7804117e-001
 -2.4059891e-001
 -2.1325506e-001
 -1.9668230e-001
 -1.8924412e-001
 -1.8800453e-001
 -1.9001540e-001
 -1.9343917e-001
 -1.9813398e-001
 -2.0552535e-001
 -2.1784538e-001
 -2.3704580e-001
 -2.6380035e-001
 -2.9696442e-001
 -3.3367545e-001
 -3.7002956e-001
 -4.0205878e-001
 -4.2664146e-001
 -4.4203714e-001
 -4.4791552e-001
 -4.4496511e-001
 -4.3432853e-001
 -4.1715132e-001
 -3.9444017e-001
 -3.6725107e-001
 -3.3705056e-001
 -3.0599584e-001
 -2.7690613e-001
 -2.5283781e-001
 -2.3636693e-001
 -2.2883878e-001
 -2.2989247e-001
 -2.3748223e-001
 -2.4842752e-001
 -2.5931087e-001
 -2.6739685e-001
 -2.7123369e-001
 -2.7072976e-001
 -2.6671737e-001
 -2.6023171e-001
 -2.5184953e-001
 -2.4139728e-001
 -2.2816469e-001
 -2.1152281e-001
 -1.9164959e-001
 -1.6999964e-001
 -1.4925148e-001
 -1.3268571e-001
 -1.2319859e-001
 -1.2232830e-001
 -1.2968962e-001
 -1.4306557e-001
 -1.5915003e-001
 -1.7467814e-001
 -1.8752525e-001
 -1.9736569e-001
 -2.0565317e-001
 -2.1494724e-001
 -2.2785805e-001
 -2.4601736e-001
 -2.6945601e-001
 -2.9659332e-001
 -3.2479703e-001
 -3.5125670e-001
 -3.7381205e-001
 -3.9142820e-001
 -4.0417993e-001
 -4.1282099e-001
 -4.1817947e-001
 -4.2067031e-001
 -4.2013814e-001
 -4.1607916e-001
 -4.0811567e-001
 -3.9648763e-001
 -3.8232415e-001
 -3.6755872e-001
 -3.5450584e-001
 -3.4525480e-001
 -3.4110398e-001
 -3.4223317e-001
 -3.4771238e-001
 -3.5581967e-001
 -3.6453944e-001
 -3.7207025e-001
 -3.7719287e-001
 -3.7941407e-001
 -3.7887866e-001
 -3.7610455e-001
 -3.7163155e-001
 -3.6568678e-001
 -3.5796430e-001
 -3.4759944e-001
 -3.3338267e-001
 -3.1420103e-001
 -2.8961712e-001
 -2.6041747e-001
 -2.2891737e-001
 -1.9883297e-001
 -1.7463950e-001
 -1.6050748e-001
 -1.5908933e-001
 -1.7054226e-001
 -1.9215692e-001
 -2.1879933e-001
 -2.4410983e-001
 -2.6213072e-001
 -2.6886238e-001
 -2.6324933e-001
 -2.4728393e-001
 -2.2521909e-001
 -2.0218881e-001
 -1.8272779e-001
 -1.6968620e-001
 -1.6385521e-001
 -1.6432908e-001
 -1.6934951e-001
 -1.7721833e-001
 -1.8688571e-001
 -1.9800498e-001
 -2.1050796e-001
 -2.2397952e-001
 -2.3720017e-001
 -2.4814231e-001
 -2.5448842e-001
 -2.5448442e-001
 -2.4776411e-001
 -2.3576069e-001
 -2.2147284e-001
 -2.0861373e-001
 -2.0043268e-001
 -1.9864935e-001
 -2.0291406e-001
 -2.1101241e-001
 -2.1974366e-001
 -2.2613756e-001
 -2.2853938e-001
 -2.2714338e-001
 -2.2377242e-001
 -2.2099951e-001
 -2.2096821e-001
 -2.2438939e-001
 -2.3012390e-001
 -2.3553072e-001
 -2.3745958e-001
 -2.3351260e-001
 -2.2309134e-001
 -2.0782439e-001
 -1.9120428e-001
 -1.7755838e-001
 -1.7072187e-001
 -1.7287984e-001
 -1.8396699e-001
 -2.0179536e-001
 -2.2281348e-001
 -2.4318792e-001
 -2.5981827e-001
 -2.7096591e-001
 -2.7635600e-001
 -2.7681965e-001
 -2.7369842e-001
 -2.6828210e-001
 -2.6148913e-001
 -2.5386401e-001
 -2.4581912e-001
 -2.3794886e-001
 -2.3122558e-001
 -2.2695105e-001
 -2.2645274e-001
 -2.3063353e-001
 -2.3955834e-001
 -2.5226283e-001
 -2.6689489e-001
 -2.8117783e-001
 -2.9305876e-001
 -3.0132601e-001
 -3.0597607e-001
 -3.0818955e-001
 -3.0990989e-001
 -3.1316161e-001
 -3.1934360e-001
 -3.2874810e-001
 -3.4047920e-001
 -3.5279856e-001
 -3.6376457e-001
 -3.7191540e-001
 -3.7672480e-001
 -3.7864662e-001
 -3.7873083e-001
 -3.7797649e-001
 -3.7671026e-001
 -3.7428603e-001
 -3.6928101e-001
 -3.6015778e-001
 -3.4615230e-001
 -3.2802204e-001
 -3.0830602e-001
 -2.9090955e-001
 -2.8007533e-001
 -2.7904381e-001
 -2.8884613e-001
 -3.0765725e-001
 -3.3096888e-001
 -3.5258117e-001
 -3.6614983e-001
 -3.6684848e-001
 -3.5266945e-001
 -3.2499379e-001
 -2.8827545e-001
 -2.4893573e-001
 -2.1378088e-001
 -1.8837816e-001
 -1.7582440e-001
 -1.7621946e-001
 -1.8695077e-001
 -2.0366321e-001
 -2.2159804e-001
 -2.3689213e-001
 -2.4746284e-001
 -2.5325230e-001
 -2.5581960e-001
 -2.5747669e-001
 -2.6029535e-001
 -2.6532530e-001
 -2.7225969e-001
 -2.7960795e-001
 -2.8525628e-001
 -2.8717900e-001
 -2.8404726e-001
 -2.7555958e-001
 -2.6244868e-001
 -2.4624126e-001
 -2.2891193e-001
 -2.1256207e-001
 -1.9918774e-001
 -1.9052369e-001
 -1.8790605e-001
 -1.9210764e-001
 -2.0315367e-001
 -2.2018447e-001
 -2.4145537e-001
 -2.6452999e-001
 -2.8664791e-001
 -3.0516908e-001
 -3.1796180e-001
 -3.2363185e-001
 -3.2157308e-001
 -3.1191018e-001
 -2.9544817e-001
 -2.7371029e-001
 -2.4904737e-001
 -2.2469081e-001
 -2.0456565e-001
 -1.9272915e-001
 -1.9245155e-001
 -2.0515303e-001
 -2.2956189e-001
 -2.6148014e-001
 -2.9439799e-001
 -3.2092467e-001
 -3.3469634e-001
 -3.3220477e-001
 -3.1395754e-001
 -2.8455774e-001
 -2.5162442e-001
 -2.2384540e-001
 -2.0873100e-001
 -2.1072219e-001
 -2.3017623e-001
 -2.6346103e-001
 -3.0404567e-001
 -3.4419715e-001
 -3.7676845e-001
 -3.9661238e-001
 -4.0133888e-001
 -3.9136822e-001
 -3.6943110e-001
 -3.3976871e-001
 -3.0727718e-001
 -2.7675284e-001
 -2.5228524e-001
 -2.3677233e-001
 -2.3152806e-001
 -2.3601124e-001
 -2.4777998e-001
 -2.6281126e-001
 -2.7627117e-001
 -2.8367575e-001
 -2.8219072e-001
 -2.7166742e-001
 -2.5499201e-001
 -2.3748050e-001
 -2.2535975e-001
 -2.2373075e-001
 -2.3467337e-001
 -2.5619685e-001
 -2.8251606e-001
 -3.0569700e-001
 -3.1821430e-001
 -3.1558741e-001
 -2.9816547e-001
 -2.7137020e-001
 -2.4421248e-001
 -2.2649812e-001
 -2.2561636e-001
 -2.4398442e-001
 -2.7803007e-001
 -3.1909351e-001
 -3.5599068e-001
 -3.7842451e-001
 -3.8014827e-001
 -3.6086946e-001
 -3.2630039e-001
 -2.8636491e-001
 -2.5215771e-001
 -2.3263068e-001
 -2.3203623e-001
 -2.4888465e-001
 -2.7667249e-001
 -3.0607932e-001
 -3.2789099e-001
 -3.3572034e-001
 -3.2770887e-001
 -3.0675429e-001
 -2.7929271e-001
 -2.5311044e-001
 -2.3492931e-001
 -2.2852521e-001
 -2.3391422e-001
 -2.4776258e-001
 -2.6477988e-001
 -2.7956869e-001
 -2.8831072e-001
 -2.8978180e-001
 -2.8544864e-001
 -2.7871062e-001
 -2.7360569e-001
 -2.7342774e-001
 -2.7967931e-001
 -2.9163801e-001
 -3.0660696e-001
 -3.2072229e-001
 -3.3005597e-001
 -3.3170662e-001
 -3.2460639e-001
 -3.0986216e-001
 -2.9056240e-001
 -2.7109329e-001
 -2.5610628e-001
 -2.4935777e-001
 -2.5269146e-001
 -2.6543721e-001
 -2.8443742e-001
 -3.0477323e-001
 -3.2106687e-001
 -3.2903345e-001
 -3.2682216e-001
 -3.1568986e-001
 -2.9972099e-001
 -2.8461018e-001
 -2.7586091e-001
 -2.7699529e-001
 -2.8840854e-001
 -3.0729859e-001
 -3.2871595e-001
 -3.4735377e-001
 -3.5940296e-001
 -3.6376284e-001
 -3.6214997e-001
 -3.5809398e-001
 -3.5526749e-001
 -3.5587373e-001
 -3.5978599e-001
 -3.6480397e-001
 -3.6789912e-001
 -3.6687636e-001
 -3.6167893e-001
 -3.5470093e-001
 -3.4989666e-001
 -3.5101036e-001
 -3.5966456e-001
 -3.7415788e-001
 -3.8957521e-001
 -3.9929679e-001
 -3.9741382e-001
 -3.8115377e-001
 -3.5235706e-001
 -3.1736442e-001
 -2.8525461e-001
 -2.6499621e-001
 -2.6250353e-001
 -2.7865117e-001
 -3.0897312e-001
 -3.4517235e-001
 -3.7791539e-001
 -3.9992516e-001
 -4.0828406e-001
 -4.0515137e-001
 -3.9667682e-001
 -3.9053959e-001
 -3.9302446e-001
 -4.0669082e-001
 -4.2945092e-001
 -4.5534724e-001
 -4.7670262e-001
 -4.8683737e-001
 -4.8237387e-001
 -4.6433259e-001
 -4.3768382e-001
 -4.0957856e-001
 -3.8693411e-001
 -3.7423811e-001
 -3.7230758e-001
 -3.7836129e-001
 -3.8728586e-001
 -3.9357431e-001
 -3.9322509e-001
 -3.8496103e-001
 -3.7041440e-001
 -3.5330974e-001
 -3.3801961e-001
 -3.2805322e-001
 -3.2501373e-001
 -3.2834914e-001
 -3.3591151e-001
 -3.4504410e-001
 -3.5373967e-001
 -3.6141259e-001
 -3.6899425e-001
 -3.7832972e-001
 -3.9112319e-001
 -4.0785328e-001
 -4.2709662e-001
 -4.4555491e-001
 -4.5882977e-001
 -4.6271986e-001
 -4.5462028e-001
 -4.3455069e-001
 -4.0544550e-001
 -3.7256866e-001
 -3.4219317e-001
 -3.1992014e-001
 -3.0913153e-001
 -3.1003881e-001
 -3.1961909e-001
 -3.3247449e-001
 -3.4238427e-001
 -3.4411908e-001
 -3.3500604e-001
 -3.1579505e-001
 -2.9056299e-001
 -2.6565682e-001
 -2.4794689e-001
 -2.4286663e-001
 -2.5279190e-001
 -2.7623633e-001
 -3.0812190e-001
 -3.4108295e-001
 -3.6746193e-001
 -3.8144388e-001
 -3.8071958e-001
 -3.6718508e-001
 -3.4644874e-001
 -3.2625279e-001
 -3.1423201e-001
 -3.1563564e-001
 -3.3167156e-001
 -3.5897736e-001
 -3.9041829e-001
 -4.1703736e-001
 -4.3064054e-001
 -4.2629101e-001
 -4.0397705e-001
 -3.6892291e-001
 -3.3038184e-001
 -2.9918703e-001
 -2.8471502e-001
 -2.9212153e-001
 -3.2067226e-001
 -3.6370679e-001
 -4.1031468e-001
 -4.4829616e-001
 -4.6757881e-001
 -4.6309351e-001
 -4.3624365e-001
 -3.9450412e-001
 -3.4924638e-001
 -3.1243130e-001
 -2.9316627e-001
 -2.9516854e-001
 -3.1589190e-001
 -3.4754806e-001
 -3.7965913e-001
 -4.0230753e-001
 -4.0905800e-001
 -3.9866780e-001
 -3.7512039e-001
 -3.4606776e-001
 -3.2026178e-001
 -3.0483948e-001
 -3.0331892e-001
 -3.1488035e-001
 -3.3505883e-001
 -3.5751126e-001
 -3.7619446e-001
 -3.8719958e-001
 -3.8965184e-001
 -3.8543949e-001
 -3.7795864e-001
 -3.7040667e-001
 -3.6430693e-001
 -3.5884962e-001
 -3.5131964e-001
 -3.3846048e-001
 -3.1824723e-001
 -2.9135187e-001
 -2.6166139e-001
 -2.3553728e-001
 -2.1997279e-001
 -2.2024079e-001
 -2.3786233e-001
 -2.6966467e-001
 -3.0834583e-001
 -3.4444268e-001
 -3.6909849e-001
 -3.7672885e-001
 -3.6670503e-001
 -3.4350384e-001
 -3.1529341e-001
 -2.9144605e-001
 -2.7980647e-001
 -2.8458389e-001
 -3.0547921e-001
 -3.3821108e-001
 -3.7613698e-001
 -4.1234343e-001
 -4.4150318e-001
 -4.6096721e-001
 -4.7088700e-001
 -4.7350934e-001
 -4.7202599e-001
 -4.6942400e-001
 -4.6768091e-001
 -4.6745247e-001
 -4.6820555e-001
 -4.6862769e-001
 -4.6712322e-001
 -4.6225942e-001
 -4.5310313e-001
 -4.3944256e-001
 -4.2190035e-001
 -4.0192639e-001
 -3.8164218e-001
 -3.6352129e-001
 -3.4993605e-001
 -3.4266148e-001
 -3.4246996e-001
 -3.4894743e-001
 -3.6060743e-001
 -3.7529059e-001
 -3.9074524e-001
 -4.0522513e-001
 -4.1793046e-001
 -4.2916137e-001
 -4.4013303e-001
 -4.5249381e-001
 -4.6766938e-001
 -4.8620542e-001
 -5.0729067e-001
 -5.2860662e-001
 -5.4657742e-001
 -5.5699805e-001
 -5.5592069e-001
 -5.4060418e-001
 -5.1029966e-001
 -4.6667141e-001
 -4.1373128e-001
 -3.5728188e-001
 -3.0398383e-001
 -2.6025179e-001
 -2.3121401e-001
 -2.1993369e-001
 -2.2700351e-001
 -2.5052355e-001
 -2.8639778e-001
 -3.2886088e-001
 -3.7117273e-001
 -4.0645944e-001
 -4.2869261e-001
 -4.3375029e-001
 -4.2039822e-001
 -3.9091847e-001
 -3.5106993e-001
 -3.0915629e-001
 -2.7421739e-001
 -2.5368872e-001
 -2.5116873e-001
 -2.6505353e-001
 -2.8864634e-001
 -3.1192752e-001
 -3.2459930e-001
 -3.1950232e-001
 -2.9525303e-001
 -2.5710731e-001
 -2.1560394e-001
 -1.8331086e-001
 -1.7070955e-001
 -1.8262970e-001
 -2.1651850e-001
 -2.6321555e-001
 -3.1001530e-001
 -3.4496065e-001
 -3.6084417e-001
 -3.5748250e-001
 -3.4145162e-001
 -3.2339787e-001
 -3.1392431e-001
 -3.1956557e-001
 -3.4031462e-001
 -3.6958004e-001
 -3.9655612e-001
 -4.1011979e-001
 -4.0284558e-001
 -3.7373156e-001
 -3.2873249e-001
 -2.7899528e-001
 -2.3748169e-001
 -2.1516315e-001
 -2.1802727e-001
 -2.4576265e-001
 -2.9235981e-001
 -3.4822781e-001
 -4.0300077e-001
 -4.4811561e-001
 -4.7846515e-001
 -4.9284138e-001
 -4.9330724e-001
 -4.8392311e-001
 -4.6933530e-001
 -4.5363000e-001
 -4.3965250e-001
 -4.2878934e-001
 -4.2108522e-001
 -4.1553752e-001
 -4.1045302e-001
 -4.0381530e-001
 -3.9365378e-001
 -3.7840882e-001
 -3.5726214e-001
 -3.3037284e-001
 -2.9895046e-001
 -2.6511855e-001
 -2.3156862e-001
 -2.0105756e-001
 -1.7584546e-001
 -1.5719093e-001
 -1.4501630e-001
 -1.3782805e-001
 -1.3293366e-001
 -1.2694205e-001
 -1.1647479e-001
 -9.8959339e-002
 -7.3335508e-002
 -4.0497415e-002
 -3.3279575e-003
  3.3736430e-002
  6.5559290e-002
  8.7405135e-002
  9.6027868e-002
  9.0459996e-002
  7.2270350e-002
  4.5188684e-002
  1.4172566e-002
 -1.5834493e-002
 -4.1092142e-002
 -5.9832873e-002
 -7.2364843e-002
 -8.0477972e-002
 -8.6371890e-002
 -9.1512788e-002
 -9.5873857e-002
 -9.7885348e-002
 -9.5148657e-002
 -8.5652086e-002
 -6.8992946e-002
 -4.7068535e-002
 -2.3882112e-002
 -4.4592089e-003
  6.7533531e-003
  7.3892815e-003
 -2.0477682e-003
 -1.8455927e-002
 -3.7389684e-002
 -5.4804076e-002
 -6.8571076e-002
 -7.9122116e-002
 -8.8920671e-002
 -1.0096043e-001
 -1.1691511e-001
 -1.3575029e-001
 -1.5345674e-001
 -1.6412709e-001
 -1.6204257e-001
 -1.4398952e-001
 -1.1087575e-001
 -6.7939457e-002
 -2.3364013e-002
  1.4268810e-002
  3.8782326e-002
  4.8429620e-002
  4.6376335e-002
  3.9454366e-002
  3.5654618e-002
  4.1302469e-002
  5.8966609e-002
  8.6850053e-002
  1.1982598e-001
  1.5164819e-001
  1.7743823e-001
  1.9549069e-001
  2.0775340e-001
  2.1888740e-001
  2.3436226e-001
  2.5837793e-001
  2.9240666e-001
  3.3484170e-001
  3.8176919e-001
  4.2844655e-001
  4.7084217e-001
  5.0663958e-001
  5.3538957e-001
  5.5787225e-001
  5.7504871e-001
  5.8711713e-001
  5.9310280e-001
