 -1.9193265e-001
 -2.6425148e-001
 -3.3977498e-001
 -4.0579430e-001
 -4.5128945e-001
 -4.6944969e-001
 -4.5918871e-001
 -4.2526670e-001
 -3.7698660e-001
 -3.2581516e-001
 -2.8257737e-001
 -2.5498460e-001
 -2.4614132e-001
 -2.5436406e-001
 -2.7424692e-001
 -2.9855480e-001
 -3.2033641e-001
 -3.3467038e-001
 -3.3965576e-001
 -3.3653451e-001
 -3.2907719e-001
 -3.2249854e-001
 -3.2218669e-001
 -3.3247212e-001
 -3.5559673e-001
 -3.9101134e-001
 -4.3513078e-001
 -4.8166741e-001
 -5.2259994e-001
 -5.4969759e-001
 -5.5633893e-001
 -5.3921173e-001
 -4.9942739e-001
 -4.4267625e-001
 -3.7827645e-001
 -3.1726639e-001
 -2.6996893e-001
 -2.4362763e-001
 -2.4072997e-001
 -2.5847998e-001
 -2.8960043e-001
 -3.2430061e-001
 -3.5292515e-001
 -3.6858792e-001
 -3.6905909e-001
 -3.5734025e-001
 -3.4070730e-001
 -3.2843959e-001
 -3.2886300e-001
 -3.4658142e-001
 -3.8075993e-001
 -4.2503537e-001
 -4.6913832e-001
 -5.0176693e-001
 -5.1383658e-001
 -5.0108976e-001
 -4.6524588e-001
 -4.1334585e-001
 -3.5554340e-001
 -3.0210827e-001
 -2.6065429e-001
 -2.3449530e-001
 -2.2260295e-001
 -2.2104401e-001
 -2.2523226e-001
 -2.3204289e-001
 -2.4091844e-001
 -2.5351943e-001
 -2.7208236e-001
 -2.9721034e-001
 -3.2611216e-001
 -3.5219568e-001
 -3.6643161e-001
 -3.6020130e-001
 -3.2869053e-001
 -2.7354839e-001
 -2.0365721e-001
 -1.3344583e-001
 -7.9038711e-002
 -5.3361834e-002
 -6.1807779e-002
 -9.9991029e-002
 -1.5449149e-001
 -2.0649176e-001
 -2.3721074e-001
 -2.3339064e-001
 -1.9105178e-001
 -1.1631790e-001
 -2.3123160e-002
  7.1326170e-002
  1.5173441e-001
  2.0880652e-001
  2.4099344e-001
  2.5354326e-001
  2.5547563e-001
  2.5576722e-001
  2.6018212e-001
  2.6978646e-001
  2.8144574e-001
  2.8982525e-001
  2.8990210e-001
  2.7892461e-001
  2.5710901e-001
  2.2696529e-001
  1.9172951e-001
  1.5371339e-001
  1.1334557e-001
  6.9314823e-002
  1.9705347e-002
 -3.6435373e-002
 -9.7848790e-002
 -1.6075342e-001
 -2.1968268e-001
 -2.6918976e-001
 -3.0575126e-001
 -3.2908536e-001
 -3.4230274e-001
 -3.5075287e-001
 -3.5994369e-001
 -3.7329845e-001
 -3.9061790e-001
 -4.0789048e-001
 -4.1861438e-001
 -4.1623501e-001
 -3.9686618e-001
 -3.6131870e-001
 -3.1566598e-001
 -2.7006552e-001
 -2.3615406e-001
 -2.2382747e-001
 -2.3842694e-001
 -2.7920974e-001
 -3.3954404e-001
 -4.0869887e-001
 -4.7460686e-001
 -5.2672543e-001
 -5.5817802e-001
 -5.6667238e-001
 -5.5412911e-001
 -5.2534717e-001
 -4.8625551e-001
 -4.4230593e-001
 -3.9739052e-001
 -3.5341630e-001
 -3.1044758e-001
 -2.6720687e-001
 -2.2172209e-001
 -1.7198146e-001
 -1.1654174e-001
 -5.5076209e-002
  1.1172934e-002
  7.9129394e-002
  1.4393653e-001
  1.9943818e-001
  2.3909375e-001
  2.5718608e-001
  2.5004506e-001
  2.1695277e-001
  1.6045278e-001
  8.5948956e-002
  6.9304478e-004
 -8.7550753e-002
 -1.7178361e-001
 -2.4665017e-001
 -3.0873233e-001
 -3.5629172e-001
 -3.8869005e-001
 -4.0581411e-001
 -4.0779240e-001
 -3.9512634e-001
 -3.6913944e-001
 -3.3246523e-001
 -2.8923601e-001
 -2.4473408e-001
 -2.0449321e-001
 -1.7309857e-001
 -1.5311085e-001
 -1.4454610e-001
 -1.4515731e-001
 -1.5145180e-001
 -1.6006834e-001
 -1.6896805e-001
 -1.7794855e-001
 -1.8826462e-001
 -2.0152331e-001
 -2.1835303e-001
 -2.3747453e-001
 -2.5565552e-001
 -2.6865943e-001
 -2.7285207e-001
 -2.6680253e-001
 -2.5215815e-001
 -2.3333042e-001
 -2.1600758e-001
 -2.0501753e-001
 -2.0238415e-001
 -2.0640488e-001
 -2.1221167e-001
 -2.1369468e-001
 -2.0609809e-001
 -1.8827533e-001
 -1.6366265e-001
 -1.3948537e-001
 -1.2438464e-001
 -1.2528466e-001
 -1.4465699e-001
 -1.7923796e-001
 -2.2074282e-001
 -2.5838672e-001
 -2.8234731e-001
 -2.8694675e-001
 -2.7242912e-001
 -2.4472249e-001
 -2.1330468e-001
 -1.8796107e-001
 -1.7558599e-001
 -1.7811514e-001
 -1.9222975e-001
 -2.1082594e-001
 -2.2563962e-001
 -2.3006772e-001
 -2.2123440e-001
 -2.0068090e-001
 -1.7356945e-001
 -1.4679150e-001
 -1.2669257e-001
 -1.1717968e-001
 -1.1877412e-001
 -1.2880714e-001
 -1.4256741e-001
 -1.5492609e-001
 -1.6186967e-001
 -1.6147074e-001
 -1.5406702e-001
 -1.4170491e-001
 -1.2713541e-001
 -1.1276022e-001
 -9.9893491e-002
 -8.8557865e-002
 -7.7835119e-002
 -6.6607829e-002
 -5.4414382e-002
 -4.2118073e-002
 -3.2157130e-002
 -2.8268276e-002
 -3.4724529e-002
 -5.5261195e-002
 -9.1952761e-002
 -1.4432916e-001
 -2.0897724e-001
 -2.7977025e-001
 -3.4872701e-001
 -4.0735322e-001
 -4.4819704e-001
 -4.6628743e-001
 -4.6013624e-001
 -4.3206993e-001
 -3.8779791e-001
 -3.3528834e-001
 -2.8317571e-001
 -2.3903616e-001
 -2.0791256e-001
 -1.9143829e-001
 -1.8779228e-001
 -1.9252917e-001
 -2.0009960e-001
 -2.0566130e-001
 -2.0665142e-001
 -2.0360673e-001
 -1.9990779e-001
 -2.0045237e-001
 -2.0963821e-001
 -2.2932374e-001
 -2.5751648e-001
 -2.8835313e-001
 -3.1352092e-001
 -3.2475679e-001
 -3.1663355e-001
 -2.8866970e-001
 -2.4596692e-001
 -1.9804955e-001
 -1.5619763e-001
 -1.3010804e-001
 -1.2498266e-001
 -1.4001952e-001
 -1.6880791e-001
 -2.0146727e-001
 -2.2776720e-001
 -2.4014206e-001
 -2.3559156e-001
 -2.1590294e-001
 -1.8627123e-001
 -1.5298231e-001
 -1.2113464e-001
 -9.3292992e-002
 -6.9530085e-002
 -4.8701068e-002
 -3.0261488e-002
 -1.5701967e-002
 -8.8335312e-003
 -1.4653814e-002
 -3.7154192e-002
 -7.6930360e-002
 -1.2962064e-001
 -1.8594124e-001
 -2.3350954e-001
 -2.5997107e-001
 -2.5643977e-001
 -2.2012057e-001
 -1.5525841e-001
 -7.2133502e-002
  1.5526588e-002
  9.3864112e-002
  1.5192979e-001
  1.8363533e-001
  1.8825579e-001
  1.6961705e-001
  1.3447274e-001
  9.0704960e-002
  4.5868668e-002
  6.3294263e-003
 -2.3048598e-002
 -3.8905335e-002
 -3.9359487e-002
 -2.4130671e-002
  5.1989164e-003
  4.4959649e-002
  8.9458023e-002
  1.3152744e-001
  1.6360336e-001
  1.7915277e-001
  1.7411686e-001
  1.4796078e-001
  1.0399495e-001
  4.8819251e-002
 -9.0159917e-003
 -6.0820155e-002
 -9.9603226e-002
 -1.2150387e-001
 -1.2647416e-001
 -1.1808001e-001
 -1.0248821e-001
 -8.6893769e-002
 -7.7760700e-002
 -7.9286559e-002
 -9.2452487e-002
 -1.1489239e-001
 -1.4162606e-001
 -1.6648446e-001
 -1.8385969e-001
 -1.9029608e-001
 -1.8544936e-001
 -1.7209938e-001
 -1.5517759e-001
 -1.4008883e-001
 -1.3086022e-001
 -1.2874050e-001
 -1.3175029e-001
 -1.3537230e-001
 -1.3417235e-001
 -1.2380022e-001
 -1.0266809e-001
 -7.2708605e-002
 -3.8943672e-002
 -8.0250184e-003
  1.3727612e-002
  2.2107355e-002
  1.6043611e-002
 -2.3909438e-003
 -2.8859483e-002
 -5.8099188e-002
 -8.5200996e-002
 -1.0644486e-001
 -1.1957200e-001
 -1.2363873e-001
 -1.1873182e-001
 -1.0578415e-001
 -8.6558818e-002
 -6.3680517e-002
 -4.0496097e-002
 -2.0600075e-002
 -7.0352685e-003
 -1.3820395e-003
 -3.0730601e-003
 -9.2464882e-003
 -1.5283388e-002
 -1.5935632e-002
 -6.7382788e-003
  1.4702322e-002
  4.7915403e-002
  8.9485466e-002
  1.3369818e-001
  1.7373927e-001
  2.0315317e-001
  2.1723118e-001
  2.1403640e-001
  1.9486083e-001
  1.6402748e-001
  1.2807708e-001
  9.4500186e-002
  7.0271138e-002
  6.0490132e-002
  6.7424366e-002
  9.0152731e-002
  1.2487545e-001
  1.6578602e-001
  2.0626609e-001
  2.4009789e-001
  2.6241531e-001
  2.7022353e-001
  2.6246722e-001
  2.3976376e-001
  2.0399211e-001
  1.5791671e-001
  1.0494362e-001
  4.8994126e-002
 -5.6058118e-003
 -5.4344115e-002
 -9.2919378e-002
 -1.1778304e-001
 -1.2669074e-001
 -1.1907567e-001
 -9.6088521e-002
 -6.0257615e-002
 -1.4866652e-002
  3.6735009e-002
  9.1638605e-002
  1.4751731e-001
  2.0237558e-001
  2.5405905e-001
  2.9980538e-001
  3.3613135e-001
  3.5923304e-001
  3.6586234e-001
  3.5441459e-001
  3.2581645e-001
  2.8381086e-001
  2.3441112e-001
  1.8458523e-001
  1.4052865e-001
  1.0607359e-001
  8.1782577e-002
  6.5070803e-002
  5.1360144e-002
  3.5907625e-002
  1.5703921e-002
 -9.2036059e-003
 -3.5426079e-002
 -5.7106025e-002
 -6.7684828e-002
 -6.2010497e-002
 -3.8126208e-002
  1.8139992e-003
  5.1784355e-002
  1.0321919e-001
  1.4706372e-001
  1.7597533e-001
  1.8607258e-001
  1.7775709e-001
  1.5538570e-001
  1.2588568e-001
  9.6704293e-002
  7.3684506e-002
  5.9497167e-002
  5.3109410e-002
  5.0459593e-002
  4.6127507e-002
  3.5457641e-002
  1.6430943e-002
 -9.3467772e-003
 -3.6879477e-002
 -5.9165328e-002
 -6.9271233e-002
 -6.2417396e-002
 -3.7414326e-002
  2.9570915e-003
  5.2660523e-002
  1.0390194e-001
  1.4889492e-001
  1.8137951e-001
  1.9755619e-001
  1.9635092e-001
  1.7914460e-001
  1.4920263e-001
  1.1101268e-001
  6.9633037e-002
  3.0052436e-002
 -3.4700282e-003
 -2.8062461e-002
 -4.2775357e-002
 -4.8806712e-002
 -4.9253831e-002
 -4.8359482e-002
 -5.0410006e-002
 -5.8603885e-002
 -7.4255557e-002
 -9.6593667e-002
 -1.2319015e-001
 -1.5081163e-001
 -1.7632966e-001
 -1.9733667e-001
 -2.1228679e-001
 -2.2023416e-001
 -2.2044955e-001
 -2.1225274e-001
 -1.9526715e-001
 -1.7004472e-001
 -1.3874985e-001
 -1.0546765e-001
 -7.5791662e-002
 -5.5626818e-002
 -4.9500794e-002
 -5.8951045e-002
 -8.1616984e-002
 -1.1147205e-001
 -1.4024365e-001
 -1.5963619e-001
 -1.6366232e-001
 -1.5032338e-001
 -1.2209056e-001
 -8.5046693e-002
 -4.7003302e-002
 -1.5241160e-002
  5.3847997e-003
  1.3409693e-002
  1.0591033e-002
  8.1873073e-004
 -1.1390877e-002
 -2.2234892e-002
 -2.9374966e-002
 -3.1988378e-002
 -3.0326599e-002
 -2.5172505e-002
 -1.7558284e-002
 -8.8868609e-003
 -1.3050948e-003
  2.0386204e-003
 -2.7649733e-003
 -1.9476059e-002
 -5.0307284e-002
 -9.4543300e-002
 -1.4781521e-001
 -2.0251096e-001
 -2.4939831e-001
 -2.8004122e-001
 -2.8921642e-001
 -2.7645688e-001
 -2.4611893e-001
 -2.0589592e-001
 -1.6427798e-001
 -1.2785353e-001
 -9.9402482e-002
 -7.7424234e-002
 -5.7201734e-002
 -3.2944421e-002
 -1.9410910e-004
  4.2356940e-002
  9.2210756e-002
  1.4369552e-001
  1.8957290e-001
  2.2304613e-001
  2.3956690e-001
  2.3800414e-001
  2.2098277e-001
  1.9441250e-001
  1.6634926e-001
  1.4537947e-001
  1.3875107e-001
  1.5054415e-001
  1.8027158e-001
  2.2235757e-001
  2.6686473e-001
  3.0157404e-001
  3.1510288e-001
  3.0030979e-001
  2.5696690e-001
  1.9273616e-001
  1.2190628e-001
  6.2026694e-002
  2.9288188e-002
  3.3984527e-002
  7.7451214e-002
  1.5147154e-001
  2.4039007e-001
  3.2533090e-001
  3.8926710e-001
  4.2144233e-001
  4.1987901e-001
  3.9132551e-001
  3.4878635e-001
  3.0748379e-001
  2.8050556e-001
  2.7539692e-001
  2.9258774e-001
  3.2594543e-001
  3.6511022e-001
  3.9878723e-001
  4.1796572e-001
  4.1814508e-001
  4.0001290e-001
  3.6852076e-001
  3.3078406e-001
  2.9355433e-001
  2.6108756e-001
  2.3404950e-001
  2.0972728e-001
  1.8338277e-001
  1.5022969e-001
  1.0735367e-001
  5.4960640e-002
 -3.4055939e-003
 -6.1693613e-002
 -1.1292801e-001
 -1.5106335e-001
 -1.7259507e-001
 -1.7752087e-001
 -1.6943525e-001
 -1.5474919e-001
 -1.4121416e-001
 -1.3607181e-001
 -1.4423731e-001
 -1.6694389e-001
 -2.0121230e-001
 -2.4034988e-001
 -2.7544281e-001
 -2.9753058e-001
 -2.9992405e-001
 -2.8003362e-001
 -2.4016778e-001
 -1.8703681e-001
 -1.3007768e-001
 -7.9078962e-002
 -4.1804458e-002
 -2.2309960e-002
 -2.0416046e-002
 -3.2420379e-002
 -5.2735372e-002
 -7.5857717e-002
 -9.8006764e-002
 -1.1792522e-001
 -1.3665420e-001
 -1.5645764e-001
 -1.7934967e-001
 -2.0578321e-001
 -2.3396337e-001
 -2.6000640e-001
 -2.7886809e-001
 -2.8572089e-001
 -2.7733930e-001
 -2.5308051e-001
 -2.1519339e-001
 -1.6839581e-001
 -1.1886262e-001
 -7.2914137e-002
 -3.5755142e-002
 -1.0578661e-002
  1.7724051e-003
  2.5671252e-003
 -5.4707043e-003
 -1.8962950e-002
 -3.4531761e-002
 -4.9124130e-002
 -6.0006678e-002
 -6.4615356e-002
 -6.0537718e-002
 -4.5848193e-002
 -1.9818052e-002
  1.6235636e-002
  5.8387908e-002
  1.0026659e-001
  1.3416028e-001
  1.5292588e-001
  1.5216121e-001
  1.3188332e-001
  9.7014494e-002
  5.6339078e-002
  2.0137333e-002
 -2.7798533e-003
 -7.6349127e-003
  5.0607942e-003
  3.0017718e-002
  5.9260553e-002
  8.5027611e-002
  1.0239775e-001
  1.1067074e-001
  1.1300661e-001
  1.1450100e-001
  1.1947931e-001
  1.2910001e-001
  1.4024920e-001
  1.4622487e-001
  1.3903147e-001
  1.1248456e-001
  6.4991720e-002
  9.5218915e-004
 -6.9820315e-002
 -1.3456235e-001
 -1.8115797e-001
 -2.0170160e-001
 -1.9484841e-001
 -1.6616911e-001
 -1.2639060e-001
 -8.8107551e-002
 -6.2048027e-002
 -5.4100789e-002
 -6.4024883e-002
 -8.6172438e-002
 -1.1187389e-001
 -1.3259765e-001
 -1.4278237e-001
 -1.4140883e-001
 -1.3185707e-001
 -1.2020508e-001
 -1.1265546e-001
 -1.1304819e-001
 -1.2134879e-001
 -1.3362666e-001
 -1.4349559e-001
 -1.4446911e-001
 -1.3236604e-001
 -1.0689529e-001
 -7.1852291e-002
 -3.3863203e-002
 -1.3665319e-004
  2.3961226e-002
  3.6632946e-002
  4.0058645e-002
  3.9349956e-002
  4.0439218e-002
  4.7678874e-002
  6.2027761e-002
  8.0485814e-002
  9.6986863e-002
  1.0443581e-001
  9.7169511e-002
  7.2973653e-002
  3.3949591e-002
 -1.4066881e-002
 -6.3325079e-002
 -1.0658055e-001
 -1.3928191e-001
 -1.6078164e-001
 -1.7417747e-001
 -1.8486816e-001
 -1.9834615e-001
 -2.1800103e-001
 -2.4369136e-001
 -2.7157140e-001
 -2.9523008e-001
 -3.0776047e-001
 -3.0407330e-001
 -2.8269370e-001
 -2.4645571e-001
 -2.0186920e-001
 -1.5736001e-001
 -1.2093684e-001
 -9.8008195e-002
 -9.0009765e-002
 -9.4233183e-002
 -1.0486205e-001
 -1.1484582e-001
 -1.1799757e-001
 -1.1066345e-001
 -9.2487044e-002
 -6.6116006e-002
 -3.6055337e-002
 -7.1367561e-003
  1.6843571e-002
  3.3887506e-002
  4.3795336e-002
  4.7549766e-002
  4.6454897e-002
  4.1460243e-002
  3.2975285e-002
  2.1229953e-002
  6.9681434e-003
 -7.9108922e-003
 -2.0150224e-002
 -2.5585191e-002
 -2.0178805e-002
 -1.3061009e-003
  3.1190719e-002
  7.4599623e-002
  1.2377402e-001
  1.7226599e-001
  2.1374436e-001
  2.4318793e-001
  2.5747297e-001
  2.5527434e-001
  2.3653207e-001
  2.0193616e-001
  1.5284306e-001
  9.1760917e-002
  2.3150251e-002
 -4.6022558e-002
 -1.0659446e-001
 -1.4871835e-001
 -1.6439881e-001
 -1.5031391e-001
 -1.0985114e-001
 -5.3363860e-002
  3.8240669e-003
  4.5332688e-002
  5.8441516e-002
  3.8049095e-002
 -1.1557491e-002
 -7.7869840e-002
 -1.4398537e-001
 -1.9383982e-001
 -2.1704525e-001
 -2.1165472e-001
 -1.8393561e-001
 -1.4535255e-001
 -1.0799992e-001
 -8.0274179e-002
 -6.4417074e-002
 -5.6763320e-002
 -5.0416194e-002
 -3.9105719e-002
 -2.0544704e-002
  2.1445824e-003
  2.1525653e-002
  2.8996668e-002
  1.8671272e-002
 -9.6365044e-003
 -4.9597803e-002
 -9.0137350e-002
 -1.1917287e-001
 -1.2792872e-001
 -1.1418219e-001
 -8.3186414e-002
 -4.5878157e-002
 -1.4994838e-002
 -5.0924515e-004
 -6.0503879e-003
 -2.7618561e-002
 -5.5058220e-002
 -7.5740078e-002
 -7.9101743e-002
 -6.0400663e-002
 -2.2347638e-002
  2.5913743e-002
  7.2043808e-002
  1.0474035e-001
  1.1744377e-001
  1.1025263e-001
  8.9497049e-002
  6.5282693e-002
  4.8008234e-002
  4.5130717e-002
  5.9238477e-002
  8.7914031e-002
  1.2518001e-001
  1.6378973e-001
  1.9743284e-001
  2.2210753e-001
  2.3635109e-001
  2.4051673e-001
  2.3563769e-001
  2.2250440e-001
  2.0139299e-001
  1.7252470e-001
  1.3696850e-001
  9.7475873e-002
  5.8744997e-002
  2.6841930e-002
  7.8602822e-003
  6.2337205e-003
  2.3291992e-002
  5.6599871e-002
  1.0035811e-001
  1.4677586e-001
  1.8798549e-001
  2.1788837e-001
  2.3335732e-001
  2.3445759e-001
  2.2369238e-001
  2.0460558e-001
  1.8027188e-001
  1.5221238e-001
  1.2010010e-001
  8.2332572e-002
  3.7246590e-002
 -1.5468309e-002
 -7.3673810e-002
 -1.3243057e-001
 -1.8459596e-001
 -2.2229231e-001
 -2.3889344e-001
 -2.3099123e-001
 -1.9975690e-001
 -1.5122706e-001
 -9.5304784e-002
 -4.3617154e-002
 -6.7216686e-003
  8.5984546e-003
  1.1583092e-003
 -2.4288959e-002
 -5.8399777e-002
 -8.9969742e-002
 -1.0928048e-001
 -1.1104945e-001
 -9.6033625e-002
 -7.0723552e-002
 -4.5161832e-002
 -2.9540737e-002
 -3.0665658e-002
 -4.9458716e-002
 -8.0374301e-002
 -1.1299212e-001
 -1.3533653e-001
 -1.3788016e-001
 -1.1692758e-001
 -7.6238092e-002
 -2.6295086e-002
  1.8611196e-002
  4.4596870e-002
  4.2359905e-002
  9.9758854e-003
 -4.6590191e-002
 -1.1541754e-001
 -1.8237032e-001
 -2.3542034e-001
 -2.6815119e-001
 -2.8133591e-001
 -2.8213578e-001
 -2.8125844e-001
 -2.8906907e-001
 -3.1195416e-001
 -3.5010410e-001
 -3.9737429e-001
 -4.4319029e-001
 -4.7581889e-001
 -4.8593668e-001
 -4.6939621e-001
 -4.2839803e-001
 -3.7080029e-001
 -3.0786085e-001
 -2.5113834e-001
 -2.0946821e-001
 -1.8684670e-001
 -1.8174921e-001
 -1.8798487e-001
 -1.9676976e-001
 -1.9939694e-001
 -1.8976079e-001
 -1.6607190e-001
 -1.3134131e-001
 -9.2545978e-002
 -5.8723196e-002
 -3.8498105e-002
 -3.7670853e-002
 -5.7458458e-002
 -9.3819312e-002
 -1.3803120e-001
 -1.7840789e-001
 -2.0278592e-001
 -2.0124170e-001
 -1.6843961e-001
 -1.0507435e-001
 -1.8044172e-002
  8.0751388e-002
  1.7679776e-001
  2.5606162e-001
  3.0811777e-001
  3.2855838e-001
  3.2004344e-001
  2.9163572e-001
  2.5647786e-001
  2.2831816e-001
  2.1775104e-001
  2.2919065e-001
  2.5947037e-001
  2.9856260e-001
  3.3233392e-001
  3.4665097e-001
  3.3171269e-001
  2.8535203e-001
  2.1428687e-001
  1.3285283e-001
  5.9469110e-002
  1.1759245e-002
  1.6694483e-003
  3.1964758e-002
  9.5120945e-002
  1.7497033e-001
  2.5069335e-001
  3.0209565e-001
  3.1475664e-001
  2.8367663e-001
  2.1446874e-001
  1.2181690e-001
  2.5663167e-002
 -5.3810406e-002
 -1.0104115e-001
 -1.0850811e-001
 -7.7879917e-002
 -1.8718931e-002
  5.4730013e-002
  1.2761708e-001
  1.8819465e-001
  2.3011616e-001
  2.5280269e-001
  2.6000956e-001
  2.5730111e-001
  2.4944613e-001
  2.3868142e-001
  2.2439467e-001
  2.0420373e-001
  1.7587489e-001
  1.3922355e-001
  9.7179891e-002
  5.5553602e-002
  2.1551380e-002
  1.5880310e-003
 -7.9668620e-004
  1.3857920e-002
  4.1056519e-002
  7.3762314e-002
  1.0460668e-001
  1.2812404e-001
  1.4224725e-001
  1.4857120e-001
  1.5132961e-001
  1.5547678e-001
  1.6456979e-001
  1.7920912e-001
  1.9659847e-001
  2.1139828e-001
  2.1759956e-001
  2.1078631e-001
  1.9000400e-001
  1.5856298e-001
  1.2344668e-001
  9.3456330e-002
  7.6654939e-002
  7.7927641e-002
  9.7462551e-002
  1.3067267e-001
  1.6961329e-001
  2.0545377e-001
  2.3120455e-001
  2.4380439e-001
  2.4487728e-001
  2.3990904e-001
  2.3612469e-001
  2.3978964e-001
  2.5385825e-001
  2.7678191e-001
  3.0289810e-001
  3.2428461e-001
  3.3345933e-001
  3.2600976e-001
  3.0225011e-001
  2.6732477e-001
  2.2969757e-001
  1.9851050e-001
  1.8067791e-001
  1.7867470e-001
  1.8974771e-001
  2.0680757e-001
  2.2070294e-001
  2.2312712e-001
  2.0920893e-001
  1.7896027e-001
  1.3714594e-001
  9.1672631e-002
  5.1078888e-002
  2.1982823e-002
  7.3197887e-003
  5.8950739e-003
  1.3303910e-002
  2.3804974e-002
  3.2438156e-002
  3.6648086e-002
  3.6905755e-002
  3.6210720e-002
  3.8753753e-002
  4.8281111e-002
  6.6746413e-002
  9.3671336e-002
  1.2634544e-001
  1.6069802e-001
  1.9247701e-001
  2.1832528e-001
  2.3644342e-001
  2.4670925e-001
  2.5031130e-001
  2.4908399e-001
  2.4477843e-001
  2.3847447e-001
  2.3026678e-001
  2.1927333e-001
  2.0394145e-001
  1.8257027e-001
  1.5392773e-001
  1.1781328e-001
  7.5411773e-002
  2.9310087e-002
 -1.6882531e-002
 -5.9264003e-002
 -9.4554302e-002
 -1.2094252e-001
 -1.3859495e-001
 -1.4962829e-001
 -1.5750896e-001
 -1.6603045e-001
 -1.7817723e-001
 -1.9524265e-001
 -2.1649892e-001
 -2.3953686e-001
 -2.6116225e-001
 -2.7853759e-001
 -2.9016685e-001
 -2.9637098e-001
 -2.9907929e-001
 -3.0100354e-001
 -3.0448314e-001
 -3.1041292e-001
 -3.1764657e-001
 -3.2311428e-001
 -3.2265520e-001
 -3.1232262e-001
 -2.8975379e-001
 -2.5516054e-001
 -2.1160506e-001
 -1.6444259e-001
 -1.2007203e-001
 -8.4353252e-002
 -6.1157252e-002
 -5.1475544e-002
 -5.3342381e-002
 -6.2572356e-002
 -7.4070580e-002
 -8.3311716e-002
 -8.7556566e-002
 -8.6481209e-002
 -8.2089286e-002
 -7.7992207e-002
 -7.8306374e-002
 -8.6488723e-002
 -1.0440668e-001
 -1.3184181e-001
 -1.6649868e-001
 -2.0447049e-001
 -2.4102340e-001
 -2.7151354e-001
 -2.9224056e-001
 -3.0106723e-001
 -2.9768996e-001
 -2.8352345e-001
 -2.6125115e-001
 -2.3417097e-001
 -2.0551069e-001
 -1.7788222e-001
 -1.5298866e-001
 -1.3160927e-001
 -1.1379929e-001
 -9.9184439e-002
 -8.7226426e-002
 -7.7380898e-002
 -6.9140543e-002
 -6.2017652e-002
 -5.5544163e-002
 -4.9342780e-002
 -4.3264003e-002
 -3.7521569e-002
 -3.2726886e-002
 -2.9742543e-002
 -2.9344571e-002
 -3.1777267e-002
 -3.6363800e-002
 -4.1361398e-002
 -4.4200187e-002
 -4.2125260e-002
 -3.3107448e-002
 -1.6753689e-002
  5.1111183e-003
  2.8466252e-002
  4.7832937e-002
  5.7607229e-002
  5.3642324e-002
  3.4600451e-002
  2.6128582e-003
 -3.7030255e-002
 -7.7137702e-002
 -1.1048084e-001
 -1.3169507e-001
 -1.3861107e-001
 -1.3257968e-001
 -1.1768999e-001
 -9.9165200e-002
 -8.1515765e-002
 -6.7120775e-002
 -5.5753551e-002
 -4.5214338e-002
 -3.2806532e-002
 -1.7052718e-002
  1.0723578e-003
  1.7955031e-002
  2.8372565e-002
  2.7423224e-002
  1.2644488e-002
 -1.4534182e-002
 -4.8669349e-002
 -8.1708328e-002
 -1.0552996e-001
 -1.1475030e-001
 -1.0874629e-001
 -9.2070961e-002
 -7.2992049e-002
 -6.0584035e-002
 -6.1377235e-002
 -7.6786282e-002
 -1.0230225e-001
 -1.2881146e-001
 -1.4562617e-001
 -1.4417283e-001
 -1.2102928e-001
 -7.9234538e-002
 -2.7426357e-002
  2.2850910e-002
  6.0682804e-002
  7.8923499e-002
  7.5907816e-002
  5.5289211e-002
  2.4264147e-002
 -9.0039772e-003
 -3.7754943e-002
 -5.8004251e-002
 -6.8628844e-002
 -7.0436353e-002
 -6.4866354e-002
 -5.3023744e-002
 -3.5474665e-002
 -1.2790019e-002
  1.3583684e-002
  4.0724085e-002
  6.4373815e-002
  7.9924526e-002
  8.3910882e-002
  7.5383364e-002
  5.6511817e-002
  3.2054684e-002
  7.7972684e-003
 -1.1483389e-002
 -2.3727947e-002
 -3.0263753e-002
 -3.5106387e-002
 -4.3107991e-002
 -5.7644318e-002
 -7.8750909e-002
 -1.0248340e-001
 -1.2183270e-001
 -1.2894012e-001
 -1.1785413e-001
 -8.6843455e-002
 -3.9417988e-002
  1.6339096e-002
  6.9926937e-002
  1.1134637e-001
  1.3380238e-001
  1.3530713e-001
  1.1870992e-001
  9.0242791e-002
  5.7177320e-002
  2.5459777e-002
 -1.8591140e-003
 -2.4921443e-002
 -4.6096775e-002
 -6.8220900e-002
 -9.2769254e-002
 -1.1868441e-001
 -1.4230954e-001
 -1.5846190e-001
 -1.6226306e-001
 -1.5106937e-001
 -1.2580419e-001
 -9.1192119e-002
 -5.4762963e-002
 -2.4906315e-002
 -8.5784287e-003
 -9.3865088e-003
 -2.6659853e-002
 -5.5799566e-002
 -8.9782648e-002
 -1.2131998e-001
 -1.4495773e-001
 -1.5844064e-001
 -1.6291644e-001
 -1.6196539e-001
 -1.5984987e-001
 -1.5965072e-001
 -1.6199220e-001
 -1.6483932e-001
 -1.6445358e-001
 -1.5715575e-001
 -1.4122686e-001
 -1.1819932e-001
 -9.2987077e-002
 -7.2713185e-002
 -6.4572778e-002
 -7.3444922e-002
 -1.0009657e-001
 -1.4064807e-001
 -1.8754511e-001
 -2.3175282e-001
 -2.6544559e-001
 -2.8427474e-001
 -2.8843351e-001
 -2.8216096e-001
 -2.7188255e-001
 -2.6367200e-001
 -2.6095528e-001
 -2.6327501e-001
 -2.6653281e-001
 -2.6457940e-001
 -2.5153637e-001
 -2.2398964e-001
 -1.8227786e-001
 -1.3046724e-001
 -7.5106965e-002
 -2.3300583e-002
  1.9156087e-002
  4.8901916e-002
  6.5066361e-002
  6.8362177e-002
  5.9702234e-002
  3.8999180e-002
  4.7119229e-003
 -4.5614270e-002
 -1.1398033e-001
 -2.0025577e-001
 -3.0086570e-001
 -4.0842463e-001
 -5.1259150e-001
 -6.0200854e-001
 -6.6681390e-001
 -7.0101083e-001
 -7.0399692e-001
 -6.8079315e-001
 -6.4088156e-001
 -5.9594755e-001
 -5.5711521e-001
 -5.3238730e-001
 -5.2493351e-001
 -5.3263867e-001
 -5.4899473e-001
 -5.6507880e-001
 -5.7208824e-001
 -5.6376665e-001
 -5.3808616e-001
 -4.9774715e-001
 -4.4937110e-001
 -4.0161646e-001
 -3.6274587e-001
 -3.3832894e-001
 -3.2972629e-001
 -3.3377180e-001
 -3.4371550e-001
 -3.5111643e-001
 -3.4810234e-001
 -3.2933004e-001
 -2.9311254e-001
 -2.4147644e-001
 -1.7926815e-001
 -1.1271116e-001
 -4.7932104e-002
  1.0109233e-002
  5.8082844e-002
  9.4214765e-002
  1.1794578e-001
  1.2963540e-001
  1.3050629e-001
  1.2281190e-001
  1.1001165e-001
  9.6656671e-002
  8.7773639e-002
  8.7756783e-002
  9.9044365e-002
  1.2104373e-001
  1.4978065e-001
  1.7855572e-001
  1.9954911e-001
  2.0594995e-001
  1.9394279e-001
  1.6387035e-001
  1.2013392e-001
  6.9816080e-002
  2.0465387e-002
 -2.2203039e-002
 -5.5887692e-002
 -8.2002996e-002
 -1.0459967e-001
 -1.2829833e-001
 -1.5599049e-001
 -1.8714829e-001
 -2.1736875e-001
 -2.3934424e-001
 -2.4495622e-001
 -2.2781156e-001
 -1.8540316e-001
 -1.2021544e-001
 -3.9445655e-002
  4.6552625e-002
  1.2662365e-001
  1.9127870e-001
  2.3461291e-001
  2.5520888e-001
  2.5588360e-001
  2.4246085e-001
  2.2199221e-001
  2.0094801e-001
  1.8384432e-001
  1.7259543e-001
  1.6664557e-001
  1.6371269e-001
  1.6083190e-001
  1.5535142e-001
  1.4560799e-001
  1.3115399e-001
  1.1257215e-001
  9.1037223e-002
  6.7833338e-002
  4.4003544e-002
  2.0219706e-002
 -3.1428631e-003
 -2.5818526e-002
 -4.7469563e-002
 -6.7598605e-002
 -8.5583842e-002
 -1.0080452e-001
 -1.1279026e-001
 -1.2133266e-001
 -1.2653277e-001
 -1.2880065e-001
 -1.2884695e-001
 -1.2769757e-001
 -1.2672510e-001
 -1.2764670e-001
 -1.3241719e-001
 -1.4296659e-001
 -1.6079483e-001
 -1.8651695e-001
 -2.1951483e-001
 -2.5785848e-001
 -2.9859778e-001
 -3.3840623e-001
 -3.7442358e-001
 -4.0504591e-001
 -4.3039442e-001
 -4.5227290e-001
 -4.7357856e-001
 -4.9731006e-001
 -5.2545774e-001
 -5.5811434e-001
 -5.9309020e-001
 -6.2617440e-001
 -6.5199899e-001
 -6.6529513e-001
 -6.6222492e-001
 -6.4145413e-001
 -6.0469645e-001
 -5.5658622e-001
 -5.0389146e-001
 -4.5422934e-001
 -4.1456440e-001
 -3.8983005e-001
 -3.8200096e-001
 -3.8984914e-001
 -4.0945196e-001
 -4.3532022e-001
 -4.6183257e-001
 -4.8456186e-001
 -5.0110447e-001
 -5.1118114e-001
 -5.1602561e-001
 -5.1732838e-001
 -5.1616360e-001
 -5.1232859e-001
 -5.0435965e-001
 -4.9021495e-001
 -4.6834210e-001
 -4.3868402e-001
 -4.0319125e-001
 -3.6559628e-001
 -3.3049224e-001
 -3.0203066e-001
 -2.8270329e-001
 -2.7264609e-001
 -2.6971195e-001
 -2.7028001e-001
 -2.7050893e-001
 -2.6759410e-001
 -2.6060388e-001
 -2.5063344e-001
 -2.4026279e-001
 -2.3254561e-001
 -2.2990471e-001
 -2.3332131e-001
 -2.4208206e-001
 -2.5413953e-001
 -2.6692504e-001
 -2.7830211e-001
 -2.8731234e-001
 -2.9445186e-001
 -3.0138880e-001
 -3.1022950e-001
 -3.2259560e-001
 -3.3883577e-001
 -3.5764782e-001
 -3.7624923e-001
 -3.9105330e-001
 -3.9864327e-001
 -3.9674002e-001
 -3.8485912e-001
 -3.6445048e-001
 -3.3847709e-001
 -3.1056818e-001
 -2.8401970e-001
 -2.6096474e-001
 -2.4197973e-001
 -2.2624362e-001
 -2.1217343e-001
 -1.9828791e-001
 -1.8396466e-001
 -1.6979310e-001
 -1.5737792e-001
 -1.4866531e-001
 -1.4506303e-001
 -1.4672592e-001
 -1.5233145e-001
 -1.5948538e-001
 -1.6564163e-001
 -1.6919385e-001
 -1.7029580e-001
 -1.7104188e-001
 -1.7487031e-001
 -1.8535151e-001
 -2.0477731e-001
 -2.3306750e-001
 -2.6741434e-001
 -3.0282638e-001
 -3.3340879e-001
 -3.5395321e-001
 -3.6130720e-001
 -3.5508533e-001
 -3.3753247e-001
 -3.1265237e-001
 -2.8495743e-001
 -2.5829142e-001
 -2.3510062e-001
 -2.1632392e-001
 -2.0182625e-001
 -1.9110975e-001
 -1.8397029e-001
 -1.8083583e-001
 -1.8268753e-001
 -1.9064869e-001
 -2.0545533e-001
 -2.2704907e-001
 -2.5445678e-001
 -2.8598456e-001
 -3.1961843e-001
 -3.5344849e-001
 -3.8594332e-001
 -4.1598670e-001
 -4.4270544e-001
 -4.6521191e-001
 -4.8241711e-001
 -4.9303056e-001
 -4.9577227e-001
 -4.8972560e-001
 -4.7469784e-001
 -4.5145501e-001
 -4.2175053e-001
 -3.8814706e-001
 -3.5369796e-001
 -3.2158240e-001
 -2.9477134e-001
 -2.7575793e-001
 -2.6634548e-001
 -2.6747153e-001
 -2.7906581e-001
 -2.9997643e-001
 -3.2802710e-001
 -3.6026352e-001
 -3.9340158e-001
 -4.2441496e-001
 -4.5112607e-001
 -4.7262387e-001
 -4.8935068e-001
 -5.0278111e-001
 -5.1474168e-001
 -5.2655009e-001
 -5.3824408e-001
 -5.4818068e-001
 -5.5320175e-001
 -5.4939512e-001
 -5.3328048e-001
 -5.0308115e-001
 -4.5967241e-001
 -4.0685968e-001
 -3.5082725e-001
 -2.9885500e-001
 -2.5764193e-001
 -2.3171722e-001
 -2.2241002e-001
 -2.2768763e-001
 -2.4290870e-001
 -2.6225965e-001
 -2.8043643e-001
 -2.9406534e-001
 -3.0244472e-001
 -3.0740541e-001
 -3.1236321e-001
 -3.2088670e-001
 -3.3525057e-001
 -3.5544411e-001
 -3.7895569e-001
 -4.0140449e-001
 -4.1782006e-001
 -4.2416419e-001
 -4.1861423e-001
 -4.0220582e-001
 -3.7863699e-001
 -3.5329947e-001
 -3.3183899e-001
 -3.1868255e-001
 -3.1596631e-001
 -3.2315974e-001
 -3.3745848e-001
 -3.5478267e-001
 -3.7104385e-001
 -3.8328241e-001
 -3.9034346e-001
 -3.9292354e-001
 -3.9302800e-001
 -3.9306020e-001
 -3.9486485e-001
 -3.9904112e-001
 -4.0473643e-001
 -4.0996772e-001
 -4.1234769e-001
 -4.0997012e-001
 -4.0216464e-001
 -3.8987539e-001
 -3.7553414e-001
 -3.6245080e-001
 -3.5389120e-001
 -3.5211209e-001
 -3.5764688e-001
 -3.6907383e-001
 -3.8336283e-001
 -3.9672329e-001
 -4.0571495e-001
 -4.0828630e-001
 -4.0441066e-001
 -3.9610359e-001
 -3.8679895e-001
 -3.8027326e-001
 -3.7946543e-001
 -3.8558256e-001
 -3.9778874e-001
 -4.1357151e-001
 -4.2964018e-001
 -4.4302093e-001
 -4.5194849e-001
 -4.5624078e-001
 -4.5704841e-001
 -4.5611725e-001
 -4.5489048e-001
 -4.5383292e-001
 -4.5226098e-001
 -4.4874658e-001
 -4.4192060e-001
 -4.3132971e-001
 -4.1797162e-001
 -4.0426059e-001
 -3.9340718e-001
 -3.8843825e-001
 -3.9123638e-001
 -4.0197881e-001
 -4.1920168e-001
 -4.4046796e-001
 -4.6337478e-001
 -4.8649432e-001
 -5.0985995e-001
 -5.3477950e-001
 -5.6301716e-001
 -5.9563675e-001
 -6.3194614e-001
 -6.6897045e-001
 -7.0171060e-001
 -7.2417447e-001
 -7.3089371e-001
 -7.1845880e-001
 -6.8658121e-001
 -6.3833661e-001
 -5.7950563e-001
 -5.1721994e-001
 -4.5833966e-001
 -4.0805961e-001
 -3.6914366e-001
 -3.4195660e-001
 -3.2518529e-001
 -3.1691355e-001
 -3.1561714e-001
 -3.2070694e-001
 -3.3244146e-001
 -3.5128156e-001
 -3.7697679e-001
 -4.0777778e-001
 -4.4012725e-001
 -4.6901157e-001
 -4.8891986e-001
 -4.9514170e-001
 -4.8501094e-001
 -4.5871093e-001
 -4.1938681e-001
 -3.7251613e-001
 -3.2470252e-001
 -2.8221458e-001
 -2.4965333e-001
 -2.2908567e-001
 -2.1985004e-001
 -2.1906012e-001
 -2.2265142e-001
 -2.2667652e-001
 -2.2849102e-001
 -2.2750114e-001
 -2.2526170e-001
 -2.2489366e-001
 -2.2998763e-001
 -2.4331697e-001
 -2.6575036e-001
 -2.9570162e-001
 -3.2929440e-001
 -3.6119851e-001
 -3.8588621e-001
 -3.9893137e-001
 -3.9797644e-001
 -3.8311815e-001
 -3.5666424e-001
 -3.2241438e-001
 -2.8474591e-001
 -2.4779784e-001
 -2.1495214e-001
 -1.8865811e-001
 -1.7050266e-001
 -1.6135562e-001
 -1.6143797e-001
 -1.7025514e-001
 -1.8645449e-001
 -2.0774848e-001
 -2.3104972e-001
 -2.5288702e-001
 -2.7004486e-001
 -2.8024886e-001
 -2.8266297e-001
 -2.7800150e-001
 -2.6818318e-001
 -2.5562089e-001
 -2.4238280e-001
 -2.2952087e-001
 -2.1681032e-001
 -2.0299531e-001
 -1.8644689e-001
 -1.6598325e-001
 -1.4154296e-001
 -1.1446372e-001
 -8.7277212e-002
 -6.3118647e-002
 -4.4989547e-002
 -3.5146078e-002
 -3.4803111e-002
 -4.4186953e-002
 -6.2811635e-002
 -8.9767535e-002
 -1.2383476e-001
 -1.6335292e-001
 -2.0593447e-001
 -2.4822442e-001
 -2.8592822e-001
 -3.1423870e-001
 -3.2863133e-001
 -3.2583308e-001
 -3.0467556e-001
 -2.6655646e-001
 -2.1534986e-001
 -1.5677689e-001
 -9.7408144e-002
 -4.3561375e-002
 -3.5772356e-004
  2.8880326e-002
  4.2824717e-002
  4.1977178e-002
  2.8257825e-002
  4.4766347e-003
 -2.6204979e-002
 -6.0751387e-002
 -9.6626322e-002
 -1.3203398e-001
 -1.6600391e-001
 -1.9830614e-001
 -2.2920846e-001
 -2.5912542e-001
 -2.8824544e-001
 -3.1623695e-001
 -3.4211539e-001
 -3.6430210e-001
 -3.8084284e-001
 -3.8970829e-001
 -3.8909092e-001
 -3.7764708e-001
 -3.5468854e-001
 -3.2036930e-001
 -2.7591012e-001
 -2.2384645e-001
 -1.6819970e-001
 -1.1440516e-001
 -6.8836188e-002
 -3.7867422e-002
 -2.6599960e-002
 -3.7561696e-002
 -6.9806217e-002
 -1.1879339e-001
 -1.7722820e-001
 -2.3671934e-001
 -2.8980970e-001
 -3.3175562e-001
 -3.6147469e-001
 -3.8134504e-001
 -3.9593238e-001
 -4.1009784e-001
 -4.2715241e-001
 -4.4769165e-001
 -4.6947916e-001
 -4.8835693e-001
 -4.9979670e-001
 -5.0050460e-001
 -4.8951835e-001
 -4.6846436e-001
 -4.4096974e-001
 -4.1151901e-001
 -3.8420124e-001
 -3.6176930e-001
 -3.4526067e-001
 -3.3419607e-001
 -3.2717397e-001
 -3.2258610e-001
 -3.1920396e-001
 -3.1649485e-001
 -3.1465244e-001
 -3.1441467e-001
 -3.1676660e-001
 -3.2260275e-001
 -3.3239111e-001
 -3.4587562e-001
 -3.6188204e-001
 -3.7832773e-001
 -3.9253320e-001
 -4.0186063e-001
 -4.0456612e-001
 -4.0060175e-001
 -3.9201951e-001
 -3.8268332e-001
 -3.7720400e-001
 -3.7932295e-001
 -3.9026351e-001
 -4.0770860e-001
 -4.2595170e-001
 -4.3740282e-001
 -4.3511953e-001
 -4.1556636e-001
 -3.8058645e-001
 -3.3772408e-001
 -2.9855311e-001
 -2.7538114e-001
 -2.7734597e-001
 -3.0723928e-001
 -3.6022863e-001
 -4.2503233e-001
 -4.8724355e-001
 -5.3371589e-001
 -5.5651365e-001
 -5.5506148e-001
 -5.3576144e-001
 -5.0925109e-001
 -4.8631894e-001
 -4.7396202e-001
 -4.7299466e-001
 -4.7803396e-001
 -4.7981757e-001
 -4.6897604e-001
 -4.3988339e-001
 -3.9321202e-001
 -3.3630055e-001
 -2.8121577e-001
 -2.4117145e-001
 -2.2649182e-001
 -2.4141583e-001
 -2.8272380e-001
 -3.4056119e-001
 -4.0115145e-001
 -4.5054480e-001
 -4.7829466e-001
 -4.8003464e-001
 -4.5829214e-001
 -4.2139557e-001
 -3.8085784e-001
 -3.4801322e-001
 -3.3085488e-001
 -3.3193298e-001
 -3.4785895e-001
 -3.7050475e-001
 -3.8951030e-001
 -3.9534948e-001
 -3.8206157e-001
 -3.4887499e-001
 -3.0029934e-001
 -2.4472939e-001
 -1.9204178e-001
 -1.5093274e-001
 -1.2676502e-001
 -1.2047475e-001
 -1.2872455e-001
 -1.4511056e-001
 -1.6196372e-001
 -1.7219911e-001
 -1.7075885e-001
 -1.5539904e-001
 -1.2679537e-001
 -8.8106111e-002
 -4.4197456e-002
 -7.1847925e-004
  3.6843420e-002
  6.4040133e-002
  7.8193458e-002
  7.8874859e-002
  6.8011317e-002
  4.9518585e-002
  2.8451082e-002
  9.7954915e-003
 -2.8215124e-003
 -8.1516516e-003
 -7.7244994e-003
 -5.4207395e-003
 -6.2483226e-003
 -1.4619801e-002
 -3.2641254e-002
 -5.8992729e-002
 -8.8857755e-002
 -1.1505776e-001
 -1.3014704e-001
 -1.2885743e-001
 -1.1008915e-001
 -7.7720728e-002
 -3.9859991e-002
 -6.6780182e-003
  1.2521922e-002
  1.2043314e-002
 -8.5838157e-003
 -4.4655482e-002
 -8.7981624e-002
 -1.2958416e-001
 -1.6242087e-001
 -1.8316350e-001
 -1.9244312e-001
 -1.9358354e-001
 -1.9043681e-001
 -1.8527555e-001
 -1.7764859e-001
 -1.6468507e-001
 -1.4270629e-001
 -1.0943034e-001
 -6.5770049e-002
 -1.6359285e-002
  3.1547866e-002
  7.0475336e-002
  9.5511465e-002
  1.0634927e-001
  1.0768626e-001
  1.0771460e-001
  1.1519837e-001
  1.3622867e-001
  1.7191823e-001
  2.1796227e-001
  2.6627699e-001
  3.0811537e-001
  3.3747849e-001
  3.5352194e-001
  3.6104533e-001
  3.6888736e-001
  3.8683519e-001
  4.2218948e-001
  4.7721290e-001
  5.4831980e-001
  6.2720452e-001
  7.0341979e-001
  7.6745779e-001
  8.1330094e-001
  8.3969025e-001
  8.4986602e-001
  8.5006285e-001
  8.4739998e-001
  8.4789851e-001
