 -1.0163091e-001
 -1.8676484e-001
 -2.6986961e-001
 -3.3784248e-001
 -3.8075936e-001
 -3.9412738e-001
 -3.7966635e-001
 -3.4450664e-001
 -2.9911621e-001
 -2.5458596e-001
 -2.2002824e-001
 -2.0075229e-001
 -1.9761056e-001
 -2.0754857e-001
 -2.2505389e-001
 -2.4398834e-001
 -2.5925751e-001
 -2.6791198e-001
 -2.6951520e-001
 -2.6585350e-001
 -2.6021891e-001
 -2.5652802e-001
 -2.5847360e-001
 -2.6880304e-001
 -2.8874713e-001
 -3.1761782e-001
 -3.5263927e-001
 -3.8912095e-001
 -4.2106913e-001
 -4.4223872e-001
 -4.4747476e-001
 -4.3404345e-001
 -4.0257836e-001
 -3.5731409e-001
 -3.0544658e-001
 -2.5569895e-001
 -2.1640831e-001
 -1.9360813e-001
 -1.8961218e-001
 -2.0249705e-001
 -2.2665805e-001
 -2.5433110e-001
 -2.7770478e-001
 -2.9106314e-001
 -2.9235987e-001
 -2.8375142e-001
 -2.7089251e-001
 -2.6115378e-001
 -2.6125671e-001
 -2.7502781e-001
 -3.0197289e-001
 -3.3714715e-001
 -3.7240487e-001
 -3.9867461e-001
 -4.0856657e-001
 -3.9849819e-001
 -3.6967171e-001
 -3.2761079e-001
 -2.8043849e-001
 -2.3649337e-001
 -2.0208673e-001
 -1.8012878e-001
 -1.7001905e-001
 -1.6872707e-001
 -1.7255455e-001
 -1.7883252e-001
 -1.8685755e-001
 -1.9769471e-001
 -2.1295117e-001
 -2.3307118e-001
 -2.5594269e-001
 -2.7653340e-001
 -2.8790002e-001
 -2.8336818e-001
 -2.5916481e-001
 -2.1650628e-001
 -1.6223236e-001
 -1.0752695e-001
 -6.4937623e-002
 -4.4559703e-002
 -5.0636703e-002
 -7.9782596e-002
 -1.2154079e-001
 -1.6121708e-001
 -1.8413266e-001
 -1.7993017e-001
 -1.4552649e-001
 -8.5765690e-002
 -1.1618641e-002
  6.3385666e-002
  1.2723668e-001
  1.7265703e-001
  1.9846842e-001
  2.0883431e-001
  2.1086924e-001
  2.1163332e-001
  2.1564371e-001
  2.2372024e-001
  2.3339368e-001
  2.4048979e-001
  2.4109996e-001
  2.3309772e-001
  2.1664853e-001
  1.9364246e-001
  1.6644499e-001
  1.3661907e-001
  1.0423208e-001
  6.8057349e-002
  2.6556056e-002
 -2.0835424e-002
 -7.2733240e-002
 -1.2564302e-001
 -1.7475783e-001
 -2.1545431e-001
 -2.4490874e-001
 -2.6316932e-001
 -2.7320404e-001
 -2.7982871e-001
 -2.8785944e-001
 -3.0015949e-001
 -3.1633137e-001
 -3.3260287e-001
 -3.4303666e-001
 -3.4170546e-001
 -3.2509895e-001
 -2.9390518e-001
 -2.5349353e-001
 -2.1285648e-001
 -1.8229458e-001
 -1.7056255e-001
 -1.8237958e-001
 -2.1708031e-001
 -2.6879496e-001
 -3.2804413e-001
 -3.8419594e-001
 -4.2800859e-001
 -4.5353082e-001
 -4.5891150e-001
 -4.4605861e-001
 -4.1943805e-001
 -3.8450255e-001
 -3.4624641e-001
 -3.0822912e-001
 -2.7218657e-001
 -2.3814967e-001
 -2.0488332e-001
 -1.7045676e-001
 -1.3282390e-001
 -9.0369679e-002
 -4.2415236e-002
  1.0346389e-002
  6.5567038e-002
  1.1923781e-001
  1.6607048e-001
  2.0028721e-001
  2.1670340e-001
  2.1185868e-001
  1.8488748e-001
  1.3786132e-001
  7.5475329e-002
  4.1478952e-003
 -6.9215178e-002
 -1.3843877e-001
 -1.9894287e-001
 -2.4805047e-001
 -2.8473732e-001
 -3.0901867e-001
 -3.2128512e-001
 -3.2189149e-001
 -3.1116981e-001
 -2.8983153e-001
 -2.5952864e-001
 -2.2324415e-001
 -1.8522656e-001
 -1.5036266e-001
 -1.2312769e-001
 -1.0646007e-001
 -1.0098621e-001
 -1.0492502e-001
 -1.1475965e-001
 -1.2646875e-001
 -1.3687969e-001
 -1.4464137e-001
 -1.5044743e-001
 -1.5642549e-001
 -1.6493338e-001
 -1.7724050e-001
 -1.9262639e-001
 -2.0827715e-001
 -2.2006173e-001
 -2.2393926e-001
 -2.1750869e-001
 -2.0114862e-001
 -1.7832666e-001
 -1.5493032e-001
 -1.3778927e-001
 -1.3281549e-001
 -1.4330689e-001
 -1.6891406e-001
 -2.0558091e-001
 -2.4649825e-001
 -2.8382979e-001
 -3.1075413e-001
 -3.2326752e-001
 -3.2123888e-001
 -3.0839451e-001
 -2.9119852e-001
 -2.7691377e-001
 -2.7138857e-001
 -2.7722947e-001
 -2.9293805e-001
 -3.1331608e-001
 -3.3105258e-001
 -3.3902153e-001
 -3.3257321e-001
 -3.1108718e-001
 -2.7828539e-001
 -2.4120454e-001
 -2.0816240e-001
 -1.8637147e-001
 -1.7994970e-001
 -1.8892372e-001
 -2.0947768e-001
 -2.3529285e-001
 -2.5948946e-001
 -2.7652814e-001
 -2.8349242e-001
 -2.8041999e-001
 -2.6968501e-001
 -2.5474052e-001
 -2.3871188e-001
 -2.2333743e-001
 -2.0859406e-001
 -1.9308499e-001
 -1.7499903e-001
 -1.5326266e-001
 -1.2845608e-001
 -1.0315887e-001
 -8.1589721e-002
 -6.8637859e-002
 -6.8573580e-002
 -8.3818005e-002
 -1.1412678e-001
 -1.5641734e-001
 -2.0528919e-001
 -2.5410527e-001
 -2.9636765e-001
 -3.2706128e-001
 -3.4366105e-001
 -3.4658768e-001
 -3.3902869e-001
 -3.2618035e-001
 -3.1408476e-001
 -3.0831123e-001
 -3.1275257e-001
 -3.2877578e-001
 -3.5489445e-001
 -3.8703180e-001
 -4.1933612e-001
 -4.4540712e-001
 -4.5970445e-001
 -4.5885076e-001
 -4.4252726e-001
 -4.1370858e-001
 -3.7810580e-001
 -3.4287477e-001
 -3.1486132e-001
 -2.9883278e-001
 -2.9621253e-001
 -3.0474244e-001
 -3.1924720e-001
 -3.3332909e-001
 -3.4149360e-001
 -3.4101806e-001
 -3.3291099e-001
 -3.2157912e-001
 -3.1324383e-001
 -3.1358903e-001
 -3.2542114e-001
 -3.4716692e-001
 -3.7279575e-001
 -3.9330172e-001
 -3.9936172e-001
 -3.8437294e-001
 -3.4690589e-001
 -2.9174846e-001
 -2.2912318e-001
 -1.7220995e-001
 -1.3362942e-001
 -1.2187938e-001
 -1.3876384e-001
 -1.7859624e-001
 -2.2946821e-001
 -2.7629067e-001
 -3.0480276e-001
 -3.0544990e-001
 -2.7604337e-001
 -2.2243307e-001
 -1.5697005e-001
 -9.5157144e-002
 -5.1408074e-002
 -3.5102265e-002
 -4.8048646e-002
 -8.4068213e-002
 -1.3078765e-001
 -1.7309033e-001
 -1.9719780e-001
 -1.9420312e-001
 -1.6209206e-001
 -1.0579068e-001
 -3.5394200e-002
  3.6745039e-002
  9.9128967e-002
  1.4354398e-001
  1.6626154e-001
  1.6792069e-001
  1.5241857e-001
  1.2536696e-001
  9.2672417e-002
  5.9602457e-002
  3.0419244e-002
  8.4157618e-003
 -3.9322527e-003
 -4.9541461e-003
  5.9804171e-003
  2.8058603e-002
  5.8675626e-002
  9.3398584e-002
  1.2641879e-001
  1.5149920e-001
  1.6323264e-001
  1.5828739e-001
  1.3628127e-001
  1.0000980e-001
  5.4930016e-002
  8.0098298e-003
 -3.3772784e-002
 -6.4908842e-002
 -8.2461704e-002
 -8.6549725e-002
 -8.0123873e-002
 -6.8122111e-002
 -5.6215882e-002
 -4.9442614e-002
 -5.1034412e-002
 -6.1708680e-002
 -7.9588368e-002
 -1.0077990e-001
 -1.2047706e-001
 -1.3431310e-001
 -1.3959271e-001
 -1.3604007e-001
 -1.2581539e-001
 -1.1276316e-001
 -1.0110274e-001
 -9.3974029e-002
 -9.2328453e-002
 -9.4565043e-002
 -9.7069458e-002
 -9.5498411e-002
 -8.6376663e-002
 -6.8446642e-002
 -4.3287714e-002
 -1.4980991e-002
  1.1059929e-002
  2.9674947e-002
  3.7409301e-002
  3.3359352e-002
  1.9192650e-002
 -1.5621076e-003
 -2.4613362e-002
 -4.5969176e-002
 -6.2638416e-002
 -7.2859560e-002
 -7.5964792e-002
 -7.2108366e-002
 -6.2068339e-002
 -4.7200719e-002
 -2.9469210e-002
 -1.1382282e-002
  4.3082907e-003
  1.5170887e-002
  1.9786797e-002
  1.8330894e-002
  1.2793008e-002
  6.6943596e-003
  4.3185568e-003
  9.6383309e-003
  2.5218907e-002
  5.1389539e-002
  8.5904516e-002
  1.2419503e-001
  1.6017973e-001
  1.8748197e-001
  2.0081145e-001
  1.9721846e-001
  1.7692900e-001
  1.4353091e-001
  1.0340643e-001
  6.4480600e-002
  3.4539663e-002
  1.9513470e-002
  2.2158593e-002
  4.1494024e-002
  7.3142523e-002
  1.1047347e-001
  1.4621073e-001
  1.7404189e-001
  1.8978931e-001
  1.9187065e-001
  1.8102540e-001
  1.5952396e-001
  1.3021869e-001
  9.5795936e-002
  5.8452312e-002
  2.0010145e-002
 -1.7705994e-002
 -5.2509260e-002
 -8.1754061e-002
 -1.0260911e-001
 -1.1262004e-001
 -1.1033424e-001
 -9.5717123e-002
 -7.0169343e-002
 -3.6123566e-002
  3.6162278e-003
  4.6513585e-002
  9.0643228e-002
  1.3459790e-001
  1.7702139e-001
  2.1602052e-001
  2.4879642e-001
  2.7177364e-001
  2.8130753e-001
  2.7479182e-001
  2.5177535e-001
  2.1462606e-001
  1.6839434e-001
  1.1979736e-001
  7.5573517e-002
  4.0717258e-002
  1.7190355e-002
  3.5743578e-003
 -4.1829214e-003
 -1.1155564e-002
 -2.1503086e-002
 -3.6875521e-002
 -5.5716071e-002
 -7.3709913e-002
 -8.5233536e-002
 -8.5318058e-002
 -7.1469714e-002
 -4.4743729e-002
 -9.7178162e-003
  2.6632138e-002
  5.6807623e-002
  7.4841873e-002
  7.7914803e-002
  6.7049440e-002
  4.6688009e-002
  2.3278958e-002
  3.3005606e-003
 -8.6817519e-003
 -1.1330792e-002
 -6.8157752e-003
  4.1220293e-005
  3.4898013e-003
 -1.0971908e-003
 -1.5504805e-002
 -3.7852488e-002
 -6.2944608e-002
 -8.3694429e-002
 -9.3174606e-002
 -8.6652370e-002
 -6.2988798e-002
 -2.5005817e-002
  2.1233820e-002
  6.7953336e-002
  1.0750067e-001
  1.3397150e-001
  1.4422700e-001
  1.3815325e-001
  1.1824717e-001
  8.8769745e-002
  5.4748026e-002
  2.1050813e-002
 -8.3366479e-003
 -3.0799270e-002
 -4.5340122e-002
 -5.2589147e-002
 -5.4562394e-002
 -5.4177422e-002
 -5.4584545e-002
 -5.8446285e-002
 -6.7347506e-002
 -8.1506496e-002
 -9.9870504e-002
 -1.2054483e-001
 -1.4137961e-001
 -1.6048342e-001
 -1.7647958e-001
 -1.8845417e-001
 -1.9570291e-001
 -1.9749053e-001
 -1.9303252e-001
 -1.8179063e-001
 -1.6399075e-001
 -1.4111407e-001
 -1.1606188e-001
 -9.2787596e-002
 -7.5398738e-002
 -6.6969465e-002
 -6.8468828e-002
 -7.8221880e-002
 -9.2165053e-002
 -1.0488626e-001
 -1.1115564e-001
 -1.0746382e-001
 -9.3065273e-002
 -7.0184984e-002
 -4.3329501e-002
 -1.7945990e-002
  1.1159122e-003
  1.0839611e-002
  1.0608865e-002
  1.9996523e-003
 -1.2029576e-002
 -2.8180326e-002
 -4.3683872e-002
 -5.6723018e-002
 -6.6364570e-002
 -7.2193546e-002
 -7.3964630e-002
 -7.1544647e-002
 -6.5229888e-002
 -5.6273996e-002
 -4.7280195e-002
 -4.2097413e-002
 -4.5040773e-002
 -5.9566948e-002
 -8.6837679e-002
 -1.2475327e-001
 -1.6794309e-001
 -2.0887760e-001
 -2.3983593e-001
 -2.5510170e-001
 -2.5262463e-001
 -2.3454490e-001
 -2.0637674e-001
 -1.7513354e-001
 -1.4705684e-001
 -1.2573818e-001
 -1.1125426e-001
 -1.0054680e-001
 -8.8830699e-002
 -7.1478428e-002
 -4.5720552e-002
 -1.1634738e-002
  2.7812387e-002
  6.7585090e-002
  1.0194204e-001
  1.2593806e-001
  1.3670100e-001
  1.3423108e-001
  1.2158386e-001
  1.0438773e-001
  8.9726027e-002
  8.4517942e-002
  9.3675489e-002
  1.1846445e-001
  1.5557828e-001
  1.9736236e-001
  2.3336460e-001
  2.5298252e-001
  2.4855742e-001
  2.1800012e-001
  1.6605345e-001
  1.0364118e-001
  4.5329311e-002
  5.5455125e-003
 -5.3562213e-003
  1.6000945e-002
  6.5041672e-002
  1.3050211e-001
  1.9755473e-001
  2.5185576e-001
  2.8332044e-001
  2.8855207e-001
  2.7129244e-001
  2.4087038e-001
  2.0920585e-001
  1.8730594e-001
  1.8227020e-001
  1.9560515e-001
  2.2321984e-001
  2.5697376e-001
  2.8722326e-001
  3.0557387e-001
  3.0704625e-001
  2.9108741e-001
  2.6122926e-001
  2.2360287e-001
  1.8483986e-001
  1.5004034e-001
  1.2142253e-001
  9.8018968e-002
  7.6433567e-002
  5.2338863e-002
  2.2179595e-002
 -1.5479953e-002
 -5.9374783e-002
 -1.0586325e-001
 -1.5000345e-001
 -1.8700976e-001
 -2.1363070e-001
 -2.2904495e-001
 -2.3503673e-001
 -2.3542653e-001
 -2.3493583e-001
 -2.3780890e-001
 -2.4657060e-001
 -2.6126049e-001
 -2.7935852e-001
 -2.9643362e-001
 -3.0734666e-001
 -3.0767586e-001
 -2.9495856e-001
 -2.6938793e-001
 -2.3376388e-001
 -1.9272722e-001
 -1.5153249e-001
 -1.1475798e-001
 -8.5359953e-002
 -6.4346923e-002
 -5.1125070e-002
 -4.4328328e-002
 -4.2781490e-002
 -4.6210579e-002
 -5.5421757e-002
 -7.1877224e-002
 -9.6827232e-002
 -1.3032767e-001
 -1.7052218e-001
 -2.1348109e-001
 -2.5370094e-001
 -2.8514783e-001
 -3.0255291e-001
 -3.0259588e-001
 -2.8465816e-001
 -2.5096477e-001
 -2.0610951e-001
 -1.5611437e-001
 -1.0727123e-001
 -6.5036495e-002
 -3.3207075e-002
 -1.3517708e-002
 -5.6904092e-003
 -7.8588928e-003
 -1.7207337e-002
 -3.0625164e-002
 -4.5202226e-002
 -5.8470216e-002
 -6.8411427e-002
 -7.3360619e-002
 -7.1971080e-002
 -6.3373168e-002
 -4.7532074e-002
 -2.5662556e-002
 -4.5583361e-004
  2.4118810e-002
  4.3539310e-002
  5.3862598e-002
  5.2926418e-002
  4.1178377e-002
  2.1760163e-002
 -2.8283629e-004
 -1.9466993e-002
 -3.1527994e-002
 -3.4675605e-002
 -2.9972083e-002
 -2.0680858e-002
 -1.0830175e-002
 -3.5522430e-003
  1.4030235e-004
  1.6402328e-003
  3.9594590e-003
  1.0164811e-002
  2.1652226e-002
  3.6963456e-002
  5.1665727e-002
  5.9427355e-002
  5.3975628e-002
  3.1283137e-002
 -8.7803714e-003
 -6.1931844e-002
 -1.2032088e-001
 -1.7450786e-001
 -2.1596467e-001
 -2.3931446e-001
 -2.4361666e-001
 -2.3232216e-001
 -2.1196125e-001
 -1.9003296e-001
 -1.7280231e-001
 -1.6370596e-001
 -1.6282588e-001
 -1.6750609e-001
 -1.7379753e-001
 -1.7815460e-001
 -1.7876127e-001
 -1.7603826e-001
 -1.7220726e-001
 -1.7013949e-001
 -1.7196972e-001
 -1.7802521e-001
 -1.8648348e-001
 -1.9388884e-001
 -1.9633010e-001
 -1.9083345e-001
 -1.7644373e-001
 -1.5458505e-001
 -1.2856295e-001
 -1.0239523e-001
 -7.9413682e-002
 -6.1169798e-002
 -4.7065180e-002
 -3.4854967e-002
 -2.1839090e-002
 -6.2877874e-003
  1.1454669e-002
  2.8640455e-002
  4.0741439e-002
  4.2857634e-002
  3.1448662e-002
  5.7881204e-003
 -3.1390574e-002
 -7.4334233e-002
 -1.1571773e-001
 -1.4868222e-001
 -1.6883542e-001
 -1.7557344e-001
 -1.7227800e-001
 -1.6528479e-001
 -1.6190364e-001
 -1.6807839e-001
 -1.8640608e-001
 -2.1514518e-001
 -2.4855219e-001
 -2.7848044e-001
 -2.9677615e-001
 -2.9774377e-001
 -2.7991184e-001
 -2.4653561e-001
 -2.0466468e-001
 -1.6306039e-001
 -1.2962017e-001
 -1.0912745e-001
 -1.0203650e-001
 -1.0465588e-001
 -1.1062544e-001
 -1.1315337e-001
 -1.0723975e-001
 -9.1146657e-002
 -6.6667226e-002
 -3.8189210e-002
 -1.0977002e-002
  1.0647405e-002
  2.4552374e-002
  3.1063642e-002
  3.2248811e-002
  3.0608579e-002
  2.7783887e-002
  2.3853504e-002
  1.7526172e-002
  7.1374506e-003
 -7.9952229e-003
 -2.6479851e-002
 -4.4558621e-002
 -5.6848582e-002
 -5.7928608e-002
 -4.4228115e-002
 -1.5517162e-002
  2.4586461e-002
  6.9328330e-002
  1.1053249e-001
  1.4073432e-001
  1.5500017e-001
  1.5184451e-001
  1.3302541e-001
  1.0244210e-001
  6.4686977e-002
  2.3880502e-002
 -1.6787596e-002
 -5.4776313e-002
 -8.7526873e-002
 -1.1197538e-001
 -1.2472644e-001
 -1.2302534e-001
 -1.0621207e-001
 -7.6989474e-002
 -4.1771524e-002
 -9.6593093e-003
  9.8695479e-003
  9.8922066e-003
 -1.1442015e-002
 -4.9818365e-002
 -9.5652264e-002
 -1.3682181e-001
 -1.6237183e-001
 -1.6590519e-001
 -1.4743948e-001
 -1.1304826e-001
 -7.2429367e-002
 -3.5326085e-002
 -8.1597357e-003
  7.8651223e-003
  1.6512587e-002
  2.4304405e-002
  3.7295362e-002
  5.8166681e-002
  8.4816467e-002
  1.1100717e-001
  1.2879773e-001
  1.3177531e-001
  1.1778750e-001
  9.0075453e-002
  5.6337314e-002
  2.6057094e-002
  7.1071652e-003
  2.9155216e-003
  1.1279414e-002
  2.5287633e-002
  3.6020317e-002
  3.6026109e-002
  2.2281770e-002
 -2.4722330e-003
 -3.0526796e-002
 -5.1850276e-002
 -5.7626466e-002
 -4.3403711e-002
 -1.0726009e-002
  3.3321152e-002
  7.8459691e-002
  1.1460162e-001
  1.3506480e-001
  1.3852507e-001
  1.2909969e-001
  1.1463940e-001
  1.0392146e-001
  1.0376438e-001
  1.1702941e-001
  1.4208256e-001
  1.7373415e-001
  2.0516636e-001
  2.3008080e-001
  2.4432424e-001
  2.4653898e-001
  2.3779951e-001
  2.2057094e-001
  1.9752298e-001
  1.7070121e-001
  1.4133194e-001
  1.1022786e-001
  7.8497451e-002
  4.8144866e-002
  2.2213703e-002
  4.3388161e-003
 -2.1688935e-003
  4.6233271e-003
  2.4471693e-002
  5.4718656e-002
  9.0719169e-002
  1.2680007e-001
  1.5744904e-001
  1.7837506e-001
  1.8715634e-001
  1.8335345e-001
  1.6814905e-001
  1.4371195e-001
  1.1253227e-001
  7.6932467e-002
  3.8856494e-002
 -7.6733440e-005
 -3.8356863e-002
 -7.4340206e-002
 -1.0610654e-001
 -1.3149274e-001
 -1.4832391e-001
 -1.5480758e-001
 -1.5001022e-001
 -1.3429892e-001
 -1.0961101e-001
 -7.9422185e-002
 -4.8333607e-002
 -2.1292455e-002
 -2.5832768e-003
  5.1606916e-003
  1.6247461e-003
 -1.1096535e-002
 -2.9088160e-002
 -4.7766158e-002
 -6.3259987e-002
 -7.3571213e-002
 -7.9084905e-002
 -8.2205390e-002
 -8.6193026e-002
 -9.3588533e-002
 -1.0480747e-001
 -1.1748170e-001
 -1.2689802e-001
 -1.2750059e-001
 -1.1501199e-001
 -8.8441947e-002
 -5.1210945e-002
 -1.0858561e-002
  2.2731814e-002
  4.0129864e-002
  3.5306003e-002
  7.7311128e-003
 -3.7149643e-002
 -8.9334046e-002
 -1.3719830e-001
 -1.7103748e-001
 -1.8605238e-001
 -1.8377350e-001
 -1.7141718e-001
 -1.5935924e-001
 -1.5755081e-001
 -1.7206384e-001
 -2.0291455e-001
 -2.4388439e-001
 -2.8439015e-001
 -3.1277857e-001
 -3.1996384e-001
 -3.0223739e-001
 -2.6237578e-001
 -2.0874393e-001
 -1.5273792e-001
 -1.0542185e-001
 -7.4427503e-002
 -6.2051291e-002
 -6.5062232e-002
 -7.6177493e-002
 -8.6653042e-002
 -8.9132084e-002
 -7.9873680e-002
 -5.9732873e-002
 -3.3682974e-002
 -9.1174495e-003
  6.4946470e-003
  7.8889641e-003
 -6.4079891e-003
 -3.3567902e-002
 -6.7082784e-002
 -9.8281319e-002
 -1.1830702e-001
 -1.2006783e-001
 -9.9732466e-002
 -5.7494735e-002
  2.4976865e-003
  7.2991876e-002
  1.4506963e-001
  2.0990382e-001
  2.6050288e-001
  2.9310073e-001
  3.0788368e-001
  3.0884579e-001
  3.0273177e-001
  2.9724327e-001
  2.9890086e-001
  3.1110249e-001
  3.3293574e-001
  3.5915351e-001
  3.8142882e-001
  3.9063771e-001
  3.7958801e-001
  3.4542665e-001
  2.9099306e-001
  2.2464729e-001
  1.5852291e-001
  1.0561302e-001
  7.6453002e-002
  7.6305146e-002
  1.0363029e-001
  1.5028649e-001
  2.0342475e-001
  2.4859423e-001
  2.7325221e-001
  2.6977873e-001
  2.3724095e-001
  1.8148947e-001
  1.1360446e-001
  4.7128129e-002
 -5.1825421e-003
 -3.4247594e-002
 -3.6482363e-002
 -1.4130423e-002
  2.5886947e-002
  7.4194368e-002
  1.2156242e-001
  1.6111098e-001
  1.8950334e-001
  2.0686995e-001
  2.1563008e-001
  2.1874358e-001
  2.1809539e-001
  2.1363164e-001
  2.0355516e-001
  1.8546581e-001
  1.5795401e-001
  1.2196902e-001
  8.1359340e-002
  4.2293151e-002
  1.1695932e-002
 -4.7744071e-003
 -4.5013541e-003
  1.1210694e-002
  3.7487604e-002
  6.7373245e-002
  9.3961935e-002
  1.1245987e-001
  1.2148600e-001
  1.2318626e-001
  1.2214189e-001
  1.2346272e-001
  1.3073198e-001
  1.4451997e-001
  1.6199342e-001
  1.7777877e-001
  1.8581131e-001
  1.8155801e-001
  1.6385576e-001
  1.3571205e-001
  1.0374324e-001
  7.6374348e-002
  6.1345911e-002
  6.3326248e-002
  8.2419072e-002
  1.1408185e-001
  1.5051393e-001
  1.8308477e-001
  2.0501745e-001
  2.1344437e-001
  2.1015109e-001
  2.0075804e-001
  1.9261494e-001
  1.9212100e-001
  2.0238512e-001
  2.2203109e-001
  2.4556830e-001
  2.6521624e-001
  2.7357212e-001
  2.6621647e-001
  2.4336347e-001
  2.0997949e-001
  1.7430750e-001
  1.4527280e-001
  1.2962433e-001
  1.2975714e-001
  1.4293547e-001
  1.6217050e-001
  1.7845811e-001
  1.8363677e-001
  1.7293085e-001
  1.4636388e-001
  1.0861571e-001
  6.7421579e-002
  3.1089557e-002
  5.9835296e-003
 -5.2065966e-003
 -3.8898990e-003
  5.3553025e-003
  1.6655046e-002
  2.4954201e-002
  2.7639707e-002
  2.5168412e-002
  2.0581240e-002
  1.8178838e-002
  2.1893553e-002
  3.3938524e-002
  5.4153305e-002
  8.0178593e-002
  1.0829830e-001
  1.3459011e-001
  1.5597965e-001
  1.7088915e-001
  1.7934988e-001
  1.8263306e-001
  1.8258447e-001
  1.8089598e-001
  1.7852061e-001
  1.7536608e-001
  1.7031673e-001
  1.6155896e-001
  1.4712603e-001
  1.2553620e-001
  9.6370957e-002
  6.0635842e-002
  2.0776057e-002
 -1.9709272e-002
 -5.7002964e-002
 -8.7887156e-002
 -1.1058717e-001
 -1.2527191e-001
 -1.3401846e-001
 -1.4020646e-001
 -1.4749734e-001
 -1.5870807e-001
 -1.7494526e-001
 -1.9529468e-001
 -2.1718038e-001
 -2.3727773e-001
 -2.5266808e-001
 -2.6183195e-001
 -2.6512870e-001
 -2.6458717e-001
 -2.6307368e-001
 -2.6312495e-001
 -2.6585812e-001
 -2.7035234e-001
 -2.7374355e-001
 -2.7203621e-001
 -2.6139310e-001
 -2.3949651e-001
 -2.0653754e-001
 -1.6549674e-001
 -1.2159618e-001
 -8.1061967e-002
 -4.9554287e-002
 -3.0729241e-002
 -2.5358056e-002
 -3.1256341e-002
 -4.4026355e-002
 -5.8370746e-002
 -6.9576248e-002
 -7.4738378e-002
 -7.3403677e-002
 -6.7499699e-002
 -6.0634778e-002
 -5.7011777e-002
 -6.0271527e-002
 -7.2557405e-002
 -9.3998574e-002
 -1.2268563e-001
 -1.5509583e-001
 -1.8683816e-001
 -2.1354003e-001
 -2.3168464e-001
 -2.3922976e-001
 -2.3588915e-001
 -2.2303319e-001
 -2.0325335e-001
 -1.7971515e-001
 -1.5547344e-001
 -1.3292337e-001
 -1.1350760e-001
 -9.7711884e-002
 -8.5288856e-002
 -7.5587911e-002
 -6.7859450e-002
 -6.1444242e-002
 -5.5830239e-002
 -5.0625640e-002
 -4.5527730e-002
 -4.0349692e-002
 -3.5113223e-002
 -3.0152546e-002
 -2.6138870e-002
 -2.3946432e-002
 -2.4342796e-002
 -2.7574821e-002
 -3.3000045e-002
 -3.8942683e-002
 -4.2911115e-002
 -4.2202801e-002
 -3.4774911e-002
 -2.0126749e-002
  1.2185072e-004
  2.2226458e-002
  4.1003953e-002
  5.1100085e-002
  4.8509885e-002
  3.1887594e-002
  3.1959004e-003
 -3.2580825e-002
 -6.8643371e-002
 -9.8175512e-002
 -1.1618136e-001
 -1.2076839e-001
 -1.1344867e-001
 -9.8358853e-002
 -8.0677127e-002
 -6.4805809e-002
 -5.2979126e-002
 -4.4804165e-002
 -3.7895754e-002
 -2.9345918e-002
 -1.7432813e-002
 -2.8556328e-003
  1.1061408e-002
  1.9366198e-002
  1.7367096e-002
  2.7118550e-003
 -2.3184065e-002
 -5.5016270e-002
 -8.4971433e-002
 -1.0522426e-001
 -1.1069300e-001
 -1.0102109e-001
 -8.0969766e-002
 -5.8956939e-002
 -4.4166948e-002
 -4.3222506e-002
 -5.7627088e-002
 -8.2952024e-002
 -1.1013009e-001
 -1.2844943e-001
 -1.2920919e-001
 -1.0874491e-001
 -6.9758773e-002
 -2.0509974e-002
  2.7803372e-002
  6.4505725e-002
  8.2528844e-002
  8.0107213e-002
  6.0641845e-002
  3.0984770e-002
 -1.0609858e-003
 -2.9041586e-002
 -4.9179260e-002
 -6.0444999e-002
 -6.3643807e-002
 -6.0147885e-002
 -5.0960985e-002
 -3.6530592e-002
 -1.7287639e-002
  5.5016466e-003
  2.9156927e-002
  4.9733185e-002
  6.2989009e-002
  6.5837588e-002
  5.7656476e-002
  4.0823108e-002
  2.0128983e-002
  1.1907424e-003
 -1.1576958e-002
 -1.6629842e-002
 -1.5899050e-002
 -1.4020100e-002
 -1.6413886e-002
 -2.6921297e-002
 -4.5905657e-002
 -6.9596517e-002
 -9.1001148e-002
 -1.0212427e-001
 -9.6735268e-002
 -7.2697769e-002
 -3.3015086e-002
  1.4803058e-002
  6.0851477e-002
  9.5697342e-002
  1.1303034e-001
  1.1122042e-001
  9.3316680e-002
  6.5580781e-002
  3.5151338e-002
  7.7034248e-003
 -1.4086135e-002
 -3.0795896e-002
 -4.5255312e-002
 -6.0748907e-002
 -7.9160812e-002
 -9.9778491e-002
 -1.1920637e-001
 -1.3242282e-001
 -1.3459829e-001
 -1.2302008e-001
 -9.8428586e-002
 -6.5267259e-002
 -3.0714724e-002
 -2.7775002e-003
  1.1959656e-002
  1.0206964e-002
 -7.1368582e-003
 -3.5357887e-002
 -6.7440869e-002
 -9.6223713e-002
 -1.1648435e-001
 -1.2628120e-001
 -1.2712857e-001
 -1.2299255e-001
 -1.1850337e-001
 -1.1705241e-001
 -1.1947936e-001
 -1.2383788e-001
 -1.2633150e-001
 -1.2307363e-001
 -1.1200490e-001
 -9.4218677e-002
 -7.4138287e-002
 -5.8396712e-002
 -5.3748314e-002
 -6.4719629e-002
 -9.1839210e-002
 -1.3111655e-001
 -1.7501823e-001
 -2.1466139e-001
 -2.4250091e-001
 -2.5459266e-001
 -2.5164911e-001
 -2.3852330e-001
 -2.2231367e-001
 -2.0977112e-001
 -2.0493137e-001
 -2.0779917e-001
 -2.1451545e-001
 -2.1889337e-001
 -2.1472165e-001
 -1.9798350e-001
 -1.6821289e-001
 -1.2856788e-001
 -8.4695324e-002
 -4.2899373e-002
 -8.3450210e-003
  1.6045003e-002
  2.9661850e-002
  3.3344897e-002
  2.8045271e-002
  1.3656429e-002
 -1.1438123e-002
 -4.9854948e-002
 -1.0389352e-001
 -1.7390770e-001
 -2.5701647e-001
 -3.4671694e-001
 -4.3366757e-001
 -5.0751285e-001
 -5.5926246e-001
 -5.8353795e-001
 -5.8002008e-001
 -5.5365583e-001
 -5.1353800e-001
 -4.7074089e-001
 -4.3567619e-001
 -4.1565186e-001
 -4.1325233e-001
 -4.2593691e-001
 -4.4693793e-001
 -4.6721016e-001
 -4.7791915e-001
 -4.7281998e-001
 -4.4990627e-001
 -4.1189803e-001
 -3.6544319e-001
 -3.1925562e-001
 -2.8170687e-001
 -2.5854418e-001
 -2.5137172e-001
 -2.5730885e-001
 -2.6989082e-001
 -2.8091014e-001
 -2.8262793e-001
 -2.6970187e-001
 -2.4030601e-001
 -1.9620913e-001
 -1.4192596e-001
 -8.3332772e-002
 -2.6251371e-002
  2.4577147e-002
  6.5934398e-002
  9.6055421e-002
  1.1431251e-001
  1.2095545e-001
  1.1709251e-001
  1.0488580e-001
  8.7741349e-002
  7.0198103e-002
  5.7308212e-002
  5.3525123e-002
  6.1380010e-002
  8.0410869e-002
  1.0681601e-001
  1.3410810e-001
  1.5470425e-001
  1.6202606e-001
  1.5244565e-001
  1.2640577e-001
  8.8286441e-002
  4.5013092e-002
  3.8503797e-003
 -2.9866801e-002
 -5.4270817e-002
 -7.1220838e-002
 -8.5191216e-002
 -1.0118923e-001
 -1.2245464e-001
 -1.4877431e-001
 -1.7602728e-001
 -1.9714350e-001
 -2.0417094e-001
 -1.9077482e-001
 -1.5436188e-001
 -9.7162794e-002
 -2.5954803e-002
  4.9464544e-002
  1.1857523e-001
  1.7253161e-001
  2.0600499e-001
  2.1802560e-001
  2.1169175e-001
  1.9293366e-001
  1.6875402e-001
  1.4545959e-001
  1.2733956e-001
  1.1606870e-001
  1.1087969e-001
  1.0933142e-001
  1.0835963e-001
  1.0526556e-001
  9.8374641e-002
  8.7244106e-002
  7.2460283e-002
  5.5188240e-002
  3.6682950e-002
  1.7937393e-002
 -4.4634705e-004
 -1.8180254e-002
 -3.5100959e-002
 -5.0984729e-002
 -6.5455021e-002
 -7.8010501e-002
 -8.8141185e-002
 -9.5467298e-002
 -9.9840972e-002
 -1.0138604e-001
 -1.0049304e-001
 -9.7809518e-002
 -9.4256265e-002
 -9.1062514e-002
 -8.9769997e-002
 -9.2135195e-002
 -9.9880487e-002
 -1.1430733e-001
 -1.3586448e-001
 -1.6382418e-001
 -1.9622491e-001
 -2.3017592e-001
 -2.6250081e-001
 -2.9056551e-001
 -3.1304179e-001
 -3.3034423e-001
 -3.4455910e-001
 -3.5883757e-001
 -3.7640067e-001
 -3.9943867e-001
 -4.2823462e-001
 -4.6078472e-001
 -4.9304657e-001
 -5.1976822e-001
 -5.3569254e-001
 -5.3683554e-001
 -5.2152548e-001
 -4.9095381e-001
 -4.4910656e-001
 -4.0208343e-001
 -3.5694509e-001
 -3.2033260e-001
 -2.9716028e-001
 -2.8968010e-001
 -2.9714437e-001
 -3.1615853e-001
 -3.4164160e-001
 -3.6814200e-001
 -3.9114493e-001
 -4.0800045e-001
 -4.1821325e-001
 -4.2303933e-001
 -4.2456472e-001
 -4.2461498e-001
 -4.2389441e-001
 -4.2166117e-001
 -4.1604079e-001
 -4.0484494e-001
 -3.8658173e-001
 -3.6128218e-001
 -3.3084106e-001
 -2.9874328e-001
 -2.6925213e-001
 -2.4630358e-001
 -2.3243106e-001
 -2.2802720e-001
 -2.3114769e-001
 -2.3791703e-001
 -2.4344318e-001
 -2.4302236e-001
 -2.3333977e-001
 -2.1336158e-001
 -1.8467634e-001
 -1.5117352e-001
 -1.1812054e-001
 -9.0873299e-002
 -7.3574825e-002
 -6.8213875e-002
 -7.4311988e-002
 -8.9308614e-002
 -1.0948636e-001
 -1.3110675e-001
 -1.5137885e-001
 -1.6897676e-001
 -1.8401705e-001
 -1.9761646e-001
 -2.1128503e-001
 -2.2641581e-001
 -2.4401978e-001
 -2.6469071e-001
 -2.8865910e-001
 -3.1577405e-001
 -3.4534446e-001
 -3.7592089e-001
 -4.0521544e-001
 -4.3036004e-001
 -4.4857203e-001
 -4.5808077e-001
 -4.5897416e-001
 -4.5355873e-001
 -4.4594811e-001
 -4.4087589e-001
 -4.4206188e-001
 -4.5070328e-001
 -4.6469461e-001
 -4.7896803e-001
 -4.8695419e-001
 -4.8273847e-001
 -4.6319716e-001
 -4.2936194e-001
 -3.8650221e-001
 -3.4284918e-001
 -3.0735139e-001
 -2.8717866e-001
 -2.8576329e-001
 -3.0196649e-001
 -3.3056825e-001
 -3.6384804e-001
 -3.9370488e-001
 -4.1365737e-001
 -4.2018221e-001
 -4.1312417e-001
 -3.9522719e-001
 -3.7107966e-001
 -3.4586846e-001
 -3.2428878e-001
 -3.0981119e-001
 -3.0434110e-001
 -3.0818643e-001
 -3.2021206e-001
 -3.3809292e-001
 -3.5864154e-001
 -3.7823145e-001
 -3.9333341e-001
 -4.0112841e-001
 -4.0008794e-001
 -3.9036229e-001
 -3.7382725e-001
 -3.5371793e-001
 -3.3390516e-001
 -3.1799858e-001
 -3.0854006e-001
 -3.0654172e-001
 -3.1151913e-001
 -3.2199940e-001
 -3.3630652e-001
 -3.5330961e-001
 -3.7281802e-001
 -3.9543340e-001
 -4.2188524e-001
 -4.5210539e-001
 -4.8444368e-001
 -5.1542179e-001
 -5.4025044e-001
 -5.5404865e-001
 -5.5340858e-001
 -5.3776182e-001
 -5.1000882e-001
 -4.7608572e-001
 -4.4349763e-001
 -4.1922221e-001
 -4.0764317e-001
 -4.0921050e-001
 -4.2031420e-001
 -4.3446437e-001
 -4.4442339e-001
 -4.4459364e-001
 -4.3285493e-001
 -4.1121865e-001
 -3.8506793e-001
 -3.6124706e-001
 -3.4567123e-001
 -3.4129954e-001
 -3.4718506e-001
 -3.5893004e-001
 -3.7037340e-001
 -3.7590202e-001
 -3.7256365e-001
 -3.6123840e-001
 -3.4646293e-001
 -3.3497117e-001
 -3.3345088e-001
 -3.4627074e-001
 -3.7392825e-001
 -4.1271810e-001
 -4.5571430e-001
 -4.9473612e-001
 -5.2266316e-001
 -5.3537173e-001
 -5.3270546e-001
 -5.1821562e-001
 -4.9780253e-001
 -4.7773045e-001
 -4.6266675e-001
 -4.5435971e-001
 -4.5133601e-001
 -4.4965214e-001
 -4.4439025e-001
 -4.3136336e-001
 -4.0845764e-001
 -3.7619719e-001
 -3.3740754e-001
 -2.9617222e-001
 -2.5650898e-001
 -2.2126024e-001
 -1.9157793e-001
 -1.6713667e-001
 -1.4692649e-001
 -1.3026227e-001
 -1.1757668e-001
 -1.1065545e-001
 -1.1218807e-001
 -1.2476401e-001
 -1.4965445e-001
 -1.8581449e-001
 -2.2949255e-001
 -2.7465882e-001
 -3.1421587e-001
 -3.4170437e-001
 -3.5303948e-001
 -3.4776306e-001
 -3.2939842e-001
 -3.0472670e-001
 -2.8210994e-001
 -2.6927732e-001
 -2.7117728e-001
 -2.8851413e-001
 -3.1741671e-001
 -3.5037174e-001
 -3.7818942e-001
 -3.9246501e-001
 -3.8785400e-001
 -3.6353413e-001
 -3.2346684e-001
 -2.7541597e-001
 -2.2902744e-001
 -1.9351862e-001
 -1.7560493e-001
 -1.7819052e-001
 -2.0010891e-001
 -2.3689342e-001
 -2.8227576e-001
 -3.2993140e-001
 -3.7495976e-001
 -4.1470879e-001
 -4.4878618e-001
 -4.7836860e-001
 -5.0513851e-001
 -5.3027363e-001
 -5.5385612e-001
 -5.7487975e-001
 -5.9178610e-001
 -6.0325044e-001
 -6.0884722e-001
 -6.0928989e-001
 -6.0613381e-001
 -6.0107404e-001
 -5.9515823e-001
 -5.8828689e-001
 -5.7926215e-001
 -5.6641322e-001
 -5.4856853e-001
 -5.2597130e-001
 -5.0072530e-001
 -4.7652433e-001
 -4.5769915e-001
 -4.4789926e-001
 -4.4889425e-001
 -4.5995879e-001
 -4.7809612e-001
 -4.9903644e-001
 -5.1864388e-001
 -5.3420028e-001
 -5.4507658e-001
 -5.5254029e-001
 -5.5878918e-001
 -5.6561366e-001
 -5.7324701e-001
 -5.7989940e-001
 -5.8220976e-001
 -5.7648784e-001
 -5.6029886e-001
 -5.3378784e-001
 -5.0021478e-001
 -4.6544688e-001
 -4.3652919e-001
 -4.1978743e-001
 -4.1908376e-001
 -4.3478680e-001
 -4.6376018e-001
 -5.0032002e-001
 -5.3779611e-001
 -5.7016871e-001
 -5.9328859e-001
 -6.0539244e-001
 -6.0690245e-001
 -5.9973546e-001
 -5.8645931e-001
 -5.6959896e-001
 -5.5125138e-001
 -5.3299646e-001
 -5.1596911e-001
 -5.0093103e-001
 -4.8824600e-001
 -4.7777353e-001
 -4.6878938e-001
 -4.6006663e-001
 -4.5019087e-001
 -4.3806244e-001
 -4.2341394e-001
 -4.0710690e-001
 -3.9100984e-001
 -3.7740422e-001
 -3.6806568e-001
 -3.6334605e-001
 -3.6165198e-001
 -3.5962810e-001
 -3.5311796e-001
 -3.3866840e-001
 -3.1508173e-001
 -2.8441713e-001
 -2.5196400e-001
 -2.2503400e-001
 -2.1084296e-001
 -2.1412460e-001
 -2.3528725e-001
 -2.6981150e-001
 -3.0920935e-001
 -3.4334469e-001
 -3.6343258e-001
 -3.6476605e-001
 -3.4827075e-001
 -3.2035259e-001
 -2.9105972e-001
 -2.7113645e-001
 -2.6890603e-001
 -2.8795751e-001
 -3.2631938e-001
 -3.7728938e-001
 -4.3154502e-001
 -4.7977506e-001
 -5.1497620e-001
 -5.3376484e-001
 -5.3646172e-001
 -5.2615107e-001
 -5.0722677e-001
 -4.8401637e-001
 -4.5991776e-001
 -4.3718619e-001
 -4.1720990e-001
 -4.0093676e-001
 -3.8912290e-001
 -3.8224043e-001
 -3.8011436e-001
 -3.8154133e-001
 -3.8418992e-001
 -3.8497437e-001
 -3.8088034e-001
 -3.7000058e-001
 -3.5240710e-001
 -3.3050397e-001
 -3.0866631e-001
 -2.9221522e-001
 -2.8601345e-001
 -2.9310604e-001
 -3.1382670e-001
 -3.4564669e-001
 -3.8380994e-001
 -4.2255481e-001
 -4.5654772e-001
 -4.8210300e-001
 -4.9784944e-001
 -5.0469664e-001
 -5.0518684e-001
 -5.0251110e-001
 -4.9955549e-001
 -4.9829562e-001
 -4.9969415e-001
 -5.0404164e-001
 -5.1149902e-001
 -5.2252439e-001
 -5.3793142e-001
 -5.5850601e-001
 -5.8433043e-001
 -6.1413323e-001
 -6.4502020e-001
 -6.7282014e-001
 -6.9303805e-001
 -7.0214264e-001
 -6.9873542e-001
 -6.8413874e-001
 -6.6211816e-001
 -6.3776127e-001
 -6.1585742e-001
 -5.9933526e-001
 -5.8832825e-001
 -5.8023960e-001
 -5.7083125e-001
 -5.5599106e-001
 -5.3357117e-001
 -5.0463821e-001
 -4.7365452e-001
 -4.4746409e-001
 -4.3336591e-001
 -4.3688235e-001
 -4.5995674e-001
 -5.0019612e-001
 -5.5144515e-001
 -6.0554180e-001
 -6.5470600e-001
 -6.9378483e-001
 -7.2160209e-001
 -7.4093796e-001
 -7.5711076e-001
 -7.7560382e-001
 -7.9951907e-001
 -8.2772602e-001
 -8.5437489e-001
 -8.7001606e-001
 -8.6405397e-001
 -8.2783140e-001
 -7.5743225e-001
 -6.5537243e-001
 -5.3068584e-001
 -3.9738753e-001
 -2.7175174e-001
 -1.6913528e-001
 -1.0113014e-001
 -7.3652931e-002
 -8.6258821e-002
 -1.3263017e-001
 -2.0194651e-001
 -2.8075167e-001
 -3.5498161e-001
 -4.1193214e-001
 -4.4203972e-001
 -4.4035951e-001
 -4.0755488e-001
 -3.5012326e-001
 -2.7957465e-001
 -2.1042582e-001
 -1.5718634e-001
 -1.3090604e-001
 -1.3617386e-001
 -1.6953693e-001
 -2.2004398e-001
 -2.7203361e-001
 -3.0954979e-001
 -3.2113325e-001
 -3.0346935e-001
 -2.6261940e-001
 -2.1229194e-001
 -1.6959553e-001
 -1.4960912e-001
 -1.6056968e-001
 -2.0131360e-001
 -2.6185059e-001
 -3.2685818e-001
 -3.8085671e-001
 -4.1323966e-001
 -4.2141031e-001
 -4.1098286e-001
 -3.9307895e-001
 -3.7978988e-001
 -3.7950051e-001
 -3.9376633e-001
 -4.1682088e-001
 -4.3781214e-001
 -4.4489062e-001
 -4.2965084e-001
 -3.9036401e-001
 -3.3292740e-001
 -2.6928682e-001
 -2.1395190e-001
 -1.7981415e-001
 -1.7461640e-001
 -1.9910134e-001
 -2.4724303e-001
 -3.0828151e-001
 -3.6977405e-001
 -4.2068772e-001
 -4.5370090e-001
 -4.6624922e-001
 -4.6028251e-001
 -4.4104343e-001
 -4.1534950e-001
 -3.8985719e-001
 -3.6966646e-001
 -3.5746557e-001
 -3.5327715e-001
 -3.5476779e-001
 -3.5801495e-001
 -3.5856772e-001
 -3.5258698e-001
 -3.3782015e-001
 -3.1418253e-001
 -2.8379564e-001
 -2.5046553e-001
 -2.1873366e-001
 -1.9275063e-001
 -1.7526766e-001
 -1.6699657e-001
 -1.6647548e-001
 -1.7043507e-001
 -1.7453857e-001
 -1.7430082e-001
 -1.6598615e-001
 -1.4732671e-001
 -1.1796252e-001
 -7.9558628e-002
 -3.5593304e-002
  9.1601920e-003
  4.9402422e-002
  8.0226216e-002
  9.8032013e-002
  1.0124928e-001
  9.0674191e-002
  6.9292450e-002
  4.1571805e-002
  1.2358723e-002
 -1.4346300e-002
 -3.6380576e-002
 -5.3846925e-002
 -6.8786288e-002
 -8.4137027e-002
 -1.0228195e-001
 -1.2367823e-001
 -1.4610760e-001
 -1.6492881e-001
 -1.7438649e-001
 -1.6963108e-001
 -1.4878001e-001
 -1.1424453e-001
 -7.2729212e-002
 -3.3746755e-002
 -7.0311625e-003
  3.2736819e-004
 -1.3954706e-002
 -4.6666573e-002
 -9.0152440e-002
 -1.3473316e-001
 -1.7163471e-001
 -1.9538289e-001
 -2.0484712e-001
 -2.0265260e-001
 -1.9331733e-001
 -1.8095341e-001
 -1.6750691e-001
 -1.5224498e-001
 -1.3264284e-001
 -1.0620958e-001
 -7.2377596e-002
 -3.3544978e-002
  5.2765376e-003
  3.8141749e-002
  6.0509727e-002
  7.1238032e-002
  7.3328625e-002
  7.3017368e-002
  7.7494230e-002
  9.2140731e-002
  1.1841314e-001
  1.5327015e-001
  1.9042863e-001
  2.2298332e-001
  2.4635774e-001
  2.6040236e-001
  2.6978459e-001
  2.8248667e-001
  3.0696576e-001
  3.4904057e-001
  4.0965509e-001
  4.8431544e-001
  5.6435738e-001
  6.3953810e-001
  7.0100875e-001
  7.4365973e-001
  7.6713250e-001
  7.7531470e-001
  7.7466612e-001
  7.7206791e-001
  7.7294379e-001
