 -6.3372626e-002
 -8.2507660e-002
 -9.9263497e-002
 -1.1455216e-001
 -1.2933342e-001
 -1.4426841e-001
 -1.5937363e-001
 -1.7379274e-001
 -1.8579942e-001
 -1.9309494e-001
 -1.9337779e-001
 -1.8506378e-001
 -1.6795922e-001
 -1.4366898e-001
 -1.1557157e-001
 -8.8307033e-002
 -6.6867441e-002
 -5.5508455e-002
 -5.6769316e-002
 -7.0872356e-002
 -9.5673324e-002
 -1.2718051e-001
 -1.6050116e-001
 -1.9095688e-001
 -2.1507038e-001
 -2.3117282e-001
 -2.3949731e-001
 -2.4177284e-001
 -2.4046886e-001
 -2.3792810e-001
 -2.3564116e-001
 -2.3386212e-001
 -2.3165844e-001
 -2.2736106e-001
 -2.1926739e-001
 -2.0637888e-001
 -1.8894529e-001
 -1.6864155e-001
 -1.4830776e-001
 -1.3131092e-001
 -1.2070353e-001
 -1.1842337e-001
 -1.2477700e-001
 -1.3837128e-001
 -1.5652232e-001
 -1.7602026e-001
 -1.9401077e-001
 -2.0871222e-001
 -2.1974035e-001
 -2.2794514e-001
 -2.3483301e-001
 -2.4179220e-001
 -2.4940724e-001
 -2.5711373e-001
 -2.6331906e-001
 -2.6594485e-001
 -2.6319340e-001
 -2.5426117e-001
 -2.3974299e-001
 -2.2158347e-001
 -2.0259268e-001
 -1.8569437e-001
 -1.7316173e-001
 -1.6609097e-001
 -1.6427140e-001
 -1.6646720e-001
 -1.7098408e-001
 -1.7630139e-001
 -1.8153832e-001
 -1.8659256e-001
 -1.9191530e-001
 -1.9802329e-001
 -2.0494944e-001
 -2.1186440e-001
 -2.1704884e-001
 -2.1827688e-001
 -2.1352078e-001
 -2.0175474e-001
 -1.8356959e-001
 -1.6133698e-001
 -1.3878591e-001
 -1.2004253e-001
 -1.0838098e-001
 -1.0506875e-001
 -1.0870900e-001
 -1.1536118e-001
 -1.1948599e-001
 -1.1548231e-001
 -9.9359037e-002
 -7.0001635e-002
 -2.9595405e-002
  1.6967148e-002
  6.3525008e-002
  1.0446531e-001
  1.3630802e-001
  1.5852191e-001
  1.7330339e-001
  1.8441916e-001
  1.9554891e-001
  2.0874195e-001
  2.2355307e-001
  2.3716576e-001
  2.4544038e-001
  2.4447833e-001
  2.3210289e-001
  2.0869342e-001
  1.7706000e-001
  1.4141591e-001
  1.0585409e-001
  7.2927681e-002
  4.2898279e-002
  1.3958199e-002
 -1.6647277e-002
 -5.1032289e-002
 -8.9252537e-002
 -1.2865207e-001
 -1.6429731e-001
 -1.9041339e-001
 -2.0234520e-001
 -1.9833642e-001
 -1.8044592e-001
 -1.5420325e-001
 -1.2704803e-001
 -1.0604604e-001
 -9.5662019e-002
 -9.6383323e-002
 -1.0471400e-001
 -1.1458370e-001
 -1.1970777e-001
 -1.1607813e-001
 -1.0369382e-001
 -8.6888431e-002
 -7.3094698e-002
 -7.0432259e-002
 -8.4917831e-002
 -1.1822995e-001
 -1.6676983e-001
 -2.2231936e-001
 -2.7406840e-001
 -3.1135276e-001
 -3.2625483e-001
 -3.1531987e-001
 -2.7997675e-001
 -2.2568894e-001
 -1.6024020e-001
 -9.1760684e-002
 -2.7074742e-002
  2.9255195e-002
  7.5103860e-002
  1.1034792e-001
  1.3612752e-001
  1.5410629e-001
  1.6592082e-001
  1.7286628e-001
  1.7575863e-001
  1.7488277e-001
  1.6997458e-001
  1.6025212e-001
  1.4455630e-001
  1.2165215e-001
  9.0676817e-002
  5.1632250e-002
  5.7570042e-003
 -4.4387334e-002
 -9.5201693e-002
 -1.4266285e-001
 -1.8308943e-001
 -2.1381344e-001
 -2.3353546e-001
 -2.4226280e-001
 -2.4089900e-001
 -2.3069874e-001
 -2.1285459e-001
 -1.8841169e-001
 -1.5853908e-001
 -1.2499520e-001
 -9.0501136e-002
 -5.8743521e-002
 -3.3876061e-002
 -1.9616033e-002
 -1.8236952e-002
 -2.9843389e-002
 -5.2230075e-002
 -8.1403637e-002
 -1.1257762e-001
 -1.4126182e-001
 -1.6404581e-001
 -1.7883852e-001
 -1.8459811e-001
 -1.8084021e-001
 -1.6732134e-001
 -1.4419527e-001
 -1.1266820e-001
 -7.5856929e-002
 -3.9338482e-002
 -1.0891668e-002
  8.0517794e-004
 -1.1670221e-002
 -5.2083499e-002
 -1.1873252e-001
 -2.0397828e-001
 -2.9548405e-001
 -3.7896433e-001
 -4.4170681e-001
 -4.7581926e-001
 -4.8019139e-001
 -4.6054578e-001
 -4.2755194e-001
 -3.9359042e-001
 -3.6917182e-001
 -3.6010303e-001
 -3.6622909e-001
 -3.8206057e-001
 -3.9900034e-001
 -4.0840320e-001
 -4.0448413e-001
 -3.8618731e-001
 -3.5749163e-001
 -3.2612843e-001
 -3.0116455e-001
 -2.9021745e-001
 -2.9713942e-001
 -3.2083213e-001
 -3.5549854e-001
 -3.9221831e-001
 -4.2136500e-001
 -4.3516655e-001
 -4.2969607e-001
 -4.0576217e-001
 -3.6849147e-001
 -3.2576804e-001
 -2.8601103e-001
 -2.5594463e-001
 -2.3899604e-001
 -2.3475300e-001
 -2.3958430e-001
 -2.4817365e-001
 -2.5544692e-001
 -2.5826832e-001
 -2.5637477e-001
 -2.5227739e-001
 -2.5020063e-001
 -2.5444310e-001
 -2.6772650e-001
 -2.9009389e-001
 -3.1872799e-001
 -3.4875060e-001
 -3.7473859e-001
 -3.9245868e-001
 -4.0025745e-001
 -3.9966092e-001
 -3.9499569e-001
 -3.9215001e-001
 -3.9684990e-001
 -4.1295350e-001
 -4.4123903e-001
 -4.7900205e-001
 -5.2054612e-001
 -5.5842336e-001
 -5.8511226e-001
 -5.9474073e-001
 -5.8447006e-001
 -5.5523374e-001
 -5.1165417e-001
 -4.6112316e-001
 -4.1221274e-001
 -3.7275342e-001
 -3.4803741e-001
 -3.3962499e-001
 -3.4511952e-001
 -3.5903275e-001
 -3.7454199e-001
 -3.8564068e-001
 -3.8901412e-001
 -3.8501248e-001
 -3.7735479e-001
 -3.7161126e-001
 -3.7294172e-001
 -3.8386175e-001
 -4.0284730e-001
 -4.2434170e-001
 -4.4026584e-001
 -4.4260418e-001
 -4.2623277e-001
 -3.9101880e-001
 -3.4241677e-001
 -2.9026085e-001
 -2.4605170e-001
 -2.1955829e-001
 -2.1581808e-001
 -2.3352457e-001
 -2.6536241e-001
 -3.0022272e-001
 -3.2661345e-001
 -3.3617875e-001
 -3.2619520e-001
 -3.0024255e-001
 -2.6684463e-001
 -2.3654455e-001
 -2.1839316e-001
 -2.1701586e-001
 -2.3121735e-001
 -2.5455555e-001
 -2.7764516e-001
 -2.9136985e-001
 -2.8988914e-001
 -2.7242342e-001
 -2.4324975e-001
 -2.0998127e-001
 -1.8080294e-001
 -1.6168274e-001
 -1.5454873e-001
 -1.5703638e-001
 -1.6381561e-001
 -1.6892668e-001
 -1.6820216e-001
 -1.6085513e-001
 -1.4966050e-001
 -1.3970981e-001
 -1.3626569e-001
 -1.4257405e-001
 -1.5848821e-001
 -1.8042725e-001
 -2.0266380e-001
 -2.1942024e-001
 -2.2694747e-001
 -2.2478185e-001
 -2.1571324e-001
 -2.0451361e-001
 -1.9596589e-001
 -1.9300095e-001
 -1.9569141e-001
 -2.0148862e-001
 -2.0657383e-001
 -2.0773551e-001
 -2.0397111e-001
 -1.9712967e-001
 -1.9131169e-001
 -1.9125952e-001
 -2.0039209e-001
 -2.1928958e-001
 -2.4525715e-001
 -2.7316436e-001
 -2.9724583e-001
 -3.1316445e-001
 -3.1953331e-001
 -3.1830536e-001
 -3.1388436e-001
 -3.1130919e-001
 -3.1422262e-001
 -3.2341559e-001
 -3.3651084e-001
 -3.4890419e-001
 -3.5559118e-001
 -3.5315996e-001
 -3.4116322e-001
 -3.2231993e-001
 -3.0145256e-001
 -2.8356292e-001
 -2.7179870e-001
 -2.6612483e-001
 -2.6326091e-001
 -2.5796915e-001
 -2.4525361e-001
 -2.2265980e-001
 -1.9178536e-001
 -1.5836427e-001
 -1.3078279e-001
 -1.1745052e-001
 -1.2388390e-001
 -1.5050456e-001
 -1.9195501e-001
 -2.3824938e-001
 -2.7746812e-001
 -2.9917740e-001
 -2.9748794e-001
 -2.7276267e-001
 -2.3141257e-001
 -1.8384635e-001
 -1.4125012e-001
 -1.1225440e-001
 -1.0056398e-001
 -1.0427329e-001
 -1.1699511e-001
 -1.3031166e-001
 -1.3663811e-001
 -1.3151542e-001
 -1.1463080e-001
 -8.9374985e-002
 -6.1277607e-002
 -3.6014134e-002
 -1.7732613e-002
 -8.2165193e-003
 -7.0038306e-003
 -1.2198344e-002
 -2.1489678e-002
 -3.2911879e-002
 -4.5081208e-002
 -5.6946558e-002
 -6.7323294e-002
 -7.4563187e-002
 -7.6617153e-002
 -7.1531935e-002
 -5.8193699e-002
 -3.6995895e-002
 -1.0122948e-002
  1.8707278e-002
  4.4983063e-002
  6.4376444e-002
  7.3637841e-002
  7.1142159e-002
  5.6974638e-002
  3.2623336e-002
  4.7106980e-004
 -3.6694099e-002
 -7.6002350e-002
 -1.1463591e-001
 -1.4986027e-001
 -1.7908439e-001
 -2.0004288e-001
 -2.1109664e-001
 -2.1154799e-001
 -2.0181744e-001
 -1.8336185e-001
 -1.5831799e-001
 -1.2898351e-001
 -9.7337695e-002
 -6.4807269e-002
 -3.2386255e-002
 -1.0590010e-003
  2.7681055e-002
  5.1502924e-002
  6.7341276e-002
  7.2009642e-002
  6.3179144e-002
  4.0386751e-002
  5.6631828e-003
 -3.6541175e-002
 -8.0223460e-002
 -1.1928717e-001
 -1.4914816e-001
 -1.6794935e-001
 -1.7694727e-001
 -1.7990382e-001
 -1.8166149e-001
 -1.8637419e-001
 -1.9599817e-001
 -2.0956689e-001
 -2.2350653e-001
 -2.3289120e-001
 -2.3321588e-001
 -2.2209113e-001
 -2.0029252e-001
 -1.7181290e-001
 -1.4288856e-001
 -1.2029450e-001
 -1.0942860e-001
 -1.1276613e-001
 -1.2915330e-001
 -1.5415736e-001
 -1.8137677e-001
 -2.0432573e-001
 -2.1832837e-001
 -2.2184394e-001
 -2.1680745e-001
 -2.0786753e-001
 -2.0074943e-001
 -2.0025541e-001
 -2.0854206e-001
 -2.2423610e-001
 -2.4268480e-001
 -2.5727250e-001
 -2.6139132e-001
 -2.5045036e-001
 -2.2330982e-001
 -1.8272781e-001
 -1.3473083e-001
 -8.7147861e-002
 -4.7771809e-002
 -2.2668221e-002
 -1.5042654e-002
 -2.4865583e-002
 -4.9225123e-002
 -8.3208803e-002
 -1.2104262e-001
 -1.5722986e-001
 -1.8749483e-001
 -2.0940682e-001
 -2.2261395e-001
 -2.2866170e-001
 -2.3042320e-001
 -2.3124356e-001
 -2.3398601e-001
 -2.4022968e-001
 -2.4986310e-001
 -2.6122017e-001
 -2.7173125e-001
 -2.7887036e-001
 -2.8105080e-001
 -2.7812192e-001
 -2.7126590e-001
 -2.6233680e-001
 -2.5292526e-001
 -2.4356471e-001
 -2.3345124e-001
 -2.2083692e-001
 -2.0396133e-001
 -1.8213328e-001
 -1.5647932e-001
 -1.2998538e-001
 -1.0673502e-001
 -9.0578976e-002
 -8.3720543e-002
 -8.5763739e-002
 -9.3618568e-002
 -1.0234716e-001
 -1.0668639e-001
 -1.0272993e-001
 -8.9190972e-002
 -6.7816884e-002
 -4.2830093e-002
 -1.9611112e-002
 -3.0924998e-003
  3.5927646e-003
 -2.0996531e-004
 -1.2820180e-002
 -3.1031264e-002
 -5.1207872e-002
 -7.0238868e-002
 -8.6037198e-002
 -9.7519556e-002
 -1.0424666e-001
 -1.0604629e-001
 -1.0291124e-001
 -9.5277611e-002
 -8.4534532e-002
 -7.3423565e-002
 -6.5959103e-002
 -6.6673925e-002
 -7.9302666e-002
 -1.0532494e-001
 -1.4294983e-001
 -1.8704110e-001
 -2.3016859e-001
 -2.6454162e-001
 -2.8421162e-001
 -2.8678193e-001
 -2.7400715e-001
 -2.5105393e-001
 -2.2467943e-001
 -2.0097314e-001
 -1.8345064e-001
 -1.7213594e-001
 -1.6389093e-001
 -1.5380138e-001
 -1.3708157e-001
 -1.1083260e-001
 -7.5103914e-002
 -3.2991327e-002
  1.0170072e-002
  4.8210415e-002
  7.5710363e-002
  8.9375457e-002
  8.8912240e-002
  7.7242090e-002
  5.9998245e-002
  4.4353289e-002
  3.7342790e-002
  4.3994018e-002
  6.5703949e-002
  9.9368117e-002
  1.3766847e-001
  1.7065681e-001
  1.8837225e-001
  1.8383366e-001
  1.5551098e-001
  1.0842400e-001
  5.3370949e-002
  4.3564998e-003
 -2.5116909e-002
 -2.5820470e-002
  4.5117697e-003
  6.0416088e-002
  1.3011062e-001
  1.9867157e-001
  2.5202679e-001
  2.8059245e-001
  2.8152109e-001
  2.5898204e-001
  2.2250114e-001
  1.8395114e-001
  1.5413793e-001
  1.3997878e-001
  1.4302380e-001
  1.5962608e-001
  1.8256479e-001
  2.0351983e-001
  2.1559724e-001
  2.1515459e-001
  2.0244424e-001
  1.8098751e-001
  1.5598804e-001
  1.3236955e-001
  1.1309950e-001
  9.8322878e-002
  8.5533193e-002
  7.0656269e-002
  4.9635630e-002
  1.9976265e-002
 -1.8243003e-002
 -6.2175406e-002
 -1.0684789e-001
 -1.4641427e-001
 -1.7565015e-001
 -1.9129359e-001
 -1.9290943e-001
 -1.8308632e-001
 -1.6692403e-001
 -1.5090930e-001
 -1.4140209e-001
 -1.4305178e-001
 -1.5751624e-001
 -1.8283802e-001
 -2.1371491e-001
 -2.4269085e-001
 -2.6202829e-001
 -2.6578756e-001
 -2.5152127e-001
 -2.2105780e-001
 -1.8009716e-001
 -1.3670690e-001
 -9.9161804e-002
 -7.3791364e-002
 -6.3498804e-002
 -6.7387709e-002
 -8.1556834e-002
 -1.0073269e-001
 -1.2014264e-001
 -1.3698048e-001
 -1.5099386e-001
 -1.6405645e-001
 -1.7895207e-001
 -1.9786110e-001
 -2.2111392e-001
 -2.4664827e-001
 -2.7033870e-001
 -2.8706262e-001
 -2.9213701e-001
 -2.8267044e-001
 -2.5843780e-001
 -2.2205652e-001
 -1.7845549e-001
 -1.3381356e-001
 -9.4260654e-002
 -6.4664009e-002
 -4.7773175e-002
 -4.3888261e-002
 -5.1075616e-002
 -6.5816141e-002
 -8.3869904e-002
 -1.0110736e-001
 -1.1410542e-001
 -1.2042068e-001
 -1.1858909e-001
 -1.0800270e-001
 -8.8833460e-002
 -6.2099537e-002
 -2.9835152e-002
  4.8005202e-003
  3.7685081e-002
  6.4300870e-002
  8.0669646e-002
  8.4411324e-002
  7.5551337e-002
  5.6716944e-002
  3.2544513e-002
  8.4091402e-003
 -1.1130167e-002
 -2.3626086e-002
 -2.9294467e-002
 -3.0597785e-002
 -3.1005760e-002
 -3.3409733e-002
 -3.8823254e-002
 -4.5909897e-002
 -5.1566771e-002
 -5.2374985e-002
 -4.6367759e-002
 -3.4406483e-002
 -2.0563741e-002
 -1.1257414e-002
 -1.3339048e-002
 -3.1745104e-002
 -6.7521162e-002
 -1.1694682e-001
 -1.7214393e-001
 -2.2305717e-001
 -2.6022350e-001
 -2.7746097e-001
 -2.7361153e-001
 -2.5277205e-001
 -2.2294206e-001
 -1.9353861e-001
 -1.7259630e-001
 -1.6455749e-001
 -1.6933652e-001
 -1.8289256e-001
 -1.9903051e-001
 -2.1174716e-001
 -2.1728889e-001
 -2.1522972e-001
 -2.0825570e-001
 -2.0081232e-001
 -1.9716820e-001
 -1.9963420e-001
 -2.0759442e-001
 -2.1769032e-001
 -2.2506935e-001
 -2.2521961e-001
 -2.1570191e-001
 -1.9713262e-001
 -1.7304956e-001
 -1.4870466e-001
 -1.2922245e-001
 -1.1779717e-001
 -1.1458854e-001
 -1.1672310e-001
 -1.1940699e-001
 -1.1775473e-001
 -1.0868167e-001
 -9.2185400e-002
 -7.1559232e-002
 -5.2456571e-002
 -4.1124776e-002
 -4.2410577e-002
 -5.8210904e-002
 -8.6882736e-002
 -1.2379307e-001
 -1.6280223e-001
 -1.9816350e-001
 -2.2619309e-001
 -2.4615740e-001
 -2.6010332e-001
 -2.7172397e-001
 -2.8468107e-001
 -3.0098425e-001
 -3.1999983e-001
 -3.3843781e-001
 -3.5132663e-001
 -3.5364548e-001
 -3.4205963e-001
 -3.1616968e-001
 -2.7885074e-001
 -2.3556396e-001
 -1.9286579e-001
 -1.5660263e-001
 -1.3037298e-001
 -1.1473697e-001
 -1.0739207e-001
 -1.0420737e-001
 -1.0072946e-001
 -9.3636258e-002
 -8.1664314e-002
 -6.5747169e-002
 -4.8396393e-002
 -3.2623867e-002
 -2.0846020e-002
 -1.4179728e-002
 -1.2353403e-002
 -1.4193318e-002
 -1.8410781e-002
 -2.4303516e-002
 -3.2037211e-002
 -4.2367210e-002
 -5.5915289e-002
 -7.2327416e-002
 -8.9717042e-002
 -1.0470797e-001
 -1.1316165e-001
 -1.1139306e-001
 -9.7459494e-002
 -7.2040276e-002
 -3.8549688e-002
 -2.3989558e-003
  3.0356732e-002
  5.4514353e-002
  6.6840082e-002
  6.6448066e-002
  5.4394849e-002
  3.2773589e-002
  3.7925430e-003
 -3.0702563e-002
 -6.9049450e-002
 -1.0908250e-001
 -1.4739655e-001
 -1.7912131e-001
 -1.9859084e-001
 -2.0089434e-001
 -1.8383637e-001
 -1.4952473e-001
 -1.0480218e-001
 -6.0085765e-002
 -2.6762934e-002
 -1.3893865e-002
 -2.5332735e-002
 -5.8334187e-002
 -1.0423961e-001
 -1.5110053e-001
 -1.8737278e-001
 -2.0539437e-001
 -2.0342247e-001
 -1.8554096e-001
 -1.5955706e-001
 -1.3376652e-001
 -1.1387593e-001
 -1.0126543e-001
 -9.3198868e-002
 -8.4781960e-002
 -7.1760916e-002
 -5.2933197e-002
 -3.1131300e-002
 -1.2353443e-002
 -3.3938070e-003
 -8.9502424e-003
 -2.9409231e-002
 -6.0243857e-002
 -9.3322711e-002
 -1.1967225e-001
 -1.3265854e-001
 -1.3037771e-001
 -1.1633316e-001
 -9.8118596e-002
 -8.4575807e-002
 -8.2472446e-002
 -9.3930673e-002
 -1.1556398e-001
 -1.3964819e-001
 -1.5689992e-001
 -1.5984329e-001
 -1.4553365e-001
 -1.1665318e-001
 -8.0600015e-002
 -4.6929917e-002
 -2.4098661e-002
 -1.6678721e-002
 -2.4012075e-002
 -4.0705962e-002
 -5.8700838e-002
 -7.0096714e-002
 -6.9708833e-002
 -5.6495398e-002
 -3.3468729e-002
 -6.2724014e-003
  1.8937407e-002
  3.7485239e-002
  4.7356203e-002
  4.9246146e-002
  4.5618900e-002
  3.9267429e-002
  3.2017471e-002
  2.4099665e-002
  1.4408561e-002
  1.4911820e-003
 -1.5190806e-002
 -3.4292296e-002
 -5.2362395e-002
 -6.4530345e-002
 -6.5905810e-002
 -5.3215078e-002
 -2.6088189e-002
  1.2477715e-002
  5.6669439e-002
  9.9262250e-002
  1.3342663e-001
  1.5435901e-001
  1.6023454e-001
  1.5222486e-001
  1.3364627e-001
  1.0858816e-001
  8.0524316e-002
  5.1384322e-002
  2.1376893e-002
 -1.0419352e-002
 -4.4954044e-002
 -8.2027366e-002
 -1.1950254e-001
 -1.5325059e-001
 -1.7793075e-001
 -1.8842941e-001
 -1.8154304e-001
 -1.5737040e-001
 -1.1991873e-001
 -7.6628254e-002
 -3.6830187e-002
 -9.4904037e-003
 -8.4990484e-004
 -1.2663252e-002
 -4.1610541e-002
 -8.0136338e-002
 -1.1853821e-001
 -1.4772202e-001
 -1.6179910e-001
 -1.5971411e-001
 -1.4537414e-001
 -1.2621649e-001
 -1.1065788e-001
 -1.0524167e-001
 -1.1241312e-001
 -1.2966230e-001
 -1.5033455e-001
 -1.6586295e-001
 -1.6870283e-001
 -1.5500478e-001
 -1.2613361e-001
 -8.8508854e-002
 -5.1789503e-002
 -2.5974140e-002
 -1.8352416e-002
 -3.1300992e-002
 -6.1642534e-002
 -1.0176968e-001
 -1.4215038e-001
 -1.7437543e-001
 -1.9373879e-001
 -2.0051218e-001
 -1.9952621e-001
 -1.9824230e-001
 -2.0399578e-001
 -2.2134473e-001
 -2.5039378e-001
 -2.8661293e-001
 -3.2216739e-001
 -3.4829135e-001
 -3.5793139e-001
 -3.4784118e-001
 -3.1952078e-001
 -2.7877570e-001
 -2.3408871e-001
 -1.9432593e-001
 -1.6644816e-001
 -1.5384796e-001
 -1.5571620e-001
 -1.6753837e-001
 -1.8251920e-001
 -1.9351262e-001
 -1.9493850e-001
 -1.8420675e-001
 -1.6231989e-001
 -1.3353951e-001
 -1.0422771e-001
 -8.1160424e-002
 -6.9721116e-002
 -7.2402478e-002
 -8.7971600e-002
 -1.1150813e-001
 -1.3533446e-001
 -1.5065904e-001
 -1.4958739e-001
 -1.2705466e-001
 -8.2224287e-002
 -1.8988689e-002
  5.4609374e-002
  1.2797308e-001
  1.9024991e-001
  2.3281315e-001
  2.5131434e-001
  2.4675140e-001
  2.2521007e-001
  1.9626723e-001
  1.7041199e-001
  1.5614417e-001
  1.5754983e-001
  1.7307377e-001
  1.9590867e-001
  2.1597327e-001
  2.2297873e-001
  2.0972707e-001
  1.7466443e-001
  1.2287889e-001
  6.5154201e-002
  1.5253319e-002
 -1.3856547e-002
 -1.3776921e-002
  1.6655053e-002
  7.0624908e-002
  1.3480479e-001
  1.9266725e-001
  2.2874811e-001
  2.3266935e-001
  2.0179050e-001
  1.4174825e-001
  6.4754528e-002
 -1.3826159e-002
 -7.9604533e-002
 -1.2279327e-001
 -1.4030148e-001
 -1.3575412e-001
 -1.1754661e-001
 -9.5656060e-002
 -7.8304325e-002
 -6.9577404e-002
 -6.8746199e-002
 -7.1422084e-002
 -7.2028153e-002
 -6.6602450e-002
 -5.4841933e-002
 -4.0588633e-002
 -3.0549984e-002
 -3.1718540e-002
 -4.8462143e-002
 -8.0402451e-002
 -1.2192846e-001
 -1.6359972e-001
 -1.9500040e-001
 -2.0806690e-001
 -1.9972736e-001
 -1.7292643e-001
 -1.3567361e-001
 -9.8441391e-002
 -7.0803581e-002
 -5.8449809e-002
 -6.1563975e-002
 -7.5075086e-002
 -9.0652162e-002
 -9.9738654e-002
 -9.6593737e-002
 -8.0326396e-002
 -5.5256397e-002
 -2.9493419e-002
 -1.2209746e-002
 -1.0507098e-002
 -2.6911347e-002
 -5.8328976e-002
 -9.6829293e-002
 -1.3202494e-001
 -1.5429840e-001
 -1.5783453e-001
 -1.4246555e-001
 -1.1370749e-001
 -8.0950179e-002
 -5.4369780e-002
 -4.1563733e-002
 -4.5016147e-002
 -6.1244429e-002
 -8.1933080e-002
 -9.6704392e-002
 -9.6625515e-002
 -7.7293356e-002
 -4.0464559e-002
  6.3289107e-003
  5.2071743e-002
  8.5721149e-002
  9.9691218e-002
  9.2218278e-002
  6.7833381e-002
  3.5800997e-002
  7.0599168e-003
 -9.3070705e-003
 -8.9084848e-003
  6.7279366e-003
  3.0892901e-002
  5.4096323e-002
  6.7287628e-002
  6.4809791e-002
  4.6130154e-002
  1.5834788e-002
 -1.8029806e-002
 -4.6641535e-002
 -6.3181640e-002
 -6.4798208e-002
 -5.3172584e-002
 -3.3610894e-002
 -1.3078946e-002
  2.0840671e-003
  7.9969248e-003
  4.0650271e-003
 -7.3469512e-003
 -2.2145448e-002
 -3.6114853e-002
 -4.6315139e-002
 -5.1835252e-002
 -5.3747363e-002
 -5.4400394e-002
 -5.6393508e-002
 -6.1626031e-002
 -7.0734935e-002
 -8.3057619e-002
 -9.7068328e-002
 -1.1109293e-001
 -1.2404282e-001
 -1.3592669e-001
 -1.4797934e-001
 -1.6236044e-001
 -1.8149410e-001
 -2.0722031e-001
 -2.3999180e-001
 -2.7836144e-001
 -3.1895576e-001
 -3.5701949e-001
 -3.8746213e-001
 -4.0617331e-001
 -4.1125222e-001
 -4.0376507e-001
 -3.8773592e-001
 -3.6928112e-001
 -3.5506400e-001
 -3.5048732e-001
 -3.5816629e-001
 -3.7717531e-001
 -4.0333880e-001
 -4.3050549e-001
 -4.5241970e-001
 -4.6459714e-001
 -4.6560344e-001
 -4.5732857e-001
 -4.4418355e-001
 -4.3150279e-001
 -4.2369501e-001
 -4.2275955e-001
 -4.2765376e-001
 -4.3470760e-001
 -4.3893428e-001
 -4.3579541e-001
 -4.2283721e-001
 -4.0066322e-001
 -3.7292660e-001
 -3.4534037e-001
 -3.2401525e-001
 -3.1364500e-001
 -3.1610342e-001
 -3.2988216e-001
 -3.5053015e-001
 -3.7194009e-001
 -3.8807037e-001
 -3.9457397e-001
 -3.8986430e-001
 -3.7535243e-001
 -3.5486272e-001
 -3.3347707e-001
 -3.1619297e-001
 -3.0677671e-001
 -3.0707392e-001
 -3.1686483e-001
 -3.3419182e-001
 -3.5598776e-001
 -3.7880928e-001
 -3.9951035e-001
 -4.1574667e-001
 -4.2625444e-001
 -4.3088855e-001
 -4.3043993e-001
 -4.2628716e-001
 -4.1997235e-001
 -4.1281381e-001
 -4.0566009e-001
 -3.9884402e-001
 -3.9232194e-001
 -3.8591009e-001
 -3.7949284e-001
 -3.7309737e-001
 -3.6680166e-001
 -3.6053710e-001
 -3.5391482e-001
 -3.4621142e-001
 -3.3658223e-001
 -3.2445637e-001
 -3.0995726e-001
 -2.9414087e-001
 -2.7888395e-001
 -2.6638125e-001
 -2.5837812e-001
 -2.5540622e-001
 -2.5633996e-001
 -2.5851753e-001
 -2.5848661e-001
 -2.5320047e-001
 -2.4129128e-001
 -2.2396387e-001
 -2.0513029e-001
 -1.9063061e-001
 -1.8669054e-001
 -1.9804772e-001
 -2.2633152e-001
 -2.6924178e-001
 -3.2083957e-001
 -3.7291024e-001
 -4.1700310e-001
 -4.4652103e-001
 -4.5821137e-001
 -4.5261158e-001
 -4.3335986e-001
 -4.0566760e-001
 -3.7452862e-001
 -3.4330877e-001
 -3.1319385e-001
 -2.8363410e-001
 -2.5353336e-001
 -2.2263685e-001
 -1.9248632e-001
 -1.6647394e-001
 -1.4888613e-001
 -1.4325378e-001
 -1.5065382e-001
 -1.6869921e-001
 -1.9175313e-001
 -2.1246187e-001
 -2.2417432e-001
 -2.2340721e-001
 -2.1140160e-001
 -1.9407033e-001
 -1.8019217e-001
 -1.7837018e-001
 -1.9378607e-001
 -2.2593519e-001
 -2.6823475e-001
 -3.0974860e-001
 -3.3850257e-001
 -3.4526625e-001
 -3.2648849e-001
 -2.8537313e-001
 -2.3075954e-001
 -1.7426628e-001
 -1.2675986e-001
 -9.5393796e-002
 -8.2169080e-002
 -8.4330196e-002
 -9.6200081e-002
 -1.1156221e-001
 -1.2560601e-001
 -1.3577340e-001
 -1.4141374e-001
 -1.4270673e-001
 -1.3960167e-001
 -1.3142993e-001
 -1.1743200e-001
 -9.7909461e-002
 -7.5321719e-002
 -5.4591481e-002
 -4.2200648e-002
 -4.4216734e-002
 -6.3939941e-002
 -1.0014710e-001
 -1.4678133e-001
 -1.9442131e-001
 -2.3315780e-001
 -2.5589456e-001
 -2.6083886e-001
 -2.5217622e-001
 -2.3856855e-001
 -2.2993403e-001
 -2.3364578e-001
 -2.5155276e-001
 -2.7896610e-001
 -3.0605325e-001
 -3.2119969e-001
 -3.1516317e-001
 -2.8453722e-001
 -2.3327515e-001
 -1.7171960e-001
 -1.1347683e-001
 -7.1240418e-002
 -5.3025147e-002
 -6.0093626e-002
 -8.7221202e-002
 -1.2509145e-001
 -1.6386371e-001
 -1.9657642e-001
 -2.2117127e-001
 -2.4048062e-001
 -2.6029486e-001
 -2.8632768e-001
 -3.2127613e-001
 -3.6310410e-001
 -4.0520571e-001
 -4.3840969e-001
 -4.5411931e-001
 -4.4747643e-001
 -4.1942532e-001
 -3.7692753e-001
 -3.3120658e-001
 -2.9456525e-001
 -2.7679452e-001
 -2.8232691e-001
 -3.0903785e-001
 -3.4905572e-001
 -3.9128690e-001
 -4.2481587e-001
 -4.4207874e-001
 -4.4081466e-001
 -4.2422988e-001
 -3.9941540e-001
 -3.7463448e-001
 -3.5644933e-001
 -3.4767219e-001
 -3.4680573e-001
 -3.4909708e-001
 -3.4875695e-001
 -3.4149035e-001
 -3.2638793e-001
 -3.0646970e-001
 -2.8767089e-001
 -2.7663598e-001
 -2.7813400e-001
 -2.9306378e-001
 -3.1781815e-001
 -3.4528837e-001
 -3.6718736e-001
 -3.7687241e-001
 -3.7164442e-001
 -3.5367255e-001
 -3.2918625e-001
 -3.0621048e-001
 -2.9165973e-001
 -2.8884663e-001
 -2.9630800e-001
 -3.0836208e-001
 -3.1716982e-001
 -3.1552485e-001
 -2.9934671e-001
 -2.6899031e-001
 -2.2895042e-001
 -1.8614746e-001
 -1.4749731e-001
 -1.1770110e-001
 -9.8064487e-002
 -8.6730947e-002
 -8.0162443e-002
 -7.5232473e-002
 -7.1081987e-002
 -6.9996414e-002
 -7.6940478e-002
 -9.7889828e-002
 -1.3754064e-001
 -1.9720615e-001
 -2.7365146e-001
 -3.5930515e-001
 -4.4383451e-001
 -5.1663453e-001
 -5.6949930e-001
 -5.9869572e-001
 -6.0584476e-001
 -5.9736421e-001
 -5.8262897e-001
 -5.7134785e-001
 -5.7085563e-001
 -5.8403380e-001
 -6.0841118e-001
 -6.3669841e-001
 -6.5864979e-001
 -6.6380310e-001
 -6.4440437e-001
 -5.9774597e-001
 -5.2726460e-001
 -4.4204760e-001
 -3.5481531e-001
 -2.7887516e-001
 -2.2485384e-001
 -1.9810537e-001
 -1.9751919e-001
 -2.1605378e-001
 -2.4281447e-001
 -2.6603970e-001
 -2.7610902e-001
 -2.6772274e-001
 -2.4071039e-001
 -1.9939116e-001
 -1.5086400e-001
 -1.0288960e-001
 -6.2052167e-002
 -3.2669935e-002
 -1.6569417e-002
 -1.3503289e-002
 -2.1809635e-002
 -3.8939374e-002
 -6.1680361e-002
 -8.6166763e-002
 -1.0794554e-001
 -1.2238332e-001
 -1.2552614e-001
 -1.1525010e-001
 -9.2296554e-002
 -6.0700275e-002
 -2.7257484e-002
 -1.0021810e-005
  1.3880485e-002
  1.0194810e-002
 -1.1081379e-002
 -4.5804136e-002
 -8.7086094e-002
 -1.2762851e-001
 -1.6214975e-001
 -1.8901626e-001
 -2.1045065e-001
 -2.3121155e-001
 -2.5621843e-001
 -2.8800874e-001
 -3.2500243e-001
 -3.6127240e-001
 -3.8798070e-001
 -3.9603983e-001
 -3.7911711e-001
 -3.3597316e-001
 -2.7134970e-001
 -1.9510681e-001
 -1.1987763e-001
 -5.7966278e-002
 -1.8416723e-002
 -5.0807017e-003
 -1.6163186e-002
 -4.5255598e-002
 -8.3433341e-002
 -1.2172586e-001
 -1.5323106e-001
 -1.7433149e-001
 -1.8480043e-001
 -1.8694620e-001
 -1.8421802e-001
 -1.7980624e-001
 -1.7569402e-001
 -1.7239734e-001
 -1.6935518e-001
 -1.6570119e-001
 -1.6104185e-001
 -1.5591076e-001
 -1.5173489e-001
 -1.5036246e-001
 -1.5337749e-001
 -1.6149652e-001
 -1.7428971e-001
 -1.9032055e-001
 -2.0762346e-001
 -2.2430951e-001
 -2.3905866e-001
 -2.5132981e-001
 -2.6125893e-001
 -2.6935606e-001
 -2.7619014e-001
 -2.8223283e-001
 -2.8793052e-001
 -2.9393904e-001
 -3.0135320e-001
 -3.1174579e-001
 -3.2690895e-001
 -3.4833198e-001
 -3.7659043e-001
 -4.1089643e-001
 -4.4903093e-001
 -4.8775166e-001
 -5.2359326e-001
 -5.5381881e-001
 -5.7720781e-001
 -5.9440430e-001
 -6.0768872e-001
 -6.2022552e-001
 -6.3501036e-001
 -6.5383704e-001
 -6.7659711e-001
 -7.0112279e-001
 -7.2362400e-001
 -7.3960401e-001
 -7.4501216e-001
 -7.3733541e-001
 -7.1635087e-001
 -6.8434835e-001
 -6.4576125e-001
 -6.0628730e-001
 -5.7170590e-001
 -5.4667858e-001
 -5.3383008e-001
 -5.3334093e-001
 -5.4314782e-001
 -5.5967639e-001
 -5.7887283e-001
 -5.9720881e-001
 -6.1234824e-001
 -6.2328784e-001
 -6.2997940e-001
 -6.3263942e-001
 -6.3107363e-001
 -6.2433723e-001
 -6.1091323e-001
 -5.8937342e-001
 -5.5927529e-001
 -5.2192960e-001
 -4.8069661e-001
 -4.4062465e-001
 -4.0747313e-001
 -3.8637666e-001
 -3.8053236e-001
 -3.9029015e-001
 -4.1290735e-001
 -4.4304016e-001
 -4.7384961e-001
 -4.9845069e-001
 -5.1136253e-001
 -5.0963008e-001
 -4.9337157e-001
 -4.6563983e-001
 -4.3164247e-001
 -3.9751641e-001
 -3.6896265e-001
 -3.5008535e-001
 -3.4272321e-001
 -3.4641765e-001
 -3.5896783e-001
 -3.7734153e-001
 -3.9861110e-001
 -4.2060768e-001
 -4.4212659e-001
 -4.6271641e-001
 -4.8225498e-001
 -5.0058259e-001
 -5.1739512e-001
 -5.3243378e-001
 -5.4582613e-001
 -5.5832960e-001
 -5.7126077e-001
 -5.8605117e-001
 -6.0357903e-001
 -6.2358036e-001
 -6.4445646e-001
 -6.6364847e-001
 -6.7849856e-001
 -6.8727597e-001
 -6.8993078e-001
 -6.8821328e-001
 -6.8504445e-001
 -6.8334054e-001
 -6.8474664e-001
 -6.8880522e-001
 -6.9293725e-001
 -6.9330032e-001
 -6.8623628e-001
 -6.6977468e-001
 -6.4461876e-001
 -6.1422524e-001
 -5.8392349e-001
 -5.5937235e-001
 -5.4488685e-001
 -5.4219786e-001
 -5.5003329e-001
 -5.6460540e-001
 -5.8077951e-001
 -5.9349693e-001
 -5.9899501e-001
 -5.9550023e-001
 -5.8329551e-001
 -5.6428336e-001
 -5.4129874e-001
 -5.1743468e-001
 -4.9555052e-001
 -4.7799675e-001
 -4.6648329e-001
 -4.6198332e-001
 -4.6460962e-001
 -4.7348656e-001
 -4.8671598e-001
 -5.0155016e-001
 -5.1482784e-001
 -5.2362113e-001
 -5.2593376e-001
 -5.2123634e-001
 -5.1065295e-001
 -4.9671886e-001
 -4.8277362e-001
 -4.7217974e-001
 -4.6761640e-001
 -4.7066472e-001
 -4.8178725e-001
 -5.0065037e-001
 -5.2660211e-001
 -5.5905524e-001
 -5.9756512e-001
 -6.4152792e-001
 -6.8960892e-001
 -7.3916916e-001
 -7.8602061e-001
 -8.2476315e-001
 -8.4975535e-001
 -8.5651268e-001
 -8.4311185e-001
 -8.1110216e-001
 -7.6553081e-001
 -7.1395635e-001
 -6.6466597e-001
 -6.2460506e-001
 -5.9766189e-001
 -5.8386647e-001
 -5.7977951e-001
 -5.7995439e-001
 -5.7898626e-001
 -5.7344951e-001
 -5.6305049e-001
 -5.5058737e-001
 -5.4072832e-001
 -5.3804572e-001
 -5.4502316e-001
 -5.6077730e-001
 -5.8099160e-001
 -5.9912875e-001
 -6.0852740e-001
 -6.0466481e-001
 -5.8679709e-001
 -5.5839775e-001
 -5.2622509e-001
 -4.9831470e-001
 -4.8155128e-001
 -4.7960731e-001
 -4.9190587e-001
 -5.1392256e-001
 -5.3870621e-001
 -5.5911161e-001
 -5.7002344e-001
 -5.6987020e-001
 -5.6096926e-001
 -5.4862531e-001
 -5.3930120e-001
 -5.3846472e-001
 -5.4879971e-001
 -5.6933258e-001
 -5.9571605e-001
 -6.2153558e-001
 -6.4018483e-001
 -6.4669613e-001
 -6.3895815e-001
 -6.1798348e-001
 -5.8722020e-001
 -5.5122005e-001
 -5.1417279e-001
 -4.7882941e-001
 -4.4616628e-001
 -4.1585446e-001
 -3.8729648e-001
 -3.6078316e-001
 -3.3827705e-001
 -3.2345807e-001
 -3.2092581e-001
 -3.3475336e-001
 -3.6683208e-001
 -4.1555800e-001
 -4.7535072e-001
 -5.3727860e-001
 -5.9074753e-001
 -6.2588210e-001
 -6.3598546e-001
 -6.1938398e-001
 -5.8008314e-001
 -5.2696265e-001
 -4.7164374e-001
 -4.2555676e-001
 -3.9699779e-001
 -3.8900204e-001
 -3.9865196e-001
 -4.1803493e-001
 -4.3658689e-001
 -4.4415198e-001
 -4.3388224e-001
 -4.0416035e-001
 -3.5903070e-001
 -3.0707261e-001
 -2.5910042e-001
 -2.2539097e-001
 -2.1322846e-001
 -2.2540734e-001
 -2.6000651e-001
 -3.1135602e-001
 -3.7178585e-001
 -4.3357149e-001
 -4.9051190e-001
 -5.3876792e-001
 -5.7687386e-001
 -6.0511175e-001
 -6.2461330e-001
 -6.3658023e-001
 -6.4189274e-001
 -6.4116730e-001
 -6.3511621e-001
 -6.2493561e-001
 -6.1245435e-001
 -5.9990505e-001
 -5.8937261e-001
 -5.8214774e-001
 -5.7828619e-001
 -5.7661153e-001
 -5.7522268e-001
 -5.7234741e-001
 -5.6721472e-001
 -5.6057731e-001
 -5.5462849e-001
 -5.5228810e-001
 -5.5609153e-001
 -5.6710003e-001
 -5.8427677e-001
 -6.0462182e-001
 -6.2407826e-001
 -6.3891571e-001
 -6.4708696e-001
 -6.4902715e-001
 -6.4754479e-001
 -6.4678119e-001
 -6.5057100e-001
 -6.6078626e-001
 -6.7628907e-001
 -6.9292937e-001
 -7.0466581e-001
 -7.0548592e-001
 -6.9150302e-001
 -6.6252050e-001
 -6.2251440e-001
 -5.7883726e-001
 -5.4036704e-001
 -5.1516816e-001
 -5.0837976e-001
 -5.2095428e-001
 -5.4957752e-001
 -5.8772002e-001
 -6.2743281e-001
 -6.6131931e-001
 -6.8413290e-001
 -6.9363694e-001
 -6.9063257e-001
 -6.7830563e-001
 -6.6119105e-001
 -6.4407341e-001
 -6.3106440e-001
 -6.2497827e-001
 -6.2702224e-001
 -6.3676299e-001
 -6.5232116e-001
 -6.7075832e-001
 -6.8862449e-001
 -7.0261115e-001
 -7.1020829e-001
 -7.1022005e-001
 -7.0298212e-001
 -6.9017090e-001
 -6.7420065e-001
 -6.5734619e-001
 -6.4085486e-001
 -6.2436940e-001
 -6.0593042e-001
 -5.8266087e-001
 -5.5199531e-001
 -5.1308411e-001
 -4.6786851e-001
 -4.2135627e-001
 -3.8084364e-001
 -3.5417252e-001
 -3.4747104e-001
 -3.6306834e-001
 -3.9829930e-001
 -4.4568952e-001
 -4.9459574e-001
 -5.3390268e-001
 -5.5500722e-001
 -5.5418944e-001
 -5.3363165e-001
 -5.0075741e-001
 -4.6608781e-001
 -4.4027545e-001
 -4.3122149e-001
 -4.4212574e-001
 -4.7098976e-001
 -5.1160807e-001
 -5.5561657e-001
 -5.9487756e-001
 -6.2345645e-001
 -6.3867181e-001
 -6.4107343e-001
 -6.3357305e-001
 -6.2018467e-001
 -6.0485897e-001
 -5.9073936e-001
 -5.7991628e-001
 -5.7353111e-001
 -5.7197289e-001
 -5.7495318e-001
 -5.8139649e-001
 -5.8925940e-001
 -5.9549897e-001
 -5.9639272e-001
 -5.8827414e-001
 -5.6854895e-001
 -5.3668835e-001
 -4.9483474e-001
 -4.4773693e-001
 -4.0193132e-001
 -3.6433337e-001
 -3.4060925e-001
 -3.3378916e-001
 -3.4352783e-001
 -3.6623353e-001
 -3.9603266e-001
 -4.2629332e-001
 -4.5127324e-001
 -4.6743138e-001
 -4.7405617e-001
 -4.7307874e-001
 -4.6818943e-001
 -4.6358010e-001
 -4.6272817e-001
 -4.6759144e-001
 -4.7841420e-001
 -4.9411521e-001
 -5.1302237e-001
 -5.3361157e-001
 -5.5494073e-001
 -5.7662707e-001
 -5.9843404e-001
 -6.1971974e-001
 -6.3907182e-001
 -6.5437727e-001
 -6.6337691e-001
 -6.6451592e-001
 -6.5772828e-001
 -6.4476738e-001
 -6.2884249e-001
 -6.1359239e-001
 -6.0171829e-001
 -5.9378894e-001
 -5.8773056e-001
 -5.7930758e-001
 -5.6354816e-001
 -5.3669721e-001
 -4.9802967e-001
 -4.5083529e-001
 -4.0211861e-001
 -3.6097984e-001
 -3.3611095e-001
 -3.3319008e-001
 -3.5305065e-001
 -3.9129010e-001
 -4.3952430e-001
 -4.8793766e-001
 -5.2831703e-001
 -5.5655854e-001
 -5.7378003e-001
 -5.8562290e-001
 -5.9993599e-001
 -6.2359416e-001
 -6.5951657e-001
 -7.0490334e-001
 -7.5131464e-001
 -7.8661159e-001
 -7.9817244e-001
 -7.7639837e-001
 -7.1745942e-001
 -6.2450989e-001
 -5.0710944e-001
 -3.7913578e-001
 -2.5587980e-001
 -1.5115608e-001
 -7.5125051e-002
 -3.3194267e-002
 -2.5987603e-002
 -5.0083037e-002
 -9.9107981e-002
 -1.6484905e-001
 -2.3821232e-001
 -3.1005539e-001
 -3.7201003e-001
 -4.1738181e-001
 -4.4207489e-001
 -4.4532646e-001
 -4.2994317e-001
 -4.0178334e-001
 -3.6843086e-001
 -3.3729784e-001
 -3.1365637e-001
 -2.9921727e-001
 -2.9177161e-001
 -2.8609920e-001
 -2.7592393e-001
 -2.5630945e-001
 -2.2569126e-001
 -1.8682087e-001
 -1.4624448e-001
 -1.1244084e-001
 -9.3223735e-002
 -9.3296322e-002
 -1.1281704e-001
 -1.4749629e-001
 -1.9020470e-001
 -2.3352652e-001
 -2.7233562e-001
 -3.0544244e-001
 -3.3567977e-001
 -3.6835546e-001
 -4.0860449e-001
 -4.5860125e-001
 -5.1568423e-001
 -5.7215989e-001
 -6.1698508e-001
 -6.3887565e-001
 -6.2988264e-001
 -5.8828880e-001
 -5.1987029e-001
 -4.3706788e-001
 -3.5624859e-001
 -2.9380413e-001
 -2.6215749e-001
 -2.6674934e-001
 -3.0477639e-001
 -3.6596156e-001
 -4.3510153e-001
 -4.9570509e-001
 -5.3380327e-001
 -5.4101825e-001
 -5.1619970e-001
 -4.6530817e-001
 -3.9965403e-001
 -3.3298979e-001
 -2.7821312e-001
 -2.4450635e-001
 -2.3559446e-001
 -2.4948087e-001
 -2.7960645e-001
 -3.1699163e-001
 -3.5268236e-001
 -3.7980030e-001
 -3.9469428e-001
 -3.9702596e-001
 -3.8897324e-001
 -3.7397767e-001
 -3.5552364e-001
 -3.3631947e-001
 -3.1802205e-001
 -3.0141085e-001
 -2.8676553e-001
 -2.7418206e-001
 -2.6366211e-001
 -2.5497126e-001
 -2.4740495e-001
 -2.3966360e-001
 -2.2999540e-001
 -2.1663921e-001
 -1.9844754e-001
 -1.7546092e-001
 -1.4918929e-001
 -1.2244700e-001
 -9.8750663e-002
 -8.1459995e-002
 -7.2947351e-002
 -7.4076176e-002
 -8.4148256e-002
 -1.0129243e-001
 -1.2309155e-001
 -1.4715827e-001
 -1.7141692e-001
 -1.9401313e-001
 -2.1298412e-001
 -2.2597948e-001
 -2.3033999e-001
 -2.2369123e-001
 -2.0494167e-001
 -1.7530558e-001
 -1.3883575e-001
 -1.0203941e-001
 -7.2462118e-002
 -5.6552583e-002
 -5.7491558e-002
 -7.3807275e-002
 -9.9416816e-002
 -1.2526343e-001
 -1.4212677e-001
 -1.4369512e-001
 -1.2881123e-001
 -1.0203052e-001
 -7.2200290e-002
 -4.9480138e-002
 -4.1809043e-002
 -5.2055949e-002
 -7.6868685e-002
 -1.0763621e-001
 -1.3322326e-001
 -1.4350900e-001
 -1.3249832e-001
 -9.9967961e-002
 -5.1176761e-002
  5.1198402e-003
  5.9530734e-002
  1.0471086e-001
  1.3698669e-001
  1.5653790e-001
  1.6633001e-001
  1.7042813e-001
  1.7244952e-001
  1.7471418e-001
  1.7824892e-001
  1.8338953e-001
  1.9049228e-001
  2.0029655e-001
  2.1373759e-001
  2.3134756e-001
  2.5263362e-001
  2.7585983e-001
  2.9846906e-001
  3.1805408e-001
  3.3348211e-001
  3.4564089e-001
  3.5737978e-001
  3.7253010e-001
  3.9427752e-001
  4.2346456e-001
  4.5749252e-001
  4.9032687e-001
  5.1374279e-001
