 -6.5046232e-002
 -7.4393603e-002
 -8.8862291e-002
 -1.0551481e-001
 -1.2204702e-001
 -1.3709863e-001
 -1.5012277e-001
 -1.6093838e-001
 -1.6920937e-001
 -1.7411361e-001
 -1.7437806e-001
 -1.6869747e-001
 -1.5638568e-001
 -1.3799704e-001
 -1.1564461e-001
 -9.2836666e-002
 -7.3820442e-002
 -6.2599228e-002
 -6.1912615e-002
 -7.2495091e-002
 -9.2847029e-002
 -1.1959366e-001
 -1.4832655e-001
 -1.7467854e-001
 -1.9532241e-001
 -2.0861972e-001
 -2.1476402e-001
 -2.1541866e-001
 -2.1299503e-001
 -2.0980906e-001
 -2.0736985e-001
 -2.0599689e-001
 -2.0485350e-001
 -2.0235914e-001
 -1.9683696e-001
 -1.8719246e-001
 -1.7341691e-001
 -1.5676440e-001
 -1.3954617e-001
 -1.2459724e-001
 -1.1456648e-001
 -1.1123571e-001
 -1.1506900e-001
 -1.2512673e-001
 -1.3936926e-001
 -1.5525341e-001
 -1.7043134e-001
 -1.8332949e-001
 -1.9342727e-001
 -2.0116027e-001
 -2.0750418e-001
 -2.1340613e-001
 -2.1928033e-001
 -2.2475417e-001
 -2.2875367e-001
 -2.2988811e-001
 -2.2698410e-001
 -2.1956805e-001
 -2.0812139e-001
 -1.9402202e-001
 -1.7920216e-001
 -1.6565184e-001
 -1.5494344e-001
 -1.4793120e-001
 -1.4470403e-001
 -1.4477154e-001
 -1.4738101e-001
 -1.5182581e-001
 -1.5762462e-001
 -1.6451391e-001
 -1.7227702e-001
 -1.8050121e-001
 -1.8838421e-001
 -1.9469603e-001
 -1.9794638e-001
 -1.9673334e-001
 -1.9017825e-001
 -1.7830949e-001
 -1.6225523e-001
 -1.4414806e-001
 -1.2672116e-001
 -1.1266889e-001
 -1.0392651e-001
 -1.0106922e-001
 -1.0301823e-001
 -1.0717015e-001
 -1.0994860e-001
 -1.0765048e-001
 -9.7363431e-002
 -7.7701943e-002
 -4.9159408e-002
 -1.3987864e-002
  2.4343679e-002
  6.1944577e-002
  9.5327121e-002
  1.2205208e-001
  1.4106131e-001
  1.5266288e-001
  1.5822222e-001
  1.5966765e-001
  1.5893419e-001
  1.5745934e-001
  1.5582227e-001
  1.5359428e-001
  1.4944163e-001
  1.4148276e-001
  1.2784653e-001
  1.0731208e-001
  7.9856959e-002
  4.6927702e-002
  1.1297242e-002
 -2.3511801e-002
 -5.4110516e-002
 -7.8174989e-002
 -9.5109214e-002
 -1.0617633e-001
 -1.1399591e-001
 -1.2152742e-001
 -1.3086615e-001
 -1.4228543e-001
 -1.5391463e-001
 -1.6224512e-001
 -1.6336471e-001
 -1.5453538e-001
 -1.3555957e-001
 -1.0940154e-001
 -8.1752833e-002
 -5.9588507e-002
 -4.9129765e-002
 -5.3873032e-002
 -7.3365522e-002
 -1.0318327e-001
 -1.3616998e-001
 -1.6456198e-001
 -1.8231285e-001
 -1.8685436e-001
 -1.7971920e-001
 -1.6583696e-001
 -1.5176081e-001
 -1.4342954e-001
 -1.4420070e-001
 -1.5376836e-001
 -1.6825850e-001
 -1.8139896e-001
 -1.8633128e-001
 -1.7747529e-001
 -1.5191094e-001
 -1.0996183e-001
 -5.4952560e-002
  7.6431370e-003
  7.1323861e-002
  1.2963052e-001
  1.7696457e-001
  2.0910437e-001
  2.2347839e-001
  2.1928481e-001
  1.9750762e-001
  1.6081199e-001
  1.1325966e-001
  5.9800454e-002
  5.5695856e-003
 -4.4883403e-002
 -8.8240849e-002
 -1.2274903e-001
 -1.4813478e-001
 -1.6514995e-001
 -1.7493047e-001
 -1.7843359e-001
 -1.7618604e-001
 -1.6843876e-001
 -1.5563476e-001
 -1.3893552e-001
 -1.2049764e-001
 -1.0327913e-001
 -9.0357383e-002
 -8.3976468e-002
 -8.4702478e-002
 -9.1072662e-002
 -9.9957354e-002
 -1.0757271e-001
 -1.1080158e-001
 -1.0832258e-001
 -1.0109139e-001
 -9.1956928e-002
 -8.4537566e-002
 -8.1788485e-002
 -8.4828744e-002
 -9.2502543e-002
 -1.0185528e-001
 -1.0933002e-001
 -1.1218917e-001
 -1.0956725e-001
 -1.0270861e-001
 -9.4282757e-002
 -8.7060701e-002
 -8.2517893e-002
 -7.9981977e-002
 -7.6738674e-002
 -6.9123007e-002
 -5.4207574e-002
 -3.1422535e-002
 -3.4200499e-003
  2.4252062e-002
  4.4665244e-002
  5.1751687e-002
  4.2503846e-002
  1.8331406e-002
 -1.4962968e-002
 -4.8661453e-002
 -7.3630492e-002
 -8.3047707e-002
 -7.4470847e-002
 -5.0573328e-002
 -1.8306763e-002
  1.3238995e-002
  3.5594971e-002
  4.3424400e-002
  3.6015652e-002
  1.7320379e-002
 -5.4414482e-003
 -2.4151737e-002
 -3.2397815e-002
 -2.7513555e-002
 -1.1445719e-002
  9.8072525e-003
  2.8009790e-002
  3.5212718e-002
  2.6234222e-002
  3.6078016e-004
 -3.8239003e-002
 -8.1515558e-002
 -1.1966599e-001
 -1.4376951e-001
 -1.4816713e-001
 -1.3190624e-001
 -9.8858214e-002
 -5.6518907e-002
 -1.3893727e-002
  2.0871454e-002
  4.2403697e-002
  4.9025781e-002
  4.2491559e-002
  2.6725895e-002
  6.0724960e-003
 -1.6314648e-002
 -3.9387124e-002
 -6.4146877e-002
 -9.2698640e-002
 -1.2680605e-001
 -1.6651549e-001
 -2.0937627e-001
 -2.5056567e-001
 -2.8390742e-001
 -3.0346601e-001
 -3.0521257e-001
 -2.8824554e-001
 -2.5520338e-001
 -2.1176291e-001
 -1.6538395e-001
 -1.2365706e-001
 -9.2687765e-002
 -7.5905364e-002
 -7.3549527e-002
 -8.2910662e-002
 -9.9225920e-002
 -1.1699290e-001
 -1.3137730e-001
 -1.3937097e-001
 -1.4041018e-001
 -1.3628972e-001
 -1.3038818e-001
 -1.2641602e-001
 -1.2705362e-001
 -1.3290659e-001
 -1.4213467e-001
 -1.5091567e-001
 -1.5463915e-001
 -1.4947154e-001
 -1.3378587e-001
 -1.0896473e-001
 -7.9270426e-002
 -5.0774468e-002
 -2.9650687e-002
 -2.0352904e-002
 -2.4244077e-002
 -3.9102355e-002
 -5.9651221e-002
 -7.8943132e-002
 -9.0176484e-002
 -8.8422880e-002
 -7.1808512e-002
 -4.1892535e-002
 -3.2374532e-003
  3.7617032e-002
  7.3449722e-002
  9.7601874e-002
  1.0494828e-001
  9.2511560e-002
  5.9748372e-002
  8.5844833e-003
 -5.6743725e-002
 -1.3003971e-001
 -2.0373216e-001
 -2.6973094e-001
 -3.2051894e-001
 -3.5033547e-001
 -3.5621023e-001
 -3.3857664e-001
 -3.0126023e-001
 -2.5079193e-001
 -1.9518705e-001
 -1.4248734e-001
 -9.9425621e-002
 -7.0516107e-002
 -5.7721264e-002
 -6.0659678e-002
 -7.7169232e-002
 -1.0397803e-001
 -1.3727419e-001
 -1.7307580e-001
 -2.0742892e-001
 -2.3654986e-001
 -2.5704269e-001
 -2.6626535e-001
 -2.6281464e-001
 -2.4700025e-001
 -2.2112180e-001
 -1.8937868e-001
 -1.5732915e-001
 -1.3094669e-001
 -1.1545595e-001
 -1.1422127e-001
 -1.2797547e-001
 -1.5460563e-001
 -1.8957520e-001
 -2.2689761e-001
 -2.6043401e-001
 -2.8520711e-001
 -2.9842303e-001
 -2.9997004e-001
 -2.9229156e-001
 -2.7967770e-001
 -2.6715068e-001
 -2.5920940e-001
 -2.5873053e-001
 -2.6629102e-001
 -2.8008337e-001
 -2.9645459e-001
 -3.1093931e-001
 -3.1951654e-001
 -3.1974017e-001
 -3.1140887e-001
 -2.9656099e-001
 -2.7877986e-001
 -2.6201622e-001
 -2.4930458e-001
 -2.4180224e-001
 -2.3848508e-001
 -2.3661480e-001
 -2.3282148e-001
 -2.2442064e-001
 -2.1049324e-001
 -1.9233977e-001
 -1.7314859e-001
 -1.5700782e-001
 -1.4762605e-001
 -1.4721887e-001
 -1.5593055e-001
 -1.7193678e-001
 -1.9211066e-001
 -2.1294300e-001
 -2.3136199e-001
 -2.4520340e-001
 -2.5327705e-001
 -2.5516033e-001
 -2.5093864e-001
 -2.4107524e-001
 -2.2646125e-001
 -2.0854984e-001
 -1.8939710e-001
 -1.7145815e-001
 -1.5710566e-001
 -1.4798838e-001
 -1.4445343e-001
 -1.4526844e-001
 -1.4779103e-001
 -1.4858289e-001
 -1.4431472e-001
 -1.3271163e-001
 -1.1327426e-001
 -8.7574625e-002
 -5.9038802e-002
 -3.2256518e-002
 -1.1968799e-002
 -1.9602907e-003
 -4.1111696e-003
 -1.7839819e-002
 -4.0091598e-002
 -6.5909461e-002
 -8.9480156e-002
 -1.0541934e-001
 -1.0997973e-001
 -1.0187039e-001
 -8.2471249e-002
 -5.5394244e-002
 -2.5530593e-002
  2.1277668e-003
  2.3548578e-002
  3.6314729e-002
  3.9739235e-002
  3.4494750e-002
  2.1972485e-002
  3.6560995e-003
 -1.9246375e-002
 -4.5804777e-002
 -7.5066549e-002
 -1.0565360e-001
 -1.3550163e-001
 -1.6192396e-001
 -1.8203686e-001
 -1.9341763e-001
 -1.9475085e-001
 -1.8620394e-001
 -1.6936800e-001
 -1.4676995e-001
 -1.2113589e-001
 -9.4691742e-002
 -6.8777122e-002
 -4.3920935e-002
 -2.0330483e-002
  1.4404071e-003
  1.9974459e-002
  3.2913946e-002
  3.7441557e-002
  3.1199959e-002
  1.3322268e-002
 -1.4845029e-002
 -4.9671437e-002
 -8.5948359e-002
 -1.1820671e-001
 -1.4223378e-001
 -1.5626981e-001
 -1.6144816e-001
 -1.6129274e-001
 -1.6041738e-001
 -1.6286007e-001
 -1.7062541e-001
 -1.8294453e-001
 -1.9651661e-001
 -2.0665654e-001
 -2.0896173e-001
 -2.0093465e-001
 -1.8301509e-001
 -1.5867393e-001
 -1.3352822e-001
 -1.1375082e-001
 -1.0426896e-001
 -1.0730996e-001
 -1.2174465e-001
 -1.4343589e-001
 -1.6649365e-001
 -1.8505944e-001
 -1.9507362e-001
 -1.9547472e-001
 -1.8844555e-001
 -1.7861478e-001
 -1.7145449e-001
 -1.7137987e-001
 -1.8016476e-001
 -1.9619450e-001
 -2.1481108e-001
 -2.2965020e-001
 -2.3454767e-001
 -2.2541303e-001
 -2.0149213e-001
 -1.6565445e-001
 -1.2366424e-001
 -8.2710752e-002
 -4.9672942e-002
 -2.9621425e-002
 -2.4923983e-002
 -3.5089791e-002
 -5.7256126e-002
 -8.7069398e-002
 -1.1967508e-001
 -1.5059151e-001
 -1.7634844e-001
 -1.9486465e-001
 -2.0558620e-001
 -2.0940895e-001
 -2.0839531e-001
 -2.0530015e-001
 -2.0296021e-001
 -2.0366156e-001
 -2.0864342e-001
 -2.1788701e-001
 -2.3026042e-001
 -2.4396688e-001
 -2.5712679e-001
 -2.6826962e-001
 -2.7655419e-001
 -2.8166278e-001
 -2.8347096e-001
 -2.8170715e-001
 -2.7582491e-001
 -2.6520615e-001
 -2.4963824e-001
 -2.2984450e-001
 -2.0777692e-001
 -1.8644512e-001
 -1.6923676e-001
 -1.5890873e-001
 -1.5659833e-001
 -1.6124169e-001
 -1.6966869e-001
 -1.7740957e-001
 -1.7998738e-001
 -1.7428212e-001
 -1.5951213e-001
 -1.3750241e-001
 -1.1215418e-001
 -8.8304126e-002
 -7.0364589e-002
 -6.1193427e-002
 -6.1536451e-002
 -7.0159920e-002
 -8.4535815e-002
 -1.0175789e-001
 -1.1932251e-001
 -1.3551686e-001
 -1.4936590e-001
 -1.6030344e-001
 -1.6785277e-001
 -1.7157283e-001
 -1.7135730e-001
 -1.6794673e-001
 -1.6334034e-001
 -1.6077031e-001
 -1.6405652e-001
 -1.7643850e-001
 -1.9926224e-001
 -2.3104708e-001
 -2.6738753e-001
 -3.0186426e-001
 -3.2775177e-001
 -3.3997603e-001
 -3.3663854e-001
 -3.1955035e-001
 -2.9356873e-001
 -2.6496456e-001
 -2.3939825e-001
 -2.2021012e-001
 -2.0759392e-001
 -1.9888210e-001
 -1.8976989e-001
 -1.7599728e-001
 -1.5489824e-001
 -1.2633390e-001
 -9.2781084e-002
 -5.8635450e-002
 -2.9004118e-002
 -8.3509600e-003
  6.7079366e-004
 -2.0414228e-003
 -1.3862264e-002
 -2.9871386e-002
 -4.3863115e-002
 -4.9799781e-002
 -4.3447156e-002
 -2.3803071e-002
  6.1301081e-003
  3.9602359e-002
  6.7534909e-002
  8.0874267e-002
  7.3291911e-002
  4.3420710e-002
 -4.1440136e-003
 -5.9533027e-002
 -1.0992214e-001
 -1.4288349e-001
 -1.4979928e-001
 -1.2830372e-001
 -8.2994891e-002
 -2.4186369e-002
  3.4927829e-002
  8.1842429e-002
  1.0799071e-001
  1.1075325e-001
  9.3712538e-002
  6.5182945e-002
  3.5547481e-002
  1.4242581e-002
  7.2717846e-003
  1.5907143e-002
  3.6840792e-002
  6.3608917e-002
  8.8757958e-002
  1.0605335e-001
  1.1207924e-001
  1.0681361e-001
  9.3105597e-002
  7.5322167e-002
  5.7667496e-002
  4.2743105e-002
  3.0798081e-002
  1.9864295e-002
  6.6708663e-003
 -1.2013348e-002
 -3.8073828e-002
 -7.1200482e-002
 -1.0873986e-001
 -1.4626458e-001
 -1.7866660e-001
 -2.0145468e-001
 -2.1191208e-001
 -2.0983354e-001
 -1.9767458e-001
 -1.8007700e-001
 -1.6286029e-001
 -1.5167929e-001
 -1.5063486e-001
 -1.6116881e-001
 -1.8155214e-001
 -2.0716589e-001
 -2.3158215e-001
 -2.4821898e-001
 -2.5213998e-001
 -2.4147744e-001
 -2.1802912e-001
 -1.8681019e-001
 -1.5466746e-001
 -1.2837180e-001
 -1.1278462e-001
 -1.0967446e-001
 -1.1754063e-001
 -1.3245893e-001
 -1.4962010e-001
 -1.6500837e-001
 -1.7664248e-001
 -1.8497903e-001
 -1.9238860e-001
 -2.0194278e-001
 -2.1597790e-001
 -2.3495403e-001
 -2.5699726e-001
 -2.7825973e-001
 -2.9395302e-001
 -2.9970362e-001
 -2.9280593e-001
 -2.7301364e-001
 -2.4267563e-001
 -2.0622097e-001
 -1.6916876e-001
 -1.3694071e-001
 -1.1377504e-001
 -1.0198642e-001
 -1.0171003e-001
 -1.1113610e-001
 -1.2711658e-001
 -1.4593987e-001
 -1.6404945e-001
 -1.7853497e-001
 -1.8733320e-001
 -1.8919932e-001
 -1.8359359e-001
 -1.7063512e-001
 -1.5119638e-001
 -1.2708507e-001
 -1.0114866e-001
 -7.7105102e-002
 -5.8983922e-002
 -5.0232108e-002
 -5.2728245e-002
 -6.6063766e-002
 -8.7422429e-002
 -1.1220672e-001
 -1.3528295e-001
 -1.5245570e-001
 -1.6165305e-001
 -1.6337509e-001
 -1.6021764e-001
 -1.5563651e-001
 -1.5242539e-001
 -1.5151296e-001
 -1.5158088e-001
 -1.4969316e-001
 -1.4272756e-001
 -1.2906425e-001
 -1.0985174e-001
 -8.9293399e-002
 -7.3740709e-002
 -6.9819947e-002
 -8.2193997e-002
 -1.1173248e-001
 -1.5476220e-001
 -2.0372622e-001
 -2.4910904e-001
 -2.8205081e-001
 -2.9682692e-001
 -2.9239955e-001
 -2.7254800e-001
 -2.4455292e-001
 -2.1688548e-001
 -1.9667083e-001
 -1.8774824e-001
 -1.8992268e-001
 -1.9957925e-001
 -2.1136438e-001
 -2.2028966e-001
 -2.2350349e-001
 -2.2113064e-001
 -2.1593851e-001
 -2.1201600e-001
 -2.1299689e-001
 -2.2050435e-001
 -2.3339338e-001
 -2.4806460e-001
 -2.5972674e-001
 -2.6413891e-001
 -2.5918919e-001
 -2.4572467e-001
 -2.2731878e-001
 -2.0904719e-001
 -1.9570444e-001
 -1.9010025e-001
 -1.9205070e-001
 -1.9843442e-001
 -2.0430510e-001
 -2.0467615e-001
 -1.9635452e-001
 -1.7918355e-001
 -1.5626093e-001
 -1.3305433e-001
 -1.1571534e-001
 -1.0916235e-001
 -1.1557360e-001
 -1.3378309e-001
 -1.5975928e-001
 -1.8797927e-001
 -2.1321536e-001
 -2.3212427e-001
 -2.4411249e-001
 -2.5120978e-001
 -2.5702786e-001
 -2.6519164e-001
 -2.7780362e-001
 -2.9448043e-001
 -3.1229605e-001
 -3.2665076e-001
 -3.3276699e-001
 -3.2730120e-001
 -3.0952494e-001
 -2.8167807e-001
 -2.4837963e-001
 -2.1529886e-001
 -1.8753167e-001
 -1.6821531e-001
 -1.5781819e-001
 -1.5430150e-001
 -1.5404871e-001
 -1.5320614e-001
 -1.4895826e-001
 -1.4031352e-001
 -1.2817733e-001
 -1.1475859e-001
 -1.0259588e-001
 -9.3607673e-002
 -8.8529868e-002
 -8.6922073e-002
 -8.7679492e-002
 -8.9777842e-002
 -9.2888866e-002
 -9.7568205e-002
 -1.0490837e-001
 -1.1578896e-001
 -1.3004632e-001
 -1.4594608e-001
 -1.6024572e-001
 -1.6891288e-001
 -1.6830261e-001
 -1.5639647e-001
 -1.3365143e-001
 -1.0312671e-001
 -6.9812568e-002
 -3.9379168e-002
 -1.6780066e-002
 -5.1906520e-003
 -5.6151105e-003
 -1.7212904e-002
 -3.8097262e-002
 -6.6174726e-002
 -9.9611552e-002
 -1.3672728e-001
 -1.7543412e-001
 -2.1261549e-001
 -2.4393119e-001
 -2.6438835e-001
 -2.6967266e-001
 -2.5783584e-001
 -2.3066305e-001
 -1.9404028e-001
 -1.5694187e-001
 -1.2916711e-001
 -1.1847804e-001
 -1.2810744e-001
 -1.5556536e-001
 -1.9326060e-001
 -2.3080842e-001
 -2.5826267e-001
 -2.6914400e-001
 -2.6219290e-001
 -2.4124955e-001
 -2.1337370e-001
 -1.8598541e-001
 -1.6416456e-001
 -1.4914792e-001
 -1.3854960e-001
 -1.2811552e-001
 -1.1419920e-001
 -9.5868590e-002
 -7.5729803e-002
 -5.9104582e-002
 -5.1892054e-002
 -5.7997547e-002
 -7.7399981e-002
 -1.0568359e-001
 -1.3528266e-001
 -1.5801089e-001
 -1.6793492e-001
 -1.6350279e-001
 -1.4810623e-001
 -1.2883846e-001
 -1.1388514e-001
 -1.0950087e-001
 -1.1768407e-001
 -1.3540965e-001
 -1.5570541e-001
 -1.7017853e-001
 -1.7206699e-001
 -1.5870434e-001
 -1.3251119e-001
 -1.0017641e-001
 -7.0353843e-002
 -5.0728623e-002
 -4.5507259e-002
 -5.4193473e-002
 -7.2013679e-002
 -9.1749938e-002
 -1.0625420e-001
 -1.1072723e-001
 -1.0400001e-001
 -8.8472821e-002
 -6.8874613e-002
 -5.0407976e-002
 -3.7005912e-002
 -3.0307292e-002
 -2.9628283e-002
 -3.2806623e-002
 -3.7478028e-002
 -4.2219259e-002
 -4.7092117e-002
 -5.3394446e-002
 -6.2756743e-002
 -7.5988431e-002
 -9.2178684e-002
 -1.0845914e-001
 -1.2058044e-001
 -1.2413989e-001
 -1.1604231e-001
 -9.5675881e-002
 -6.5375346e-002
 -2.9990378e-002
  4.3135065e-003
  3.1634096e-002
  4.7784201e-002
  5.1166351e-002
  4.2829785e-002
  2.5750716e-002
  3.6317848e-003
 -2.0340356e-002
 -4.4352145e-002
 -6.8162930e-002
 -9.2616399e-002
 -1.1867617e-001
 -1.4636514e-001
 -1.7402664e-001
 -1.9822501e-001
 -2.1439546e-001
 -2.1810156e-001
 -2.0653940e-001
 -1.7980904e-001
 -1.4149982e-001
 -9.8308193e-002
 -5.8685255e-002
 -3.0818392e-002
 -2.0492258e-002
 -2.9464518e-002
 -5.4886007e-002
 -9.0008827e-002
 -1.2603736e-001
 -1.5460733e-001
 -1.7015234e-001
 -1.7142148e-001
 -1.6165750e-001
 -1.4736263e-001
 -1.3603437e-001
 -1.3359629e-001
 -1.4236046e-001
 -1.6019627e-001
 -1.8119323e-001
 -1.9761662e-001
 -2.0252542e-001
 -1.9219385e-001
 -1.6753029e-001
 -1.3400774e-001
 -1.0010600e-001
 -7.4758266e-002
 -6.4629483e-002
 -7.2115310e-002
 -9.4714592e-002
 -1.2597194e-001
 -1.5766365e-001
 -1.8248821e-001
 -1.9636308e-001
 -1.9957497e-001
 -1.9642926e-001
 -1.9355379e-001
 -1.9745805e-001
 -2.1217842e-001
 -2.3778564e-001
 -2.7022015e-001
 -3.0247153e-001
 -3.2668692e-001
 -3.3651888e-001
 -3.2898470e-001
 -3.0529900e-001
 -2.7048228e-001
 -2.3192053e-001
 -1.9734102e-001
 -1.7279998e-001
 -1.6122949e-001
 -1.6189676e-001
 -1.7085898e-001
 -1.8223114e-001
 -1.8988972e-001
 -1.8915365e-001
 -1.7801979e-001
 -1.5766456e-001
 -1.3211331e-001
 -1.0717863e-001
 -8.8934289e-002
 -8.2091306e-002
 -8.8660863e-002
 -1.0722499e-001
 -1.3300475e-001
 -1.5874245e-001
 -1.7623263e-001
 -1.7818157e-001
 -1.5998139e-001
 -1.2097547e-001
 -6.4879090e-002
  8.0703232e-004
  6.6322202e-002
  1.2180253e-001
  1.5957379e-001
  1.7600491e-001
  1.7241130e-001
  1.5470848e-001
  1.3183325e-001
  1.1329332e-001
  1.0647959e-001
  1.1448903e-001
  1.3511062e-001
  1.6133198e-001
  1.8330077e-001
  1.9124222e-001
  1.7852081e-001
  1.4394531e-001
  9.2591514e-002
  3.4820007e-002
 -1.6314260e-002
 -4.8579113e-002
 -5.4026099e-002
 -3.1392577e-002
  1.3280448e-002
  6.8040744e-002
  1.1807627e-001
  1.4959000e-001
  1.5341648e-001
  1.2736630e-001
  7.6649085e-002
  1.2280729e-002
 -5.2036659e-002
 -1.0363650e-001
 -1.3412510e-001
 -1.4121516e-001
 -1.2868055e-001
 -1.0454553e-001
 -7.8168354e-002
 -5.7209993e-002
 -4.5482696e-002
 -4.2345340e-002
 -4.3760972e-002
 -4.4544377e-002
 -4.0910631e-002
 -3.2340349e-002
 -2.2041937e-002
 -1.5823003e-002
 -1.9788224e-002
 -3.7734900e-002
 -6.9248575e-002
 -1.0925732e-001
 -1.4927321e-001
 -1.7992965e-001
 -1.9394356e-001
 -1.8846822e-001
 -1.6601368e-001
 -1.3361435e-001
 -1.0053431e-001
 -7.5299146e-002
 -6.3058191e-002
 -6.4147228e-002
 -7.4296872e-002
 -8.6370457e-002
 -9.3010093e-002
 -8.9284812e-002
 -7.4455142e-002
 -5.2276897e-002
 -2.9756025e-002
 -1.4775832e-002
 -1.3385707e-002
 -2.7651703e-002
 -5.4789943e-002
 -8.7890358e-002
 -1.1802108e-001
 -1.3704749e-001
 -1.4025266e-001
 -1.2789235e-001
 -1.0514915e-001
 -8.0465872e-002
 -6.2772797e-002
 -5.8500902e-002
 -6.9364754e-002
 -9.1665850e-002
 -1.1737955e-001
 -1.3670249e-001
 -1.4124637e-001
 -1.2683493e-001
 -9.4975588e-002
 -5.2504062e-002
 -9.5011367e-003
  2.3845300e-002
  4.0405728e-002
  3.8263579e-002
  2.1157850e-002
 -2.9147602e-003
 -2.4453481e-002
 -3.5632808e-002
 -3.2849852e-002
 -1.7811454e-002
  3.1641064e-003
  2.1355031e-002
  2.8584248e-002
  1.9916555e-002
 -4.7707054e-003
 -4.0814432e-002
 -8.0314996e-002
 -1.1463504e-001
 -1.3699169e-001
 -1.4430411e-001
 -1.3775648e-001
 -1.2199799e-001
 -1.0335798e-001
 -8.7747744e-002
 -7.8961443e-002
 -7.7881686e-002
 -8.2735207e-002
 -9.0172263e-002
 -9.6692650e-002
 -9.9887172e-002
 -9.9101484e-002
 -9.5385291e-002
 -9.0856593e-002
 -8.7792046e-002
 -8.7800468e-002
 -9.1353587e-002
 -9.7787086e-002
 -1.0571365e-001
 -1.1366485e-001
 -1.2072969e-001
 -1.2698282e-001
 -1.3357362e-001
 -1.4244847e-001
 -1.5577723e-001
 -1.7523271e-001
 -2.0131704e-001
 -2.3293390e-001
 -2.6736343e-001
 -3.0070906e-001
 -3.2876099e-001
 -3.4808763e-001
 -3.5706289e-001
 -3.5650595e-001
 -3.4968132e-001
 -3.4157565e-001
 -3.3759342e-001
 -3.4202288e-001
 -3.5673692e-001
 -3.8055726e-001
 -4.0952165e-001
 -4.3800780e-001
 -4.6038133e-001
 -4.7265057e-001
 -4.7359763e-001
 -4.6502227e-001
 -4.5102724e-001
 -4.3659005e-001
 -4.2589989e-001
 -4.2100939e-001
 -4.2123932e-001
 -4.2351998e-001
 -4.2354300e-001
 -4.1733420e-001
 -4.0272596e-001
 -3.8024483e-001
 -3.5312210e-001
 -3.2641791e-001
 -3.0553314e-001
 -2.9457816e-001
 -2.9511245e-001
 -3.0564955e-001
 -3.2207710e-001
 -3.3885130e-001
 -3.5058557e-001
 -3.5354282e-001
 -3.4659327e-001
 -3.3139059e-001
 -3.1177603e-001
 -2.9265085e-001
 -2.7868760e-001
 -2.7324790e-001
 -2.7775895e-001
 -2.9162999e-001
 -3.1262975e-001
 -3.3754518e-001
 -3.6291699e-001
 -3.8568206e-001
 -4.0361755e-001
 -4.1554586e-001
 -4.2131062e-001
 -4.2156867e-001
 -4.1746858e-001
 -4.1030245e-001
 -4.0122046e-001
 -3.9107674e-001
 -3.8043022e-001
 -3.6966475e-001
 -3.5914376e-001
 -3.4929971e-001
 -3.4059167e-001
 -3.3333460e-001
 -3.2748190e-001
 -3.2248875e-001
 -3.1736950e-001
 -3.1098629e-001
 -3.0249568e-001
 -2.9178492e-001
 -2.7969593e-001
 -2.6788912e-001
 -2.5832881e-001
 -2.5253137e-001
 -2.5084324e-001
 -2.5204984e-001
 -2.5353431e-001
 -2.5202352e-001
 -2.4473803e-001
 -2.3058290e-001
 -2.1095010e-001
 -1.8978786e-001
 -1.7281145e-001
 -1.6601680e-001
 -1.7391508e-001
 -1.9803781e-001
 -2.3621317e-001
 -2.8288815e-001
 -3.3043956e-001
 -3.7108949e-001
 -3.9883536e-001
 -4.1079591e-001
 -4.0757215e-001
 -3.9255863e-001
 -3.7049809e-001
 -3.4582339e-001
 -3.2138365e-001
 -2.9798760e-001
 -2.7487508e-001
 -2.5086511e-001
 -2.2566129e-001
 -2.0072572e-001
 -1.7929399e-001
 -1.6544403e-001
 -1.6252837e-001
 -1.7157911e-001
 -1.9037254e-001
 -2.1364490e-001
 -2.3453632e-001
 -2.4685134e-001
 -2.4735026e-001
 -2.3718674e-001
 -2.2184906e-001
 -2.0947960e-001
 -2.0805767e-001
 -2.2240211e-001
 -2.5208554e-001
 -2.9107862e-001
 -3.2934335e-001
 -3.5588642e-001
 -3.6223656e-001
 -3.4513892e-001
 -3.0753711e-001
 -2.5753678e-001
 -2.0577427e-001
 -1.6216761e-001
 -1.3319587e-001
 -1.2058319e-001
 -1.2167817e-001
 -1.3116480e-001
 -1.4328218e-001
 -1.5364099e-001
 -1.6001680e-001
 -1.6202429e-001
 -1.6008955e-001
 -1.5441393e-001
 -1.4454912e-001
 -1.2982942e-001
 -1.1041767e-001
 -8.8352412e-002
 -6.7914719e-002
 -5.4906597e-002
 -5.4933007e-002
 -7.1284521e-002
 -1.0329352e-001
 -1.4594349e-001
 -1.9106428e-001
 -2.2981661e-001
 -2.5561389e-001
 -2.6638510e-001
 -2.6526794e-001
 -2.5938157e-001
 -2.5705559e-001
 -2.6450380e-001
 -2.8318396e-001
 -3.0886923e-001
 -3.3284456e-001
 -3.4485853e-001
 -3.3680073e-001
 -3.0578857e-001
 -2.5554353e-001
 -1.9554618e-001
 -1.3825504e-001
 -9.5363053e-002
 -7.4394320e-002
 -7.6796538e-002
 -9.8123740e-002
 -1.3014279e-001
 -1.6401957e-001
 -1.9339179e-001
 -2.1623142e-001
 -2.3489002e-001
 -2.5441156e-001
 -2.7983091e-001
 -3.1352624e-001
 -3.5364478e-001
 -3.9420668e-001
 -4.2687072e-001
 -4.4374321e-001
 -4.4023762e-001
 -4.1696974e-001
 -3.8000204e-001
 -3.3931131e-001
 -3.0595315e-001
 -2.8883212e-001
 -2.9211537e-001
 -3.1411136e-001
 -3.4795035e-001
 -3.8381543e-001
 -4.1197716e-001
 -4.2564500e-001
 -4.2273848e-001
 -4.0606440e-001
 -3.8192911e-001
 -3.5773182e-001
 -3.3940312e-001
 -3.2956901e-001
 -3.2703637e-001
 -3.2771307e-001
 -3.2656583e-001
 -3.1985788e-001
 -3.0682174e-001
 -2.9013918e-001
 -2.7504266e-001
 -2.6736391e-001
 -2.7125117e-001
 -2.8741260e-001
 -3.1256501e-001
 -3.4033389e-001
 -3.6331645e-001
 -3.7557998e-001
 -3.7468951e-001
 -3.6251367e-001
 -3.4449644e-001
 -3.2764496e-001
 -3.1796063e-001
 -3.1825062e-001
 -3.2711698e-001
 -3.3948279e-001
 -3.4844362e-001
 -3.4774661e-001
 -3.3398190e-001
 -3.0770054e-001
 -2.7309423e-001
 -2.3641748e-001
 -2.0379271e-001
 -1.7924223e-001
 -1.6366985e-001
 -1.5512682e-001
 -1.5019757e-001
 -1.4592024e-001
 -1.4146833e-001
 -1.3892368e-001
 -1.4281993e-001
 -1.5859362e-001
 -1.9048167e-001
 -2.3960758e-001
 -3.0294118e-001
 -3.7352705e-001
 -4.4196098e-001
 -4.9869397e-001
 -5.3648777e-001
 -5.5230488e-001
 -5.4809051e-001
 -5.3022698e-001
 -5.0781147e-001
 -4.9022137e-001
 -4.8461043e-001
 -4.9398800e-001
 -5.1638106e-001
 -5.4530547e-001
 -5.7144570e-001
 -5.8513310e-001
 -5.7899626e-001
 -5.5008809e-001
 -5.0090224e-001
 -4.3896297e-001
 -3.7504813e-001
 -3.2048835e-001
 -2.8426467e-001
 -2.7070899e-001
 -2.7845733e-001
 -3.0094817e-001
 -3.2830316e-001
 -3.5001782e-001
 -3.5766333e-001
 -3.4683204e-001
 -3.1783665e-001
 -2.7509345e-001
 -2.2553269e-001
 -1.7663842e-001
 -1.3474587e-001
 -1.0402731e-001
 -8.6276195e-002
 -8.1292379e-002
 -8.7501422e-002
 -1.0246246e-001
 -1.2309900e-001
 -1.4572387e-001
 -1.6610038e-001
 -1.7979960e-001
 -1.8296567e-001
 -1.7335550e-001
 -1.5129583e-001
 -1.2011515e-001
 -8.5723422e-002
 -5.5301758e-002
 -3.5420581e-002
 -3.0180344e-002
 -4.0035660e-002
 -6.1771720e-002
 -8.9705060e-002
 -1.1772302e-001
 -1.4143720e-001
 -1.5964916e-001
 -1.7455614e-001
 -1.9058557e-001
 -2.1226754e-001
 -2.4193461e-001
 -2.7812887e-001
 -3.1535806e-001
 -3.4536286e-001
 -3.5951543e-001
 -3.5156258e-001
 -3.1980070e-001
 -2.6796043e-001
 -2.0450954e-001
 -1.4059551e-001
 -8.7268702e-002
 -5.2820249e-002
 -4.0989415e-002
 -5.0487588e-002
 -7.5865699e-002
 -1.0935780e-001
 -1.4308479e-001
 -1.7096154e-001
 -1.8981149e-001
 -1.9948704e-001
 -2.0211883e-001
 -2.0086723e-001
 -1.9865322e-001
 -1.9728200e-001
 -1.9717927e-001
 -1.9771452e-001
 -1.9787880e-001
 -1.9698722e-001
 -1.9511306e-001
 -1.9310535e-001
 -1.9222930e-001
 -1.9362145e-001
 -1.9781222e-001
 -2.0451915e-001
 -2.1278342e-001
 -2.2137046e-001
 -2.2924680e-001
 -2.3592632e-001
 -2.4155142e-001
 -2.4670428e-001
 -2.5206889e-001
 -2.5812797e-001
 -2.6505249e-001
 -2.7283711e-001
 -2.8160310e-001
 -2.9189277e-001
 -3.0476573e-001
 -3.2158656e-001
 -3.4353431e-001
 -3.7100496e-001
 -4.0315519e-001
 -4.3781113e-001
 -4.7184372e-001
 -5.0193835e-001
 -5.2552820e-001
 -5.4158085e-001
 -5.5095926e-001
 -5.5621101e-001
 -5.6082597e-001
 -5.6817709e-001
 -5.8046177e-001
 -5.9796188e-001
 -6.1884224e-001
 -6.3954796e-001
 -6.5569067e-001
 -6.6318279e-001
 -6.5931937e-001
 -6.4352867e-001
 -6.1760328e-001
 -5.8535758e-001
 -5.5180062e-001
 -5.2203440e-001
 -5.0015639e-001
 -4.8844539e-001
 -4.8703589e-001
 -4.9415236e-001
 -5.0681451e-001
 -5.2178297e-001
 -5.3644038e-001
 -5.4932695e-001
 -5.6017228e-001
 -5.6944943e-001
 -5.7765815e-001
 -5.8465133e-001
 -5.8930565e-001
 -5.8970438e-001
 -5.8379511e-001
 -5.7028813e-001
 -5.4945062e-001
 -5.2347181e-001
 -4.9621737e-001
 -4.7240184e-001
 -4.5640696e-001
 -4.5109276e-001
 -4.5695020e-001
 -4.7183994e-001
 -4.9139131e-001
 -5.0995832e-001
 -5.2189220e-001
 -5.2282306e-001
 -5.1065150e-001
 -4.8602508e-001
 -4.5219423e-001
 -4.1428472e-001
 -3.7816217e-001
 -3.4916683e-001
 -3.3103538e-001
 -3.2527839e-001
 -3.3115322e-001
 -3.4619348e-001
 -3.6708746e-001
 -3.9059997e-001
 -4.1424702e-001
 -4.3655518e-001
 -4.5691844e-001
 -4.7522569e-001
 -4.9150149e-001
 -5.0575237e-001
 -5.1806721e-001
 -5.2885901e-001
 -5.3903775e-001
 -5.4992565e-001
 -5.6285943e-001
 -5.7860546e-001
 -5.9684995e-001
 -6.1604135e-001
 -6.3373494e-001
 -6.4737002e-001
 -6.5519599e-001
 -6.5696018e-001
 -6.5403446e-001
 -6.4887546e-001
 -6.4399466e-001
 -6.4084007e-001
 -6.3905671e-001
 -6.3646422e-001
 -6.2981293e-001
 -6.1606590e-001
 -5.9373277e-001
 -5.6374225e-001
 -5.2950164e-001
 -4.9608946e-001
 -4.6884437e-001
 -4.5182827e-001
 -4.4667512e-001
 -4.5218571e-001
 -4.6475776e-001
 -4.7945832e-001
 -4.9135568e-001
 -4.9668998e-001
 -4.9357253e-001
 -4.8210351e-001
 -4.6399979e-001
 -4.4195525e-001
 -4.1897749e-001
 -3.9787323e-001
 -3.8093758e-001
 -3.6980207e-001
 -3.6535410e-001
 -3.6766515e-001
 -3.7592987e-001
 -3.8847868e-001
 -4.0294427e-001
 -4.1662209e-001
 -4.2698501e-001
 -4.3223064e-001
 -4.3169824e-001
 -4.2601522e-001
 -4.1691566e-001
 -4.0678438e-001
 -3.9807594e-001
 -3.9280027e-001
 -3.9223689e-001
 -3.9694709e-001
 -4.0703197e-001
 -4.2247968e-001
 -4.4340121e-001
 -4.6999518e-001
 -5.0219973e-001
 -5.3914471e-001
 -5.7864676e-001
 -6.1703316e-001
 -6.4950365e-001
 -6.7105594e-001
 -6.7777162e-001
 -6.6807308e-001
 -6.4350208e-001
 -6.0867577e-001
 -5.7032542e-001
 -5.3563360e-001
 -5.1034836e-001
 -4.9726546e-001
 -4.9558223e-001
 -5.0135778e-001
 -5.0894951e-001
 -5.1295973e-001
 -5.1003957e-001
 -4.9993265e-001
 -4.8539617e-001
 -4.7102836e-001
 -4.6142262e-001
 -4.5931711e-001
 -4.6442048e-001
 -4.7335840e-001
 -4.8078484e-001
 -4.8128070e-001
 -4.7137354e-001
 -4.5096072e-001
 -4.2362171e-001
 -3.9568792e-001
 -3.7436403e-001
 -3.6551447e-001
 -3.7183712e-001
 -3.9201308e-001
 -4.2109773e-001
 -4.5201625e-001
 -4.7767780e-001
 -4.9303693e-001
 -4.9646263e-001
 -4.9000880e-001
 -4.7853629e-001
 -4.6799946e-001
 -4.6346395e-001
 -4.6748823e-001
 -4.7936345e-001
 -4.9541409e-001
 -5.1021491e-001
 -5.1829301e-001
 -5.1574870e-001
 -5.0128484e-001
 -4.7635614e-001
 -4.4445800e-001
 -4.0986131e-001
 -3.7626960e-001
 -3.4587303e-001
 -3.1910691e-001
 -2.9515400e-001
 -2.7295603e-001
 -2.5231673e-001
 -2.3464581e-001
 -2.2301892e-001
 -2.2146632e-001
 -2.3367352e-001
 -2.6149234e-001
 -3.0375511e-001
 -3.5582646e-001
 -4.1013241e-001
 -4.5762554e-001
 -4.8985777e-001
 -5.0112054e-001
 -4.9004381e-001
 -4.6015285e-001
 -4.1914597e-001
 -3.7701301e-001
 -3.4346050e-001
 -3.2533889e-001
 -3.2480101e-001
 -3.3873570e-001
 -3.5966344e-001
 -3.7785684e-001
 -3.8408790e-001
 -3.7222065e-001
 -3.4092036e-001
 -2.9402091e-001
 -2.3949362e-001
 -1.8736511e-001
 -1.4721475e-001
 -1.2596183e-001
 -1.2651648e-001
 -1.4757219e-001
 -1.8446379e-001
 -2.3071795e-001
 -2.7976856e-001
 -3.2633386e-001
 -3.6712948e-001
 -4.0085066e-001
 -4.2760370e-001
 -4.4811995e-001
 -4.6310001e-001
 -4.7292063e-001
 -4.7774440e-001
 -4.7788571e-001
 -4.7417822e-001
 -4.6810229e-001
 -4.6155433e-001
 -4.5631950e-001
 -4.5346469e-001
 -4.5293103e-001
 -4.5354262e-001
 -4.5348276e-001
 -4.5108642e-001
 -4.4564518e-001
 -4.3788549e-001
 -4.2988770e-001
 -4.2442553e-001
 -4.2394397e-001
 -4.2955957e-001
 -4.4048955e-001
 -4.5417524e-001
 -4.6710727e-001
 -4.7608135e-001
 -4.7942300e-001
 -4.7769938e-001
 -4.7360303e-001
 -4.7099267e-001
 -4.7339917e-001
 -4.8252898e-001
 -4.9733072e-001
 -5.1401461e-001
 -5.2708609e-001
 -5.3109127e-001
 -5.2250567e-001
 -5.0112548e-001
 -4.7047295e-001
 -4.3704933e-001
 -4.0864992e-001
 -3.9226083e-001
 -3.9218363e-001
 -4.0894295e-001
 -4.3926352e-001
 -4.7705723e-001
 -5.1506094e-001
 -5.4660828e-001
 -5.6704293e-001
 -5.7445543e-001
 -5.6967077e-001
 -5.5563500e-001
 -5.3647669e-001
 -5.1653172e-001
 -4.9954348e-001
 -4.8813805e-001
 -4.8357867e-001
 -4.8575416e-001
 -4.9335134e-001
 -5.0417734e-001
 -5.1560652e-001
 -5.2510971e-001
 -5.3078531e-001
 -5.3177195e-001
 -5.2841109e-001
 -5.2206648e-001
 -5.1459851e-001
 -5.0761365e-001
 -5.0171920e-001
 -4.9606247e-001
 -4.8838564e-001
 -4.7567897e-001
 -4.5530351e-001
 -4.2624956e-001
 -3.9008249e-001
 -3.5116226e-001
 -3.1591994e-001
 -2.9128290e-001
 -2.8265893e-001
 -2.9210084e-001
 -3.1728679e-001
 -3.5174167e-001
 -3.8634719e-001
 -4.1176394e-001
 -4.2106371e-001
 -4.1176447e-001
 -3.8662002e-001
 -3.5289644e-001
 -3.2034383e-001
 -2.9848364e-001
 -2.9403814e-001
 -3.0926125e-001
 -3.4161584e-001
 -3.8479617e-001
 -4.3067470e-001
 -4.7150247e-001
 -5.0168696e-001
 -5.1869410e-001
 -5.2296890e-001
 -5.1710553e-001
 -5.0469877e-001
 -4.8931861e-001
 -4.7389098e-001
 -4.6052947e-001
 -4.5065641e-001
 -4.4516225e-001
 -4.4440501e-001
 -4.4800692e-001
 -4.5457773e-001
 -4.6159550e-001
 -4.6565394e-001
 -4.6314488e-001
 -4.5124751e-001
 -4.2892743e-001
 -3.9758680e-001
 -3.6108316e-001
 -3.2502676e-001
 -2.9550503e-001
 -2.7758203e-001
 -2.7400904e-001
 -2.8452959e-001
 -3.0598582e-001
 -3.3319239e-001
 -3.6031619e-001
 -3.8235620e-001
 -3.9630098e-001
 -4.0165373e-001
 -4.0021884e-001
 -3.9527357e-001
 -3.9042908e-001
 -3.8856027e-001
 -3.9113038e-001
 -3.9807539e-001
 -4.0820494e-001
 -4.1989475e-001
 -4.3175928e-001
 -4.4303233e-001
 -4.5353105e-001
 -4.6327411e-001
 -4.7198653e-001
 -4.7878007e-001
 -4.8222249e-001
 -4.8082792e-001
 -4.7379011e-001
 -4.6163267e-001
 -4.4643774e-001
 -4.3145372e-001
 -4.2012817e-001
 -4.1486774e-001
 -4.1598671e-001
 -4.2129401e-001
 -4.2657384e-001
 -4.2689821e-001
 -4.1838381e-001
 -3.9979570e-001
 -3.7339659e-001
 -3.4466036e-001
 -3.2084698e-001
 -3.0884502e-001
 -3.1297837e-001
 -3.3353247e-001
 -3.6654684e-001
 -4.0500533e-001
 -4.4107198e-001
 -4.6863840e-001
 -4.8530986e-001
 -4.9312053e-001
 -4.9768793e-001
 -5.0605123e-001
 -5.2390296e-001
 -5.5315120e-001
 -5.9065704e-001
 -6.2860854e-001
 -6.5645101e-001
 -6.6378532e-001
 -6.4334370e-001
 -5.9315366e-001
 -5.1728978e-001
 -4.2507356e-001
 -3.2904513e-001
 -2.4234161e-001
 -1.7618984e-001
 -1.3806583e-001
 -1.3078201e-001
 -1.5246458e-001
 -1.9718914e-001
 -2.5600052e-001
 -3.1812758e-001
 -3.7233039e-001
 -4.0839145e-001
 -4.1872261e-001
 -3.9991267e-001
 -3.5386226e-001
 -2.8805466e-001
 -2.1459113e-001
 -1.4790685e-001
 -1.0151315e-001
 -8.4536299e-002
 -9.9061722e-002
 -1.3920900e-001
 -1.9242707e-001
 -2.4282157e-001
 -2.7562782e-001
 -2.8148391e-001
 -2.5913246e-001
 -2.1563626e-001
 -1.6399867e-001
 -1.1896004e-001
 -9.2377246e-002
 -8.9742379e-002
 -1.0899127e-001
 -1.4193166e-001
 -1.7768365e-001
 -2.0681693e-001
 -2.2465148e-001
 -2.3253781e-001
 -2.3671303e-001
 -2.4524297e-001
 -2.6426664e-001
 -2.9499886e-001
 -3.3264216e-001
 -3.6763456e-001
 -3.8879610e-001
 -3.8725229e-001
 -3.5975221e-001
 -3.1023852e-001
 -2.4915690e-001
 -1.9076892e-001
 -1.4937136e-001
 -1.3561608e-001
 -1.5399605e-001
 -2.0210250e-001
 -2.7165961e-001
 -3.5082616e-001
 -4.2697937e-001
 -4.8921418e-001
 -5.3003849e-001
 -5.4608693e-001
 -5.3797295e-001
 -5.0956179e-001
 -4.6696062e-001
 -4.1743953e-001
 -3.6839362e-001
 -3.2639386e-001
 -2.9637076e-001
 -2.8100710e-001
 -2.8044072e-001
 -2.9236167e-001
 -3.1252267e-001
 -3.3558902e-001
 -3.5616952e-001
 -3.6982357e-001
 -3.7384542e-001
 -3.6767797e-001
 -3.5288661e-001
 -3.3270928e-001
 -3.1127504e-001
 -2.9264220e-001
 -2.7984271e-001
 -2.7412854e-001
 -2.7459191e-001
 -2.7827260e-001
 -2.8077197e-001
 -2.7727839e-001
 -2.6379477e-001
 -2.3827925e-001
 -2.0139490e-001
 -1.5663415e-001
 -1.0973131e-001
 -6.7471065e-002
 -3.6184571e-002
 -2.0337049e-002
 -2.1604309e-002
 -3.8699405e-002
 -6.7978654e-002
 -1.0460183e-001
 -1.4383493e-001
 -1.8204060e-001
 -2.1702904e-001
 -2.4770398e-001
 -2.7323906e-001
 -2.9223659e-001
 -3.0235399e-001
 -3.0069824e-001
 -2.8494601e-001
 -2.5477896e-001
 -2.1299460e-001
 -1.6568001e-001
 -1.2114110e-001
 -8.7763030e-002
 -7.1451663e-002
 -7.3569897e-002
 -9.0204029e-002
 -1.1317415e-001
 -1.3257914e-001
 -1.4007378e-001
 -1.3174840e-001
 -1.0956293e-001
 -8.0767578e-002
 -5.5453690e-002
 -4.3058747e-002
 -4.9039975e-002
 -7.2879791e-002
 -1.0810893e-001
 -1.4430915e-001
 -1.7036089e-001
 -1.7779205e-001
 -1.6310671e-001
 -1.2840017e-001
 -8.0216356e-002
 -2.7217012e-002
  2.2421887e-002
  6.2998676e-002
  9.2125170e-002
  1.1038582e-001
  1.2022219e-001
  1.2464959e-001
  1.2633100e-001
  1.2724546e-001
  1.2885336e-001
  1.3243825e-001
  1.3928524e-001
  1.5052267e-001
  1.6670346e-001
  1.8739670e-001
  2.1109737e-001
  2.3562192e-001
  2.5890895e-001
  2.7991040e-001
  2.9915680e-001
  3.1866769e-001
  3.4112810e-001
  3.6856328e-001
  4.0098572e-001
  4.3555941e-001
  4.6668720e-001
  4.8712466e-001
