 -8.4433027e-002
 -1.0883076e-001
 -1.3036831e-001
 -1.4845787e-001
 -1.6314202e-001
 -1.7497564e-001
 -1.8466573e-001
 -1.9260749e-001
 -1.9851496e-001
 -2.0132827e-001
 -1.9948752e-001
 -1.9152551e-001
 -1.7679681e-001
 -1.5608398e-001
 -1.3183431e-001
 -1.0788737e-001
 -8.8719091e-002
 -7.8396798e-002
 -7.9549583e-002
 -9.2668879e-002
 -1.1595845e-001
 -1.4578331e-001
 -1.7758126e-001
 -2.0696237e-001
 -2.3067513e-001
 -2.4717553e-001
 -2.5667185e-001
 -2.6068444e-001
 -2.6130102e-001
 -2.6038201e-001
 -2.5896152e-001
 -2.5700846e-001
 -2.5359099e-001
 -2.4736417e-001
 -2.3720970e-001
 -2.2281912e-001
 -2.0503412e-001
 -1.8583060e-001
 -1.6793814e-001
 -1.5419577e-001
 -1.4682891e-001
 -1.4686537e-001
 -1.5387603e-001
 -1.6613222e-001
 -1.8114111e-001
 -1.9639385e-001
 -2.1008269e-001
 -2.2154505e-001
 -2.3128065e-001
 -2.4053603e-001
 -2.5060742e-001
 -2.6212057e-001
 -2.7456139e-001
 -2.8624451e-001
 -2.9474868e-001
 -2.9767517e-001
 -2.9346426e-001
 -2.8198029e-001
 -2.6465831e-001
 -2.4416225e-001
 -2.2367792e-001
 -2.0608805e-001
 -1.9330696e-001
 -1.8598143e-001
 -1.8362037e-001
 -1.8505745e-001
 -1.8903569e-001
 -1.9467350e-001
 -2.0163564e-001
 -2.0996120e-001
 -2.1964497e-001
 -2.3017210e-001
 -2.4023136e-001
 -2.4777013e-001
 -2.5042747e-001
 -2.4623493e-001
 -2.3436037e-001
 -2.1562851e-001
 -1.9259989e-001
 -1.6911585e-001
 -1.4938345e-001
 -1.3683047e-001
 -1.3305626e-001
 -1.3720453e-001
 -1.4598224e-001
 -1.5436827e-001
 -1.5684855e-001
 -1.4884378e-001
 -1.2792224e-001
 -9.4440902e-002
 -5.1426134e-002
 -3.7369930e-003
  4.3224398e-002
  8.4856499e-002
  1.1835492e-001
  1.4309055e-001
  1.6031176e-001
  1.7233402e-001
  1.8153163e-001
  1.8947932e-001
  1.9650393e-001
  2.0173868e-001
  2.0359089e-001
  2.0040490e-001
  1.9106430e-001
  1.7533511e-001
  1.5387087e-001
  1.2793145e-001
  9.8960124e-002
  6.8191940e-002
  3.6428882e-002
  4.0399761e-003
 -2.8840044e-002
 -6.2001115e-002
 -9.4849007e-002
 -1.2619860e-001
 -1.5423897e-001
 -1.7670158e-001
 -1.9122533e-001
 -1.9587546e-001
 -1.8973369e-001
 -1.7343563e-001
 -1.4949865e-001
 -1.2227966e-001
 -9.7447771e-002
 -8.0962193e-002
 -7.7696446e-002
 -9.0009438e-002
 -1.1667271e-001
 -1.5256554e-001
 -1.8941143e-001
 -2.1756208e-001
 -2.2850059e-001
 -2.1743680e-001
 -1.8521815e-001
 -1.3886042e-001
 -9.0328898e-002
 -5.3700307e-002
 -4.1362924e-002
 -6.0289897e-002
 -1.0950277e-001
 -1.7957014e-001
 -2.5442225e-001
 -3.1507509e-001
 -3.4427052e-001
 -3.3074974e-001
 -2.7198675e-001
 -1.7468001e-001
 -5.2973773e-002
  7.4970752e-002
  1.9101915e-001
  2.8062273e-001
  3.3506861e-001
  3.5208460e-001
  3.3497712e-001
  2.9084690e-001
  2.2855063e-001
  1.5696201e-001
  8.3824163e-002
  1.5207175e-002
 -4.4602247e-002
 -9.2998871e-002
 -1.2889613e-001
 -1.5254038e-001
 -1.6526006e-001
 -1.6910390e-001
 -1.6638822e-001
 -1.5925658e-001
 -1.4939581e-001
 -1.3801206e-001
 -1.2605929e-001
 -1.1458292e-001
 -1.0496284e-001
 -9.8863060e-002
 -9.7822187e-002
 -1.0260080e-001
 -1.1255519e-001
 -1.2535651e-001
 -1.3728399e-001
 -1.4411532e-001
 -1.4239443e-001
 -1.3067392e-001
 -1.1028613e-001
 -8.5318109e-002
 -6.1715589e-002
 -4.5731771e-002
 -4.2166458e-002
 -5.2928700e-002
 -7.6370617e-002
 -1.0760932e-001
 -1.3975277e-001
 -1.6567060e-001
 -1.7978817e-001
 -1.7938229e-001
 -1.6501956e-001
 -1.4005136e-001
 -1.0937868e-001
 -7.7927464e-002
 -4.9355151e-002
 -2.5411356e-002
 -6.1269495e-003
  9.3099658e-003
  2.1404289e-002
  2.9465416e-002
  3.1429934e-002
  2.4569455e-002
  6.8828571e-003
 -2.1360196e-002
 -5.6608000e-002
 -9.2116677e-002
 -1.1934417e-001
 -1.3035102e-001
 -1.2046051e-001
 -9.0217933e-002
 -4.5825554e-002
  2.2960488e-003
  4.2508068e-002
  6.5590135e-002
  6.7766908e-002
  5.1995876e-002
  2.6937766e-002
  3.8387903e-003
 -7.6652201e-003
 -3.3521939e-003
  1.3595128e-002
  3.3257248e-002
  4.2237811e-002
  2.8508466e-002
 -1.3794861e-002
 -8.1332421e-002
 -1.6145935e-001
 -2.3528102e-001
 -2.8300902e-001
 -2.8994992e-001
 -2.5119820e-001
 -1.7349599e-001
 -7.3635637e-002
  2.6093128e-002
  1.0396087e-001
  1.4445877e-001
  1.4185201e-001
  1.0066971e-001
  3.3213129e-002
 -4.4880579e-002
 -1.1943245e-001
 -1.8131114e-001
 -2.2780811e-001
 -2.6164208e-001
 -2.8826765e-001
 -3.1268035e-001
 -3.3695655e-001
 -3.5936532e-001
 -3.7522655e-001
 -3.7902864e-001
 -3.6689936e-001
 -3.3847294e-001
 -2.9749545e-001
 -2.5101364e-001
 -2.0749828e-001
 -1.7458133e-001
 -1.5714569e-001
 -1.5631174e-001
 -1.6951973e-001
 -1.9155062e-001
 -2.1607849e-001
 -2.3726667e-001
 -2.5099710e-001
 -2.5549950e-001
 -2.5134520e-001
 -2.4092655e-001
 -2.2762743e-001
 -2.1490618e-001
 -2.0548333e-001
 -2.0077741e-001
 -2.0067750e-001
 -2.0368189e-001
 -2.0736533e-001
 -2.0906514e-001
 -2.0661419e-001
 -1.9892016e-001
 -1.8621879e-001
 -1.6991742e-001
 -1.5207486e-001
 -1.3469169e-001
 -1.1905994e-001
 -1.0540839e-001
 -9.2973791e-002
 -8.0464711e-002
 -6.6724941e-002
 -5.1313979e-002
 -3.4744967e-002
 -1.8254567e-002
 -3.1765364e-003
  9.8268152e-003
  2.1331330e-002
  3.3220369e-002
  4.8140111e-002
  6.8470976e-002
  9.5165546e-002
  1.2690504e-001
  1.5995836e-001
  1.8890268e-001
  2.0805777e-001
  2.1321057e-001
  2.0306802e-001
  1.7993410e-001
  1.4934748e-001
  1.1875649e-001
  9.5626917e-002
  8.5561079e-002
  9.0990840e-002
  1.1080251e-001
  1.4093692e-001
  1.7569820e-001
  2.0930801e-001
  2.3721863e-001
  2.5684213e-001
  2.6759673e-001
  2.7041610e-001
  2.6702290e-001
  2.5928457e-001
  2.4885826e-001
  2.3715293e-001
  2.2547426e-001
  2.1514292e-001
  2.0741718e-001
  2.0318291e-001
  2.0253047e-001
  2.0444256e-001
  2.0681435e-001
  2.0691124e-001
  2.0218449e-001
  1.9119014e-001
  1.7426979e-001
  1.5369865e-001
  1.3317752e-001
  1.1677968e-001
  1.0767279e-001
  1.0703671e-001
  1.1355012e-001
  1.2363715e-001
  1.3241470e-001
  1.3505273e-001
  1.2813050e-001
  1.1058305e-001
  8.3971298e-002
  5.2023414e-002
  1.9610726e-002
 -8.5269350e-003
 -2.8942928e-002
 -4.0226574e-002
 -4.3158194e-002
 -4.0279598e-002
 -3.5041538e-002
 -3.0793649e-002
 -2.9907549e-002
 -3.3265921e-002
 -4.0227283e-002
 -4.9024549e-002
 -5.7422858e-002
 -6.3392968e-002
 -6.5576333e-002
 -6.3420933e-002
 -5.7014176e-002
 -4.6770360e-002
 -3.3187464e-002
 -1.6841094e-002
  1.3530227e-003
  1.9745098e-002
  3.5684489e-002
  4.5646935e-002
  4.5895798e-002
  3.3593065e-002
  8.0414136e-003
 -2.8402957e-002
 -7.0179996e-002
 -1.0936302e-001
 -1.3738041e-001
 -1.4718716e-001
 -1.3524419e-001
 -1.0266837e-001
 -5.5144901e-002
 -1.5745212e-003
  4.8170669e-002
  8.5726758e-002
  1.0623089e-001
  1.0927415e-001
  9.8600338e-002
  8.0725343e-002
  6.2960104e-002
  5.1453810e-002
  4.9805197e-002
  5.8560649e-002
  7.5617905e-002
  9.7286004e-002
  1.1959504e-001
  1.3943725e-001
  1.5523712e-001
  1.6703809e-001
  1.7608727e-001
  1.8413683e-001
  1.9272742e-001
  2.0267615e-001
  2.1388604e-001
  2.2547180e-001
  2.3609804e-001
  2.4438094e-001
  2.4921598e-001
  2.4995038e-001
  2.4639088e-001
  2.3869767e-001
  2.2724535e-001
  2.1252421e-001
  1.9512120e-001
  1.7577437e-001
  1.5545761e-001
  1.3543656e-001
  1.1724593e-001
  1.0256700e-001
  9.3020700e-002
  8.9922342e-002
  9.4059010e-002
  1.0554587e-001
  1.2379569e-001
  1.4760514e-001
  1.7533108e-001
  2.0511044e-001
  2.3507162e-001
  2.6349596e-001
  2.8890837e-001
  3.1010126e-001
  3.2611570e-001
  3.3621347e-001
  3.3987047e-001
  3.3680705e-001
  3.2705115e-001
  3.1101140e-001
  2.8952764e-001
  2.6386811e-001
  2.3565626e-001
  2.0673075e-001
  1.7896255e-001
  1.5406638e-001
  1.3344500e-001
  1.1809467e-001
  1.0858069e-001
  1.0507192e-001
  1.0740884e-001
  1.1517508e-001
  1.2775039e-001
  1.4433736e-001
  1.6397077e-001
  1.8552937e-001
  2.0777071e-001
  2.2940098e-001
  2.4917657e-001
  2.6601874e-001
  2.7911434e-001
  2.8797673e-001
  2.9245205e-001
  2.9267338e-001
  2.8898116e-001
  2.8183811e-001
  2.7176585e-001
  2.5932017e-001
  2.4510482e-001
  2.2980754e-001
  2.1423116e-001
  1.9929186e-001
  1.8596635e-001
  1.7518647e-001
  1.6769965e-001
  1.6392862e-001
  1.6387028e-001
  1.6706749e-001
  1.7266990e-001
  1.7957577e-001
  1.8662208e-001
  1.9277423e-001
  1.9726486e-001
  1.9964529e-001
  1.9974038e-001
  1.9752893e-001
  1.9299772e-001
  1.8602758e-001
  1.7636058e-001
  1.6367006e-001
  1.4771757e-001
  1.2854652e-001
  1.0664193e-001
  8.2988787e-002
  5.8987949e-002
  3.6231896e-002
  1.6189490e-002
 -1.1560850e-004
 -1.2336592e-002
 -2.0866687e-002
 -2.6698872e-002
 -3.1104654e-002
 -3.5209094e-002
 -3.9574712e-002
 -4.3912140e-002
 -4.7008487e-002
 -4.6912671e-002
 -4.1354511e-002
 -2.8317094e-002
 -6.6429790e-003
  2.3458722e-002
  6.0124893e-002
  9.9856958e-002
  1.3788231e-001
  1.6883707e-001
  1.8768706e-001
  1.9074555e-001
  1.7660097e-001
  1.4674787e-001
  1.0573363e-001
  6.0702121e-002
  2.0330779e-002
 -6.6982747e-003
 -1.3415094e-002
  3.8995030e-003
  4.4722440e-002
  1.0411549e-001
  1.7346267e-001
  2.4199373e-001
  2.9877964e-001
  3.3477681e-001
  3.4449660e-001
  3.2697838e-001
  2.8590890e-001
  2.2890762e-001
  1.6614280e-001
  1.0853561e-001
  6.5850859e-002
  4.4976866e-002
  4.8675132e-002
  7.5031932e-002
  1.1775679e-001
  1.6733846e-001
  2.1289547e-001
  2.4438085e-001
  2.5467270e-001
  2.4106091e-001
  2.0575391e-001
  1.5526445e-001
  9.8828745e-002
  4.6277764e-002
  5.9256494e-003
 -1.6983144e-002
 -2.0912962e-002
 -7.6935356e-003
  1.8585348e-002
  5.3022369e-002
  9.1228848e-002
  1.3016414e-001
  1.6832373e-001
  2.0535075e-001
  2.4131650e-001
  2.7598550e-001
  3.0833905e-001
  3.3650726e-001
  3.5810665e-001
  3.7085080e-001
  3.7322977e-001
  3.6505151e-001
  3.4769204e-001
  3.2398617e-001
  2.9778119e-001
  2.7325102e-001
  2.5411777e-001
  2.4294623e-001
  2.4066452e-001
  2.4642226e-001
  2.5783009e-001
  2.7154092e-001
  2.8405003e-001
  2.9252907e-001
  2.9548950e-001
  2.9310505e-001
  2.8710772e-001
  2.8028625e-001
  2.7572715e-001
  2.7601062e-001
  2.8258236e-001
  2.9546278e-001
  3.1334553e-001
  3.3401446e-001
  3.5491320e-001
  3.7366808e-001
  3.8840484e-001
  3.9779743e-001
  4.0090673e-001
  3.9695949e-001
  3.8524440e-001
  3.6524583e-001
  3.3701422e-001
  3.0163235e-001
  2.6153981e-001
  2.2047505e-001
  1.8290291e-001
  1.5298674e-001
  1.3337030e-001
  1.2417163e-001
  1.2259046e-001
  1.2337429e-001
  1.2011521e-001
  1.0705179e-001
  8.0837182e-002
  4.1693723e-002
 -6.4657980e-003
 -5.7051217e-002
 -1.0267077e-001
 -1.3729864e-001
 -1.5804538e-001
 -1.6595275e-001
 -1.6554141e-001
 -1.6324354e-001
 -1.6521752e-001
 -1.7524614e-001
 -1.9339528e-001
 -2.1586479e-001
 -2.3608088e-001
 -2.4668531e-001
 -2.4180018e-001
 -2.1887370e-001
 -1.7956071e-001
 -1.2940509e-001
 -7.6463596e-002
 -2.9319285e-002
  4.9172256e-003
  2.2066048e-002
  2.1455758e-002
  5.5764737e-003
 -2.0960015e-002
 -5.2754101e-002
 -8.4830589e-002
 -1.1343351e-001
 -1.3630298e-001
 -1.5252416e-001
 -1.6215539e-001
 -1.6585493e-001
 -1.6464585e-001
 -1.5983559e-001
 -1.5300071e-001
 -1.4590706e-001
 -1.4027503e-001
 -1.3739734e-001
 -1.3772437e-001
 -1.4059560e-001
 -1.4427964e-001
 -1.4638780e-001
 -1.4458212e-001
 -1.3736355e-001
 -1.2465925e-001
 -1.0796426e-001
 -8.9929807e-002
 -7.3487181e-002
 -6.0783165e-002
 -5.2308531e-002
 -4.6575936e-002
 -4.0541083e-002
 -3.0705157e-002
 -1.4570840e-002
  8.0538388e-003
  3.4422815e-002
  5.9231896e-002
  7.6025998e-002
  7.9274350e-002
  6.6464692e-002
  3.9478277e-002
  4.6739446e-003
 -2.8501355e-002
 -5.0064783e-002
 -5.2471726e-002
 -3.3064052e-002
  4.8478415e-003
  5.2703919e-002
  9.9070241e-002
  1.3296953e-001
  1.4712326e-001
  1.4006346e-001
  1.1642447e-001
  8.5313862e-002
  5.7287919e-002
  4.0909205e-002
  3.9990034e-002
  5.2388572e-002
  7.0709832e-002
  8.4650171e-002
  8.4215948e-002
  6.2805943e-002
  1.9236782e-002
 -4.1838829e-002
 -1.1115893e-001
 -1.7728204e-001
 -2.2947636e-001
 -2.6027342e-001
 -2.6707068e-001
 -2.5248757e-001
 -2.2352191e-001
 -1.8981853e-001
 -1.6149834e-001
 -1.4700803e-001
 -1.5137833e-001
 -1.7516980e-001
 -2.1427108e-001
 -2.6060109e-001
 -3.0364201e-001
 -3.3258756e-001
 -3.3874044e-001
 -3.1767356e-001
 -2.7063236e-001
 -2.0474630e-001
 -1.3184876e-001
 -6.6040281e-002
 -2.0487269e-002
 -4.2190768e-003
 -1.9770010e-002
 -6.2356170e-002
 -1.2089881e-001
 -1.8070089e-001
 -2.2709913e-001
 -2.4910526e-001
 -2.4202671e-001
 -2.0834075e-001
 -1.5660969e-001
 -9.8808763e-002
 -4.6906872e-002
 -9.7408337e-003
  8.9078329e-003
  1.0541433e-002
  5.4744456e-004
 -1.4245607e-002
 -2.8175886e-002
 -3.8642778e-002
 -4.6706050e-002
 -5.6278502e-002
 -7.2280912e-002
 -9.8455462e-002
 -1.3560887e-001
 -1.8087115e-001
 -2.2819029e-001
 -2.6987151e-001
 -2.9864954e-001
 -3.0964837e-001
 -3.0165958e-001
 -2.7741041e-001
 -2.4280510e-001
 -2.0540434e-001
 -1.7258240e-001
 -1.4983748e-001
 -1.3964307e-001
 -1.4106200e-001
 -1.5015415e-001
 -1.6103883e-001
 -1.6734987e-001
 -1.6375626e-001
 -1.4721690e-001
 -1.1769321e-001
 -7.8155094e-002
 -3.3871896e-002
  8.8473495e-003
  4.4152278e-002
  6.8000317e-002
  7.8998668e-002
  7.8520200e-002
  7.0086823e-002
  5.8233520e-002
  4.7218198e-002
  3.9972785e-002
  3.7588568e-002
  3.9432138e-002
  4.3770603e-002
  4.8625509e-002
  5.2528547e-002
  5.4927837e-002
  5.6153510e-002
  5.7028310e-002
  5.8334482e-002
  6.0379293e-002
  6.2835170e-002
  6.4901258e-002
  6.5696211e-002
  6.4700098e-002
  6.2047404e-002
  5.8534269e-002
  5.5315312e-002
  5.3387423e-002
  5.3048038e-002
  5.3543168e-002
  5.3074737e-002
  4.9228000e-002
  3.9737881e-002
  2.3380792e-002
  7.0106639e-004
 -2.5707802e-002
 -5.1538147e-002
 -7.1707089e-002
 -8.1682807e-002
 -7.8824837e-002
 -6.3317364e-002
 -3.8364740e-002
 -9.5284952e-003
  1.6648491e-002
  3.4350854e-002
  4.0033528e-002
  3.3339798e-002
  1.7126276e-002
 -3.3962038e-003
 -2.2125362e-002
 -3.3678169e-002
 -3.4670137e-002
 -2.4315150e-002
 -4.2348065e-003
  2.2373779e-002
  5.1867497e-002
  8.1172724e-002
  1.0835455e-001
  1.3260051e-001
  1.5371472e-001
  1.7140833e-001
  1.8474688e-001
  1.9204419e-001
  1.9130153e-001
  1.8105120e-001
  1.6126865e-001
  1.3394698e-001
  1.0301725e-001
  7.3523736e-002
  5.0246652e-002
  3.6202903e-002
  3.1554882e-002
  3.3371618e-002
  3.6432130e-002
  3.4914999e-002
  2.4494283e-002
  4.1720185e-003
 -2.2804178e-002
 -4.9353524e-002
 -6.6325116e-002
 -6.5194051e-002
 -4.0927820e-002
  5.8741314e-003
  6.8326392e-002
  1.3445490e-001
  1.9006427e-001
  2.2255230e-001
  2.2458743e-001
  1.9651781e-001
  1.4669265e-001
  8.9474948e-002
  4.1435080e-002
  1.6806784e-002
  2.3554225e-002
  6.1235019e-002
  1.2128821e-001
  1.8960949e-001
  2.5055980e-001
  2.9113617e-001
  3.0405450e-001
  2.8893318e-001
  2.5144819e-001
  2.0099894e-001
  1.4783876e-001
  1.0065424e-001
  6.5250325e-002
  4.4472096e-002
  3.8997371e-002
  4.8360674e-002
  7.1607558e-002
  1.0728134e-001
  1.5285695e-001
  2.0406707e-001
  2.5466809e-001
  2.9702514e-001
  3.2353389e-001
  3.2850002e-001
  3.0983754e-001
  2.6993956e-001
  2.1532829e-001
  1.5511053e-001
  9.8686820e-002
  5.3426624e-002
  2.3030061e-002
  7.0513413e-003
  1.6578211e-003
  1.2925679e-003
  6.4193722e-004
 -3.7335404e-003
 -1.2570874e-002
 -2.4033195e-002
 -3.4625525e-002
 -4.0505217e-002
 -3.8734878e-002
 -2.8122813e-002
 -9.4881463e-003
  1.4610874e-002
  4.0508135e-002
  6.4199272e-002
  8.2066936e-002
  9.1457238e-002
  9.1073152e-002
  8.1183191e-002
  6.3637798e-002
  4.1665507e-002
  1.9418537e-002
  1.2750136e-003
 -9.0196330e-003
 -9.2032207e-003
  8.8512633e-004
  1.9131819e-002
  4.1538555e-002
  6.3134637e-002
  7.9197729e-002
  8.6442738e-002
  8.3814056e-002
  7.2615885e-002
  5.5916647e-002
  3.7403642e-002
  2.0059434e-002
  5.1081264e-003
 -8.3975892e-003
 -2.3189288e-002
 -4.2711893e-002
 -6.9728350e-002
 -1.0508165e-001
 -1.4705130e-001
 -1.9154283e-001
 -2.3306492e-001
 -2.6617921e-001
 -2.8694636e-001
 -2.9389580e-001
 -2.8821281e-001
 -2.7310670e-001
 -2.5260327e-001
 -2.3019574e-001
 -2.0782672e-001
 -1.8554609e-001
 -1.6194338e-001
 -1.3517574e-001
 -1.0419994e-001
 -6.9744449e-002
 -3.4647164e-002
 -3.4038152e-003
  1.8957330e-002
  2.8329495e-002
  2.2853251e-002
  3.6957225e-003
 -2.4965140e-002
 -5.6757905e-002
 -8.4509541e-002
 -1.0182942e-001
 -1.0446669e-001
 -9.1105829e-002
 -6.3434392e-002
 -2.5516748e-002
  1.7319748e-002
  5.9776653e-002
  9.7730648e-002
  1.2897711e-001
  1.5343507e-001
  1.7281654e-001
  1.8988542e-001
  2.0751371e-001
  2.2777321e-001
  2.5128083e-001
  2.7695168e-001
  3.0221916e-001
  3.2366980e-001
  3.3793485e-001
  3.4260397e-001
  3.3690479e-001
  3.2194080e-001
  3.0039639e-001
  2.7577574e-001
  2.5139358e-001
  2.2943038e-001
  2.1035971e-001
  1.9294579e-001
  1.7482313e-001
  1.5346972e-001
  1.2724324e-001
  9.6121030e-002
  6.1885393e-002
  2.7692756e-002
 -2.8134348e-003
 -2.6525162e-002
 -4.1668792e-002
 -4.8122444e-002
 -4.7192018e-002
 -4.0999999e-002
 -3.1780771e-002
 -2.1382826e-002
 -1.1150777e-002
 -2.1574176e-003
  4.4274476e-003
  7.1211282e-003
  4.2833730e-003
 -5.3308118e-003
 -2.1821052e-002
 -4.3547808e-002
 -6.7048371e-002
 -8.7647647e-002
 -1.0067288e-001
 -1.0291131e-001
 -9.3802743e-002
 -7.5905602e-002
 -5.4407507e-002
 -3.5784120e-002
 -2.6015999e-002
 -2.8933499e-002
 -4.5214054e-002
 -7.2324126e-002
 -1.0537113e-001
 -1.3853266e-001
 -1.6656906e-001
 -1.8595013e-001
 -1.9531396e-001
 -1.9524095e-001
 -1.8756314e-001
 -1.7455103e-001
 -1.5829500e-001
 -1.4045463e-001
 -1.2235981e-001
 -1.0529559e-001
 -9.0746341e-002
 -8.0424008e-002
 -7.6026213e-002
 -7.8801100e-002
 -8.9082199e-002
 -1.0596925e-001
 -1.2727731e-001
 -1.4978925e-001
 -1.6976365e-001
 -1.8359667e-001
 -1.8851515e-001
 -1.8317818e-001
 -1.6807119e-001
 -1.4558765e-001
 -1.1971955e-001
 -9.5336918e-002
 -7.7134460e-002
 -6.8444777e-002
 -7.0221298e-002
 -8.0526961e-002
 -9.4786214e-002
 -1.0686389e-001
 -1.1076975e-001
 -1.0253817e-001
 -8.1696694e-002
 -5.1788433e-002
 -1.9661864e-002
  6.3742568e-003
  1.9036641e-002
  1.4432723e-002
 -6.4839318e-003
 -3.7914879e-002
 -7.0771843e-002
 -9.5368992e-002
 -1.0443376e-001
 -9.5472951e-002
 -7.1705879e-002
 -4.1222694e-002
 -1.4597915e-002
 -1.6941402e-003
 -8.6559448e-003
 -3.6029622e-002
 -7.8575393e-002
 -1.2679420e-001
 -1.6965717e-001
 -1.9767762e-001
 -2.0540721e-001
 -1.9267050e-001
 -1.6427965e-001
 -1.2844007e-001
 -9.4416844e-002
 -7.0179159e-002
 -6.0655887e-002
 -6.6977550e-002
 -8.6753263e-002
 -1.1514672e-001
 -1.4635050e-001
 -1.7503643e-001
 -1.9745499e-001
 -2.1200984e-001
 -2.1928684e-001
 -2.2162879e-001
 -2.2240786e-001
 -2.2516703e-001
 -2.3279847e-001
 -2.4691179e-001
 -2.6751694e-001
 -2.9309606e-001
 -3.2106109e-001
 -3.4849623e-001
 -3.7299303e-001
 -3.9333519e-001
 -4.0980980e-001
 -4.2402003e-001
 -4.3823084e-001
 -4.5444452e-001
 -4.7351752e-001
 -4.9464397e-001
 -5.1542701e-001
 -5.3256234e-001
 -5.4293390e-001
 -5.4475070e-001
 -5.3830792e-001
 -5.2606103e-001
 -5.1193308e-001
 -5.0005369e-001
 -4.9335079e-001
 -4.9249693e-001
 -4.9560977e-001
 -4.9885224e-001
 -4.9775820e-001
 -4.8884151e-001
 -4.7093080e-001
 -4.4575445e-001
 -4.1755452e-001
 -3.9184376e-001
 -3.7371577e-001
 -3.6627038e-001
 -3.6967116e-001
 -3.8112979e-001
 -3.9579527e-001
 -4.0822688e-001
 -4.1395393e-001
 -4.1062629e-001
 -3.9843076e-001
 -3.7971779e-001
 -3.5805220e-001
 -3.3707207e-001
 -3.1955882e-001
 -3.0699253e-001
 -2.9964893e-001
 -2.9708017e-001
 -2.9869310e-001
 -3.0414191e-001
 -3.1337707e-001
 -3.2637611e-001
 -3.4274312e-001
 -3.6142834e-001
 -3.8076111e-001
 -3.9883468e-001
 -4.1410092e-001
 -4.2591034e-001
 -4.3472868e-001
 -4.4188293e-001
 -4.4889219e-001
 -4.5663439e-001
 -4.6470444e-001
 -4.7127709e-001
 -4.7360848e-001
 -4.6905678e-001
 -4.5627559e-001
 -4.3612756e-001
 -4.1192987e-001
 -3.8886178e-001
 -3.7265899e-001
 -3.6798013e-001
 -3.7695818e-001
 -3.9839645e-001
 -4.2785701e-001
 -4.5860134e-001
 -4.8308715e-001
 -4.9459022e-001
 -4.8854306e-001
 -4.6333136e-001
 -4.2049024e-001
 -3.6440605e-001
 -3.0169892e-001
 -2.4043093e-001
 -1.8920039e-001
 -1.5611369e-001
 -1.4762866e-001
 -1.6735012e-001
 -2.1498872e-001
 -2.8579537e-001
 -3.7078013e-001
 -4.5788392e-001
 -5.3401667e-001
 -5.8758852e-001
 -6.1094770e-001
 -6.0208876e-001
 -5.6514367e-001
 -5.0947882e-001
 -4.4759756e-001
 -3.9236952e-001
 -3.5427460e-001
 -3.3931519e-001
 -3.4803923e-001
 -3.7580633e-001
 -4.1412078e-001
 -4.5263345e-001
 -4.8132530e-001
 -4.9242280e-001
 -4.8172094e-001
 -4.4914890e-001
 -3.9856363e-001
 -3.3687630e-001
 -2.7270332e-001
 -2.1479291e-001
 -1.7051009e-001
 -1.4465739e-001
 -1.3885108e-001
 -1.5155869e-001
 -1.7875067e-001
 -2.1496555e-001
 -2.5448734e-001
 -2.9232331e-001
 -3.2476197e-001
 -3.4945258e-001
 -3.6511917e-001
 -3.7113872e-001
 -3.6722782e-001
 -3.5339468e-001
 -3.3016152e-001
 -2.9891388e-001
 -2.6215203e-001
 -2.2344080e-001
 -1.8696857e-001
 -1.5678680e-001
 -1.3594034e-001
 -1.2575993e-001
 -1.2554670e-001
 -1.3275278e-001
 -1.4360228e-001
 -1.5396518e-001
 -1.6023866e-001
 -1.6002079e-001
 -1.5245627e-001
 -1.3824981e-001
 -1.1942914e-001
 -9.8970061e-002
 -8.0369563e-002
 -6.7198839e-002
 -6.2625069e-002
 -6.8890976e-002
 -8.6789854e-002
 -1.1524763e-001
 -1.5117823e-001
 -1.8977014e-001
 -2.2526997e-001
 -2.5216920e-001
 -2.6652827e-001
 -2.6705832e-001
 -2.5558769e-001
 -2.3668747e-001
 -2.1648412e-001
 -2.0096347e-001
 -1.9426730e-001
 -1.9751829e-001
 -2.0855603e-001
 -2.2267153e-001
 -2.3409459e-001
 -2.3774087e-001
 -2.3065641e-001
 -2.1273264e-001
 -1.8654671e-001
 -1.5649635e-001
 -1.2762046e-001
 -1.0454214e-001
 -9.0836507e-002
 -8.8882919e-002
 -1.0002933e-001
 -1.2478189e-001
 -1.6278433e-001
 -2.1253553e-001
 -2.7101263e-001
 -3.3350423e-001
 -3.9393568e-001
 -4.4578399e-001
 -4.8341079e-001
 -5.0340944e-001
 -5.0548075e-001
 -4.9247000e-001
 -4.6948165e-001
 -4.4232898e-001
 -4.1583611e-001
 -3.9258335e-001
 -3.7253651e-001
 -3.5368154e-001
 -3.3341513e-001
 -3.1016025e-001
 -2.8458648e-001
 -2.5995158e-001
 -2.4139178e-001
 -2.3436128e-001
 -2.4272542e-001
 -2.6714356e-001
 -3.0429852e-001
 -3.4727227e-001
 -3.8702199e-001
 -4.1458710e-001
 -4.2344888e-001
 -4.1141842e-001
 -3.8154214e-001
 -3.4174413e-001
 -3.0321058e-001
 -2.7780486e-001
 -2.7503844e-001
 -2.9927561e-001
 -3.4788779e-001
 -4.1096438e-001
 -4.7291225e-001
 -5.1585035e-001
 -5.2419720e-001
 -4.8938475e-001
 -4.1337340e-001
 -3.0973260e-001
 -2.0155110e-001
 -1.1627871e-001
 -7.8566785e-002
 -1.0296373e-001
 -1.8863454e-001
 -3.1792626e-001
 -4.5961758e-001
 -5.7632104e-001
 -6.3417020e-001
 -6.1207599e-001
 -5.0780371e-001
 -3.3897559e-001
 -1.3860962e-001
  5.3514287e-002
  2.0107293e-001
  2.7995216e-001
  2.8301646e-001
  2.1973260e-001
  1.1118448e-001
 -1.7527631e-002
 -1.4479740e-001
 -2.5748143e-001
 -3.5197150e-001
 -4.3152411e-001
 -5.0136147e-001
 -5.6377952e-001
 -6.1534314e-001
 -6.4731035e-001
 -6.4908652e-001
 -6.1328457e-001
 -5.4031505e-001
 -4.4058312e-001
 -3.3324915e-001
 -2.4177424e-001
 -1.8764354e-001
 -1.8431535e-001
 -2.3335975e-001
 -3.2398627e-001
 -4.3601334e-001
 -5.4522555e-001
 -6.2937856e-001
 -6.7305400e-001
 -6.7010820e-001
 -6.2336268e-001
 -5.4210636e-001
 -4.3859898e-001
 -3.2489741e-001
 -2.1097291e-001
 -1.0442447e-001
 -1.1390995e-002
  6.2208586e-002
  1.1005687e-001
  1.2605626e-001
  1.0619012e-001
  5.0986636e-002
 -3.2481512e-002
 -1.3015267e-001
 -2.2275575e-001
 -2.8973378e-001
 -3.1440572e-001
 -2.8885850e-001
 -2.1692903e-001
 -1.1407437e-001
 -3.8388110e-003
  8.8268413e-002
  1.4174596e-001
  1.4678254e-001
  1.0680968e-001
  3.7035672e-002
 -4.0628439e-002
 -1.0462986e-001
 -1.4051228e-001
 -1.4511571e-001
 -1.2688536e-001
 -1.0227399e-001
 -8.9561671e-002
 -1.0227882e-001
 -1.4450083e-001
 -2.0956580e-001
 -2.8252693e-001
 -3.4534609e-001
 -3.8293255e-001
 -3.8793479e-001
 -3.6273654e-001
 -3.1815568e-001
 -2.6949489e-001
 -2.3143686e-001
 -2.1354422e-001
 -2.1777443e-001
 -2.3862871e-001
 -2.6563603e-001
 -2.8714964e-001
 -2.9412351e-001
 -2.8269199e-001
 -2.5488818e-001
 -2.1749469e-001
 -1.7959691e-001
 -1.4973531e-001
 -1.3356428e-001
 -1.3266104e-001
 -1.4470393e-001
 -1.6480017e-001
 -1.8741697e-001
 -2.0823716e-001
 -2.2534089e-001
 -2.3936893e-001
 -2.5266887e-001
 -2.6776046e-001
 -2.8568376e-001
 -3.0484591e-001
 -3.2084012e-001
 -3.2741059e-001
 -3.1836297e-001
 -2.8988609e-001
 -2.4256060e-001
 -1.8235546e-001
 -1.2015781e-001
 -6.9785123e-002
 -4.4876477e-002
 -5.5420438e-002
 -1.0483963e-001
 -1.8846259e-001
 -2.9388915e-001
 -4.0328058e-001
 -4.9710580e-001
 -5.5848120e-001
 -5.7705834e-001
 -5.5149086e-001
 -4.8983628e-001
 -4.0774752e-001
 -3.2486370e-001
 -2.6028429e-001
 -2.2827503e-001
 -2.3532303e-001
 -2.7931477e-001
 -3.5102471e-001
 -4.3742432e-001
 -5.2575353e-001
 -6.0703125e-001
 -6.7783965e-001
 -7.3978443e-001
 -7.9685444e-001
 -8.5170397e-001
 -9.0236713e-001
 -9.4087109e-001
 -9.5460991e-001
 -9.3034807e-001
 -8.5968021e-001
 -7.4406928e-001
 -5.9750669e-001
 -4.4546199e-001
 -3.1993608e-001
 -2.5172623e-001
 -2.6201104e-001
 -3.5572283e-001
 -5.1876313e-001
 -7.2006288e-001
 -9.1812541e-001
 -1.0704391e+000
 -1.1433684e+000
 -1.1200292e+000
 -1.0042135e+000
 -8.1946561e-001
 -6.0362114e-001
 -4.0020053e-001
 -2.4874311e-001
 -1.7634459e-001
 -1.9230302e-001
 -2.8699037e-001
 -4.3503973e-001
 -6.0191540e-001
 -7.5215739e-001
 -8.5725388e-001
 -9.0127835e-001
 -8.8308153e-001
 -8.1477209e-001
 -7.1719087e-001
 -6.1381107e-001
 -5.2478800e-001
 -4.6267682e-001
 -4.3072790e-001
 -4.2386391e-001
 -4.3169274e-001
 -4.4242976e-001
 -4.4650374e-001
 -4.3888799e-001
 -4.1970704e-001
 -3.9323666e-001
 -3.6586409e-001
 -3.4378836e-001
 -3.3118741e-001
 -3.2931586e-001
 -3.3663634e-001
 -3.4975419e-001
 -3.6471921e-001
 -3.7822292e-001
 -3.8833916e-001
 -3.9466736e-001
 -3.9795691e-001
 -3.9944671e-001
 -4.0020386e-001
 -4.0069172e-001
 -4.0067468e-001
 -3.9942932e-001
 -3.9612787e-001
 -3.9022134e-001
 -3.8167836e-001
 -3.7101094e-001
 -3.5910542e-001
 -3.4694448e-001
 -3.3533168e-001
 -3.2471298e-001
 -3.1514183e-001
 -3.0637791e-001
 -2.9806575e-001
 -2.8992144e-001
 -2.8186553e-001
 -2.7406957e-001
 -2.6691789e-001
 -2.6091297e-001
 -2.5656294e-001
 -2.5428417e-001
 -2.5433679e-001
 -2.5679449e-001
 -2.6154033e-001
 -2.6827885e-001
 -2.7655933e-001
 -2.8581061e-001
 -2.9538905e-001
 -3.0463801e-001
 -3.1295051e-001
 -3.1982293e-001
 -3.2488855e-001
 -3.2792669e-001
 -3.2885248e-001
 -3.2769897e-001
 -3.2460370e-001
 -3.1980652e-001
 -3.1365638e-001
 -3.0661850e-001
 -2.9927220e-001
 -2.9229398e-001
 -2.8642690e-001
 -2.8244131e-001
 -2.8109052e-001
 -2.8305964e-001
 -2.8890097e-001
 -2.9895069e-001
 -3.1323186e-001
 -3.3136480e-001
 -3.5251941e-001
 -3.7544576e-001
 -3.9860304e-001
 -4.2037528e-001
 -4.3932611e-001
 -4.5442029e-001
 -4.6514028e-001
 -4.7145560e-001
 -4.7365424e-001
 -4.7209803e-001
 -4.6699861e-001
 -4.5830894e-001
 -4.4578663e-001
 -4.2922129e-001
 -4.0875189e-001
 -3.8515809e-001
 -3.6000756e-001
 -3.3558290e-001
 -3.1458230e-001
 -2.9966294e-001
 -2.9294897e-001
 -2.9563772e-001
 -3.0780649e-001
 -3.2845878e-001
 -3.5577712e-001
 -3.8749365e-001
 -4.2126759e-001
 -4.5497370e-001
 -4.8684989e-001
 -5.1550579e-001
 -5.3983818e-001
 -5.5891992e-001
 -5.7192307e-001
 -5.7811133e-001
 -5.7690402e-001
 -5.6798687e-001
 -5.5143130e-001
 -5.2778519e-001
 -4.9810938e-001
 -4.6394869e-001
 -4.2723916e-001
 -3.9016087e-001
 -3.5495079e-001
 -3.2369352e-001
 -2.9811251e-001
 -2.7938869e-001
 -2.6803624e-001
 -2.6386106e-001
 -2.6601666e-001
 -2.7315313e-001
 -2.8363385e-001
 -2.9577722e-001
 -3.0807419e-001
 -3.1933955e-001
 -3.2877535e-001
 -3.3595155e-001
 -3.4073277e-001
 -3.4319302e-001
 -3.4355596e-001
 -3.4218004e-001
 -3.3958147e-001
 -3.3646511e-001
 -3.3372372e-001
 -3.3237420e-001
 -3.3342386e-001
 -3.3769033e-001
 -3.4562419e-001
 -3.5719143e-001
 -3.7185949e-001
 -3.8869863e-001
 -4.0657132e-001
 -4.2435086e-001
 -4.4109970e-001
 -4.5615263e-001
 -4.6908728e-001
 -4.7960858e-001
 -4.8740968e-001
 -4.9208301e-001
 -4.9313711e-001
 -4.9013209e-001
 -4.8289554e-001
 -4.7174064e-001
 -4.5759536e-001
 -4.4197265e-001
 -4.2676030e-001
 -4.1386930e-001
 -4.0483062e-001
 -4.0045391e-001
 -4.0064931e-001
 -4.0446833e-001
 -4.1035586e-001
 -4.1654288e-001
 -4.2146783e-001
 -4.2410803e-001
 -4.2413175e-001
 -4.2183855e-001
 -4.1792208e-001
 -4.1314318e-001
 -4.0802697e-001
 -4.0268461e-001
 -3.9681595e-001
 -3.8988552e-001
 -3.8140572e-001
 -3.7122457e-001
 -3.5971555e-001
 -3.4780183e-001
 -3.3680428e-001
 -3.2816227e-001
 -3.2311665e-001
 -3.2245349e-001
 -3.2638177e-001
 -3.3457076e-001
 -3.4632002e-001
 -3.6079612e-001
 -3.7725756e-001
 -3.9520339e-001
 -4.1441374e-001
 -4.3488721e-001
 -4.5670743e-001
 -4.7988302e-001
 -5.0420197e-001
 -5.2913009e-001
 -5.5377100e-001
 -5.7689686e-001
 -5.9705310e-001
 -6.1273272e-001
 -6.2260337e-001
 -6.2575183e-001
 -6.2189316e-001
 -6.1148368e-001
 -5.9568727e-001
 -5.7617535e-001
 -5.5478854e-001
 -5.3313663e-001
 -5.1224767e-001
 -4.9237923e-001
 -4.7306974e-001
 -4.5344013e-001
 -4.3267530e-001
 -4.1054648e-001
 -3.8780430e-001
 -3.6629351e-001
 -3.4871271e-001
 -3.3804638e-001
 -3.3680336e-001
 -3.4626916e-001
 -3.6599481e-001
 -3.9369176e-001
 -4.2559280e-001
 -4.5720352e-001
 -4.8424920e-001
 -5.0355690e-001
 -5.1362639e-001
 -5.1473565e-001
 -5.0856975e-001
 -4.9751158e-001
 -4.8383740e-001
 -4.6908494e-001
 -4.5379572e-001
 -4.3769857e-001
 -4.2024443e-001
 -4.0127830e-001
 -3.8158600e-001
 -3.6309781e-001
 -3.4865136e-001
 -3.4136916e-001
 -3.4383850e-001
 -3.5734795e-001
 -3.8141572e-001
 -4.1375099e-001
 -4.5065438e-001
 -4.8773539e-001
 -5.2074216e-001
 -5.4628470e-001
 -5.6228443e-001
 -5.6807702e-001
 -5.6419967e-001
 -5.5197531e-001
 -5.3304407e-001
 -5.0898190e-001
 -4.8109692e-001
 -4.5042595e-001
 -4.1788837e-001
 -3.8450943e-001
 -3.5161091e-001
 -3.2088243e-001
 -2.9428640e-001
 -2.7380068e-001
 -2.6105319e-001
 -2.5693951e-001
 -2.6132836e-001
 -2.7294645e-001
 -2.8949385e-001
 -3.0798292e-001
 -3.2523207e-001
 -3.3839826e-001
 -3.4541571e-001
 -3.4523111e-001
 -3.3778423e-001
 -3.2376092e-001
 -3.0421731e-001
 -2.8021506e-001
 -2.5259983e-001
 -2.2199962e-001
 -1.8903267e-001
 -1.5462831e-001
 -1.2030998e-001
 -8.8291367e-002
 -6.1296669e-002
 -4.2115215e-002
 -3.3003394e-002
 -3.5114352e-002
 -4.8141109e-002
 -7.0297195e-002
 -9.8651507e-002
 -1.2971938e-001
 -1.6013155e-001
 -1.8718579e-001
 -2.0913717e-001
 -2.2518188e-001
 -2.3519766e-001
 -2.3938166e-001
 -2.3794523e-001
 -2.3098278e-001
 -2.1854614e-001
 -2.0086407e-001
 -1.7858412e-001
 -1.5290550e-001
 -1.2551786e-001
 -9.8343121e-002
 -7.3160965e-002
 -5.1250291e-002
 -3.3177839e-002
 -1.8811578e-002
 -7.5516539e-003
  1.3108080e-003
  8.2442837e-003
  1.3268269e-002
  1.5960749e-002
  1.5673271e-002
  1.1867405e-002
  4.4443819e-003
 -6.0521106e-003
 -1.8427967e-002
 -3.1020845e-002
 -4.2003947e-002
 -4.9711143e-002
 -5.2891579e-002
 -5.0841751e-002
 -4.3414102e-002
 -3.0941934e-002
 -1.4136592e-002
  5.9973110e-003
  2.8210134e-002
  5.1030144e-002
  7.2791344e-002
  9.1698438e-002
  1.0594781e-001
  1.1390206e-001
  1.1429476e-001
  1.0642833e-001
  9.0323479e-002
  6.6783011e-002
  3.7344451e-002
  4.1133680e-003
 -3.0508288e-002
 -6.4158985e-002
 -9.4855988e-002
 -1.2125809e-001
 -1.4278116e-001
 -1.5952561e-001
 -1.7202848e-001
 -1.8091444e-001
 -1.8656875e-001
 -1.8896554e-001
 -1.8774391e-001
 -1.8253566e-001
 -1.7343920e-001
 -1.6144535e-001
 -1.4859575e-001
 -1.3771691e-001
 -1.3171663e-001
 -1.3260938e-001
 -1.4058906e-001
 -1.5352176e-001
 -1.6715022e-001
 -1.7609303e-001
 -1.7544565e-001
 -1.6254124e-001
 -1.3830283e-001
 -1.0767619e-001
 -7.8873335e-002
 -6.1513615e-002
 -6.4110374e-002
 -9.1595179e-002
 -1.4361247e-001
 -2.1413291e-001
 -2.9257323e-001
 -3.6618015e-001
 -4.2306250e-001
 -4.5505212e-001
 -4.5960093e-001
 -4.4017908e-001
 -4.0505560e-001
 -3.6480656e-001
 -3.2926873e-001
 -3.0482902e-001
 -2.9284879e-001
 -2.8968738e-001
 -2.8830160e-001
 -2.8090729e-001
 -2.6184829e-001
 -2.2974453e-001
 -1.8821626e-001
 -1.4494135e-001
 -1.0935203e-001
 -8.9733750e-002
 -9.0696284e-002
 -1.1186817e-001
 -1.4825286e-001
 -1.9211448e-001
 -2.3572654e-001
 -2.7400672e-001
 -3.0608865e-001
 -3.3524744e-001
 -3.6717746e-001
 -4.0721862e-001
 -4.5752746e-001
 -5.1524571e-001
 -5.7240313e-001
 -6.1771019e-001
 -6.3974781e-001
 -6.3057197e-001
 -5.8858493e-001
 -5.1973582e-001
 -4.3662237e-001
 -3.5570025e-001
 -2.9336211e-001
 -2.6195851e-001
 -2.6682207e-001
 -3.0504964e-001
 -3.6630597e-001
 -4.3538464e-001
 -4.9583820e-001
 -5.3376507e-001
 -5.4085094e-001
 -5.1598357e-001
 -4.6512703e-001
 -3.9956535e-001
 -3.3300903e-001
 -2.7831537e-001
 -2.4464186e-001
 -2.3571023e-001
 -2.4953973e-001
 -2.7959739e-001
 -3.1692926e-001
 -3.5259748e-001
 -3.7972639e-001
 -3.9465535e-001
 -3.9702973e-001
 -3.8901120e-001
 -3.7403079e-001
 -3.5557078e-001
 -3.3634515e-001
 -3.1802090e-001
 -3.0138779e-001
 -2.8673232e-001
 -2.7415202e-001
 -2.6364522e-001
 -2.5497121e-001
 -2.4741893e-001
 -2.3968434e-001
 -2.3001452e-001
 -2.1665029e-001
 -1.9844806e-001
 -1.7545248e-001
 -1.4917635e-001
 -1.2243483e-001
 -9.8743409e-002
 -8.1459360e-002
 -7.2952441e-002
 -7.4084248e-002
 -8.4155983e-002
 -1.0129717e-001
 -1.2309214e-001
 -1.4715521e-001
 -1.7141189e-001
 -1.9400822e-001
 -2.1298103e-001
 -2.2597899e-001
 -2.3034182e-001
 -2.2369436e-001
 -2.0494479e-001
 -1.7530759e-001
 -1.3883614e-001
 -1.0203832e-001
 -7.2460174e-002
 -5.6550612e-002
 -5.7490253e-002
 -7.3806981e-002
 -9.9417466e-002
 -1.2526464e-001
 -1.4212802e-001
 -1.4369596e-001
 -1.2881144e-001
 -1.0203013e-001
 -7.2199542e-002
 -4.9479349e-002
 -4.1808495e-002
 -5.2055794e-002
 -7.6868911e-002
 -1.0763668e-001
 -1.3322376e-001
 -1.4350936e-001
 -1.3249843e-001
 -9.9967829e-002
 -5.1176474e-002
  5.1201552e-003
  5.9530963e-002
  1.0471094e-001
  1.3698662e-001
  1.5653773e-001
  1.6632982e-001
  1.7042799e-001
  1.7244947e-001
  1.7471423e-001
  1.7824903e-001
  1.8338966e-001
  1.9049237e-001
  2.0029659e-001
  2.1373757e-001
  2.3134750e-001
  2.5263354e-001
  2.7585977e-001
  2.9846903e-001
  3.1805409e-001
  3.3348215e-001
  3.4564094e-001
  3.5737982e-001
  3.7253011e-001
  3.9427752e-001
  4.2346453e-001
  4.5749249e-001
  4.9032685e-001
  5.1374277e-001
