 -2.2425296e-001
 -2.4126134e-001
 -2.5665827e-001
 -2.6989621e-001
 -2.8075299e-001
 -2.8930234e-001
 -2.9575137e-001
 -3.0021415e-001
 -3.0252464e-001
 -3.0218690e-001
 -2.9851391e-001
 -2.9093304e-001
 -2.7936397e-001
 -2.6453047e-001
 -2.4807222e-001
 -2.3237871e-001
 -2.2015683e-001
 -2.1383736e-001
 -2.1498848e-001
 -2.2391290e-001
 -2.3955446e-001
 -2.5974598e-001
 -2.8172554e-001
 -3.0276836e-001
 -3.2075233e-001
 -3.3450574e-001
 -3.4386142e-001
 -3.4943573e-001
 -3.5223170e-001
 -3.5320762e-001
 -3.5294789e-001
 -3.5152684e-001
 -3.4858812e-001
 -3.4359462e-001
 -3.3615543e-001
 -3.2631882e-001
 -3.1473505e-001
 -3.0263364e-001
 -2.9161470e-001
 -2.8330960e-001
 -2.7900594e-001
 -2.7934666e-001
 -2.8419410e-001
 -2.9270291e-001
 -3.0358068e-001
 -3.1545432e-001
 -3.2722325e-001
 -3.3828319e-001
 -3.4854848e-001
 -3.5827299e-001
 -3.6774415e-001
 -3.7697315e-001
 -3.8550768e-001
 -3.9244807e-001
 -3.9667038e-001
 -3.9717957e-001
 -3.9346451e-001
 -3.8572354e-001
 -3.7487662e-001
 -3.6235939e-001
 -3.4977320e-001
 -3.3851523e-001
 -3.2951304e-001
 -3.2314139e-001
 -3.1932488e-001
 -3.1775780e-001
 -3.1813231e-001
 -3.2027058e-001
 -3.2410530e-001
 -3.2952259e-001
 -3.3614619e-001
 -3.4317338e-001
 -3.4936099e-001
 -3.5320672e-001
 -3.5329698e-001
 -3.4872428e-001
 -3.3943901e-001
 -3.2640641e-001
 -3.1148948e-001
 -2.9705700e-001
 -2.8540083e-001
 -2.7811166e-001
 -2.7558771e-001
 -2.7682636e-001
 -2.7957847e-001
 -2.8084607e-001
 -2.7760407e-001
 -2.6755548e-001
 -2.4971174e-001
 -2.2463459e-001
 -1.9427296e-001
 -1.6144840e-001
 -1.2914775e-001
 -9.9835635e-002
 -7.4984696e-002
 -5.4942776e-002
 -3.9142261e-002
 -2.6547629e-002
 -1.6170181e-002
 -7.4745195e-003
 -5.5666183e-004
  3.9356428e-003
  5.0786702e-003
  2.0234768e-003
 -5.7094133e-003
 -1.8085155e-002
 -3.4587830e-002
 -5.4393477e-002
 -7.6600991e-002
 -1.0043062e-001
 -1.2532422e-001
 -1.5092450e-001
 -1.7695413e-001
 -2.0304513e-001
 -2.2857877e-001
 -2.5258923e-001
 -2.7376708e-001
 -2.9057952e-001
 -3.0150412e-001
 -3.0535133e-001
 -3.0162561e-001
 -2.9084764e-001
 -2.7473944e-001
 -2.5617402e-001
 -2.3882337e-001
 -2.2650761e-001
 -2.2234264e-001
 -2.2787786e-001
 -2.4247361e-001
 -2.6315772e-001
 -2.8510741e-001
 -3.0273672e-001
 -3.1117426e-001
 -3.0775094e-001
 -2.9304678e-001
 -2.7111126e-001
 -2.4867422e-001
 -2.3345624e-001
 -2.3198341e-001
 -2.4751062e-001
 -2.7868363e-001
 -3.1939541e-001
 -3.5995996e-001
 -3.8933622e-001
 -3.9781184e-001
 -3.7941063e-001
 -3.3336868e-001
 -2.6430571e-001
 -1.8110495e-001
 -9.4878371e-002
 -1.6617581e-002
  4.4846203e-002
  8.4116702e-002
  9.9566163e-002
  9.2841513e-002
  6.7857566e-002
  2.9653630e-002
 -1.6580769e-002
 -6.6154334e-002
 -1.1519447e-001
 -1.6073766e-001
 -2.0070931e-001
 -2.3387078e-001
 -2.5974863e-001
 -2.7851901e-001
 -2.9082335e-001
 -2.9753149e-001
 -2.9951621e-001
 -2.9752235e-001
 -2.9218530e-001
 -2.8418506e-001
 -2.7444631e-001
 -2.6425259e-001
 -2.5516313e-001
 -2.4870226e-001
 -2.4590287e-001
 -2.4687648e-001
 -2.5060781e-001
 -2.5511210e-001
 -2.5796533e-001
 -2.5706980e-001
 -2.5140876e-001
 -2.4152132e-001
 -2.2950555e-001
 -2.1850960e-001
 -2.1184412e-001
 -2.1198216e-001
 -2.1975910e-001
 -2.3402770e-001
 -2.5188300e-001
 -2.6939431e-001
 -2.8262498e-001
 -2.8863467e-001
 -2.8616946e-001
 -2.7584758e-001
 -2.5981116e-001
 -2.4098360e-001
 -2.2219474e-001
 -2.0547034e-001
 -1.9171508e-001
 -1.8086966e-001
 -1.7244228e-001
 -1.6616680e-001
 -1.6248126e-001
 -1.6258105e-001
 -1.6796576e-001
 -1.7961436e-001
 -1.9710698e-001
 -2.1808708e-001
 -2.3838024e-001
 -2.5286799e-001
 -2.5692566e-001
 -2.4797907e-001
 -2.2662167e-001
 -1.9682205e-001
 -1.6503220e-001
 -1.3839098e-001
 -1.2256875e-001
 -1.1998021e-001
 -1.2901984e-001
 -1.4465319e-001
 -1.6022947e-001
 -1.6992946e-001
 -1.7099675e-001
 -1.6492835e-001
 -1.5713020e-001
 -1.5506952e-001
 -1.6549925e-001
 -1.9169381e-001
 -2.3168342e-001
 -2.7817483e-001
 -3.2029356e-001
 -3.4666285e-001
 -3.4886188e-001
 -3.2414948e-001
 -2.7655859e-001
 -2.1599014e-001
 -1.5558503e-001
 -1.0820582e-001
 -8.3128617e-002
 -8.3942210e-002
 -1.0822140e-001
 -1.4894069e-001
 -1.9703644e-001
 -2.4419869e-001
 -2.8497948e-001
 -3.1761964e-001
 -3.4349114e-001
 -3.6553978e-001
 -3.8642203e-001
 -4.0706385e-001
 -4.2614032e-001
 -4.4058740e-001
 -4.4686613e-001
 -4.4244692e-001
 -4.2694502e-001
 -4.0251002e-001
 -3.7336806e-001
 -3.4471718e-001
 -3.2137537e-001
 -3.0662112e-001
 -3.0155421e-001
 -3.0510089e-001
 -3.1457431e-001
 -3.2655189e-001
 -3.3778270e-001
 -3.4588558e-001
 -3.4970624e-001
 -3.4932067e-001
 -3.4576283e-001
 -3.4059805e-001
 -3.3546336e-001
 -3.3166904e-001
 -3.2992191e-001
 -3.3020169e-001
 -3.3179899e-001
 -3.3350246e-001
 -3.3389776e-001
 -3.3171496e-001
 -3.2614172e-001
 -3.1701872e-001
 -3.0485963e-001
 -2.9068620e-001
 -2.7572687e-001
 -2.6107300e-001
 -2.4740190e-001
 -2.3485248e-001
 -2.2308443e-001
 -2.1148652e-001
 -1.9944770e-001
 -1.8658767e-001
 -1.7286579e-001
 -1.5854039e-001
 -1.4401131e-001
 -1.2962345e-001
 -1.1552077e-001
 -1.0161426e-001
 -8.7677066e-002
 -7.3524504e-002
 -5.9199971e-002
 -4.5082919e-002
 -3.1864265e-002
 -2.0385385e-002
 -1.1389696e-002
 -5.2705332e-003
 -1.9031199e-003
 -6.2094915e-004
 -3.4851191e-004
  1.4932488e-004
  1.9777967e-003
  5.8689925e-003
  1.2052165e-002
  2.0264701e-002
  2.9884490e-002
  4.0128036e-002
  5.0244216e-002
  5.9644542e-002
  6.7941571e-002
  7.4905247e-002
  8.0377735e-002
  8.4199320e-002
  8.6187333e-002
  8.6181502e-002
  8.4134863e-002
  8.0203747e-002
  7.4784858e-002
  6.8465600e-002
  6.1889397e-002
  5.5576693e-002
  4.9768145e-002
  4.4356606e-002
  3.8946209e-002
  3.3029101e-002
  2.6220995e-002
  1.8466146e-002
  1.0124782e-002
  1.8938421e-003
 -5.4271978e-003
 -1.1251687e-002
 -1.5490191e-002
 -1.8693461e-002
 -2.1987256e-002
 -2.6803657e-002
 -3.4486573e-002
 -4.5896547e-002
 -6.1143295e-002
 -7.9531866e-002
 -9.9735419e-002
 -1.2013144e-001
 -1.3918664e-001
 -1.5576722e-001
 -1.6928645e-001
 -1.7966617e-001
 -1.8715652e-001
 -1.9210388e-001
 -1.9476501e-001
 -1.9523559e-001
 -1.9350757e-001
 -1.8961527e-001
 -1.8379523e-001
 -1.7658246e-001
 -1.6879403e-001
 -1.6139819e-001
 -1.5531273e-001
 -1.5120473e-001
 -1.4936273e-001
 -1.4968581e-001
 -1.5179046e-001
 -1.5519369e-001
 -1.5950357e-001
 -1.6454622e-001
 -1.7038078e-001
 -1.7719316e-001
 -1.8510219e-001
 -1.9394377e-001
 -2.0311084e-001
 -2.1151446e-001
 -2.1769837e-001
 -2.2009488e-001
 -2.1736624e-001
 -2.0874508e-001
 -1.9428023e-001
 -1.7491271e-001
 -1.5234878e-001
 -1.2875069e-001
 -1.0631718e-001
 -8.6858187e-002
 -7.1471936e-002
 -6.0403898e-002
 -5.3114970e-002
 -4.8526155e-002
 -4.5358479e-002
 -4.2465527e-002
 -3.9068217e-002
 -3.4841741e-002
 -2.9857493e-002
 -2.4428774e-002
 -1.8932088e-002
 -1.3669808e-002
 -8.8104304e-003
 -4.4042888e-003
 -4.4231840e-004
  3.0848902e-003
  6.1590031e-003
  8.7428875e-003
  1.0807629e-002
  1.2346648e-002
  1.3352788e-002
  1.3756469e-002
  1.3349503e-002
  1.1736779e-002
  8.3572572e-003
  2.5950192e-003
 -6.0324258e-003
 -1.7655146e-002
 -3.1868504e-002
 -4.7654106e-002
 -6.3446757e-002
 -7.7350417e-002
 -8.7462407e-002
 -9.2231078e-002
 -9.0758542e-002
 -8.2971430e-002
 -6.9616297e-002
 -5.2082911e-002
 -3.2105002e-002
 -1.1420631e-002
  8.5167808e-003
  2.6703651e-002
  4.2594565e-002
  5.5970745e-002
  6.6730095e-002
  7.4684413e-002
  7.9444601e-002
  8.0441966e-002
  7.7083678e-002
  6.8990221e-002
  5.6230157e-002
  3.9464684e-002
  1.9942929e-002
 -6.6103329e-004
 -2.0524742e-002
 -3.7984841e-002
 -5.1784527e-002
 -6.1194088e-002
 -6.5984897e-002
 -6.6289434e-002
 -6.2417302e-002
 -5.4705806e-002
 -4.3461142e-002
 -2.9002396e-002
 -1.1773763e-002
  7.5402843e-003
  2.7964221e-002
  4.8285480e-002
  6.7208981e-002
  8.3564243e-002
  9.6492692e-002
  1.0554784e-001
  1.1067393e-001
  1.1207609e-001
  1.1003823e-001
  1.0476600e-001
  9.6322912e-002
  8.4690986e-002
  6.9937309e-002
  5.2422906e-002
  3.2967646e-002
  1.2892844e-002
 -6.1000306e-003
 -2.2202559e-002
 -3.3859543e-002
 -4.0116568e-002
 -4.0851130e-002
 -3.6812494e-002
 -2.9449934e-002
 -2.0572665e-002
 -1.1937334e-002
 -4.8826697e-003
 -1.1662053e-004
  2.2876210e-003
  2.6985911e-003
  1.6131370e-003
 -6.6193602e-004
 -4.2186364e-003
 -9.5730411e-003
 -1.7498995e-002
 -2.8729989e-002
 -4.3634761e-002
 -6.1980521e-002
 -8.2866990e-002
 -1.0485672e-001
 -1.2626340e-001
 -1.4551136e-001
 -1.6146111e-001
 -1.7361055e-001
 -1.8212214e-001
 -1.8767768e-001
 -1.9120850e-001
 -1.9357776e-001
 -1.9529785e-001
 -1.9635187e-001
 -1.9616007e-001
 -1.9369881e-001
 -1.8774837e-001
 -1.7722153e-001
 -1.6150915e-001
 -1.4077356e-001
 -1.1612400e-001
 -8.9621968e-002
 -6.4087727e-002
 -4.2711868e-002
 -2.8515082e-002
 -2.3739525e-002
 -2.9287573e-002
 -4.4337865e-002
 -6.6254989e-002
 -9.0863329e-002
 -1.1308161e-001
 -1.2782669e-001
 -1.3101568e-001
 -1.2044953e-001
 -9.6367727e-002
 -6.1526797e-002
 -2.0763044e-002
  1.9878317e-002
  5.4262751e-002
  7.7296403e-002
  8.5836090e-002
  7.9210671e-002
  5.9277636e-002
  3.0033119e-002
 -3.1323679e-003
 -3.4395469e-002
 -5.8522918e-002
 -7.1797759e-002
 -7.2699348e-002
 -6.2209398e-002
 -4.3659900e-002
 -2.2110970e-002
 -3.3432912e-003
  7.3491897e-003
  6.3070904e-003
 -7.6792831e-003
 -3.3097990e-002
 -6.6065877e-002
 -1.0121570e-001
 -1.3288694e-001
 -1.5630663e-001
 -1.6846004e-001
 -1.6845500e-001
 -1.5734169e-001
 -1.3750856e-001
 -1.1188324e-001
 -8.3193659e-002
 -5.3488430e-002
 -2.4004135e-002
  4.6562547e-003
  3.2163673e-002
  5.8089627e-002
  8.1664845e-002
  1.0174990e-001
  1.1701635e-001
  1.2626760e-001
  1.2879060e-001
  1.2462814e-001
  1.1469104e-001
  1.0067679e-001
  8.4811001e-002
  6.9468867e-002
  5.6758873e-002
  4.8157285e-002
  4.4270829e-002
  4.4778716e-002
  4.8568303e-002
  5.4037090e-002
  5.9495531e-002
  6.3579273e-002
  6.5573770e-002
  6.5572661e-002
  6.4431236e-002
  6.3528344e-002
  6.4400073e-002
  6.8341646e-002
  7.6079951e-002
  8.7595788e-002
  1.0212953e-001
  1.1835076e-001
  1.3462873e-001
  1.4931983e-001
  1.6099654e-001
  1.6857567e-001
  1.7134821e-001
  1.6895158e-001
  1.6134117e-001
  1.4880488e-001
  1.3202535e-001
  1.1214836e-001
  9.0782490e-002
  6.9856274e-002
  5.1300821e-002
  3.6597735e-002
  2.6308480e-002
  1.9747849e-002
  1.4954754e-002
  9.0402994e-003
 -1.1260191e-003
 -1.8056958e-002
 -4.2865103e-002
 -7.4814437e-002
 -1.1137997e-001
 -1.4883750e-001
 -1.8323261e-001
 -2.1144376e-001
 -2.3200794e-001
 -2.4544039e-001
 -2.5393467e-001
 -2.6052837e-001
 -2.6799560e-001
 -2.7782148e-001
 -2.8959341e-001
 -3.0101387e-001
 -3.0854250e-001
 -3.0847489e-001
 -2.9812767e-001
 -2.7676711e-001
 -2.4600157e-001
 -2.0952652e-001
 -1.7230919e-001
 -1.3946320e-001
 -1.1514128e-001
 -1.0174622e-001
 -9.9641582e-002
 -1.0737971e-001
 -1.2231220e-001
 -1.4135573e-001
 -1.6167802e-001
 -1.8113740e-001
 -1.9842082e-001
 -2.1293441e-001
 -2.2456858e-001
 -2.3346776e-001
 -2.3989004e-001
 -2.4417092e-001
 -2.4674239e-001
 -2.4813201e-001
 -2.4888457e-001
 -2.4940123e-001
 -2.4975059e-001
 -2.4954299e-001
 -2.4795433e-001
 -2.4393559e-001
 -2.3656844e-001
 -2.2545527e-001
 -2.1099654e-001
 -1.9442714e-001
 -1.7755774e-001
 -1.6227243e-001
 -1.4993408e-001
 -1.4090522e-001
 -1.3437731e-001
 -1.2861208e-001
 -1.2155971e-001
 -1.1167357e-001
 -9.8644485e-002
 -8.3769369e-002
 -6.9764638e-002
 -6.0012318e-002
 -5.7431062e-002
 -6.3324947e-002
 -7.6615870e-002
 -9.3779181e-002
 -1.0959240e-001
 -1.1853613e-001
 -1.1644533e-001
 -1.0188723e-001
 -7.6791836e-002
 -4.6078919e-002
 -1.6344627e-002
  6.0129054e-003
  1.6648039e-002
  1.4508279e-002
  2.0537964e-003
 -1.5624368e-002
 -3.2509101e-002
 -4.3638051e-002
 -4.6725466e-002
 -4.2910930e-002
 -3.6408014e-002
 -3.3180465e-002
 -3.9077100e-002
 -5.8011363e-002
 -9.0733820e-002
 -1.3453855e-001
 -1.8394492e-001
 -2.3210739e-001
 -2.7251698e-001
 -3.0051803e-001
 -3.1426520e-001
 -3.1493826e-001
 -3.0624394e-001
 -2.9340046e-001
 -2.8188540e-001
 -2.7623049e-001
 -2.7909002e-001
 -2.9072827e-001
 -3.0898911e-001
 -3.2974015e-001
 -3.4772063e-001
 -3.5766072e-001
 -3.5548064e-001
 -3.3933290e-001
 -3.1024186e-001
 -2.7214322e-001
 -2.3123831e-001
 -1.9473990e-001
 -1.6925886e-001
 -1.5921131e-001
 -1.6566523e-001
 -1.8596535e-001
 -2.1428570e-001
 -2.4300617e-001
 -2.6456854e-001
 -2.7331519e-001
 -2.6680583e-001
 -2.4625327e-001
 -2.1597858e-001
 -1.8207734e-001
 -1.5071916e-001
 -1.2659718e-001
 -1.1197316e-001
 -1.0655355e-001
 -1.0815494e-001
 -1.1386799e-001
 -1.2128758e-001
 -1.2938692e-001
 -1.3876255e-001
 -1.5120883e-001
 -1.6881105e-001
 -1.9289997e-001
 -2.2323936e-001
 -2.5772321e-001
 -2.9267916e-001
 -3.2367638e-001
 -3.4658448e-001
 -3.5856822e-001
 -3.5874149e-001
 -3.4831973e-001
 -3.3025849e-001
 -3.0850066e-001
 -2.8704082e-001
 -2.6903805e-001
 -2.5617523e-001
 -2.4839038e-001
 -2.4401839e-001
 -2.4029518e-001
 -2.3410493e-001
 -2.2280237e-001
 -2.0492257e-001
 -1.8060832e-001
 -1.5164232e-001
 -1.2106254e-001
 -9.2447444e-002
 -6.9053051e-002
 -5.3034846e-002
 -4.4972204e-002
 -4.3827947e-002
 -4.7344929e-002
 -5.2746575e-002
 -5.7516115e-002
 -6.0012992e-002
 -5.9750497e-002
 -5.7281901e-002
 -5.3777247e-002
 -5.0470717e-002
 -4.8185348e-002
 -4.7092725e-002
 -4.6763426e-002
 -4.6451362e-002
 -4.5474392e-002
 -4.3531870e-002
 -4.0839687e-002
 -3.8044295e-002
 -3.5965139e-002
 -3.5277210e-002
 -3.6261683e-002
 -3.8721045e-002
 -4.2090356e-002
 -4.5702491e-002
 -4.9107496e-002
 -5.2322935e-002
 -5.5910626e-002
 -6.0830458e-002
 -6.8097892e-002
 -7.8345332e-002
 -9.1434293e-002
 -1.0626665e-001
 -1.2089336e-001
 -1.3292862e-001
 -1.4017329e-001
 -1.4126836e-001
 -1.3616952e-001
 -1.2627320e-001
 -1.1412549e-001
 -1.0277658e-001
 -9.4961428e-002
 -9.2349151e-002
 -9.5087548e-002
 -1.0177752e-001
 -1.0987731e-001
 -1.1640362e-001
 -1.1871034e-001
 -1.1511393e-001
 -1.0519758e-001
 -8.9740400e-002
 -7.0341923e-002
 -4.8903932e-002
 -2.7161226e-002
 -6.4130501e-003
  1.2485405e-002
  2.8921401e-002
  4.2248119e-002
  5.1596741e-002
  5.5900547e-002
  5.4160107e-002
  4.5865933e-002
  3.1408668e-002
  1.2283863e-002
 -9.0471518e-003
 -2.9661681e-002
 -4.6926941e-002
 -5.9268330e-002
 -6.6686007e-002
 -7.0805446e-002
 -7.4384291e-002
 -8.0376157e-002
 -9.0814543e-002
 -1.0587068e-001
 -1.2342160e-001
 -1.3933516e-001
 -1.4846943e-001
 -1.4615317e-001
 -1.2973518e-001
 -9.9722096e-002
 -6.0101744e-002
 -1.7661568e-002
  1.9594169e-002
  4.4533404e-002
  5.2902872e-002
  4.4639818e-002
  2.4046704e-002
 -1.2875126e-003
 -2.2550596e-002
 -3.2165624e-002
 -2.5912984e-002
 -4.0756514e-003
  2.8728534e-002
  6.4947372e-002
  9.6260970e-002
  1.1582566e-001
  1.1992246e-001
  1.0857829e-001
  8.5097834e-002
  5.4801646e-002
  2.3484187e-002
 -3.8847926e-003
 -2.3873055e-002
 -3.4652834e-002
 -3.5623163e-002
 -2.6925554e-002
 -9.1595278e-003
  1.6564932e-002
  4.8321366e-002
  8.3058230e-002
  1.1657735e-001
  1.4398191e-001
  1.6057086e-001
  1.6294210e-001
  1.4993786e-001
  1.2307944e-001
  8.6295121e-002
  4.4985098e-002
  4.6981945e-003
 -3.0170354e-002
 -5.7263245e-002
 -7.6481861e-002
 -8.9528259e-002
 -9.8976561e-002
 -1.0721871e-001
 -1.1563747e-001
 -1.2424646e-001
 -1.3185438e-001
 -1.3663028e-001
 -1.3683196e-001
 -1.3144154e-001
 -1.2052386e-001
 -1.0524331e-001
 -8.7592834e-002
 -6.9962387e-002
 -5.4687228e-002
 -4.3678383e-002
 -3.8178404e-002
 -3.8635424e-002
 -4.4667869e-002
 -5.5101739e-002
 -6.8086598e-002
 -8.1312960e-002
 -9.2345348e-002
 -9.9049132e-002
 -1.0003864e-001
 -9.5033313e-002
 -8.5002051e-002
 -7.2015923e-002
 -5.8810156e-002
 -4.8152595e-002
 -4.2192428e-002
 -4.1987286e-002
 -4.7362968e-002
 -5.7156866e-002
 -6.9766531e-002
 -8.3814710e-002
 -9.8693814e-002
 -1.1478791e-001
 -1.3328042e-001
 -1.5560377e-001
 -1.8271986e-001
 -2.1448923e-001
 -2.4936403e-001
 -2.8453303e-001
 -3.1649174e-001
 -3.4186301e-001
 -3.5820526e-001
 -3.6454870e-001
 -3.6149309e-001
 -3.5085085e-001
 -3.3497423e-001
 -3.1600913e-001
 -2.9533653e-001
 -2.7338822e-001
 -2.4988433e-001
 -2.2438629e-001
 -1.9694357e-001
 -1.6857813e-001
 -1.4140609e-001
 -1.1832285e-001
 -1.0232950e-001
 -9.5702646e-002
 -9.9265709e-002
 -1.1199064e-001
 -1.3105769e-001
 -1.5236393e-001
 -1.7134279e-001
 -1.8387652e-001
 -1.8707081e-001
 -1.7971340e-001
 -1.6233468e-001
 -1.3689572e-001
 -1.0621710e-001
 -7.3309763e-002
 -4.0769985e-002
 -1.0363025e-002
  1.7140021e-002
  4.1871538e-002
  6.4575216e-002
  8.6199183e-002
  1.0747568e-001
  1.2858500e-001
  1.4898213e-001
  1.6743122e-001
  1.8224746e-001
  1.9169407e-001
  1.9443541e-001
  1.8992014e-001
  1.7857573e-001
  1.6174128e-001
  1.4134259e-001
  1.1939747e-001
  9.7502284e-002
  7.6466186e-002
  5.6216538e-002
  3.6009594e-002
  1.4873409e-002
 -7.8745267e-003
 -3.2221669e-002
 -5.7313984e-002
 -8.1620433e-002
 -1.0334470e-001
 -1.2092982e-001
 -1.3347180e-001
 -1.4090164e-001
 -1.4389313e-001
 -1.4356535e-001
 -1.4112520e-001
 -1.3760504e-001
 -1.3378913e-001
 -1.3031940e-001
 -1.2787548e-001
 -1.2728159e-001
 -1.2942744e-001
 -1.3498797e-001
 -1.4404370e-001
 -1.5578281e-001
 -1.6846638e-001
 -1.7975027e-001
 -1.8731466e-001
 -1.8961250e-001
 -1.8647360e-001
 -1.7932769e-001
 -1.7093151e-001
 -1.6465837e-001
 -1.6356554e-001
 -1.6953533e-001
 -1.8275966e-001
 -2.0171646e-001
 -2.2361822e-001
 -2.4516112e-001
 -2.6332280e-001
 -2.7597074e-001
 -2.8213779e-001
 -2.8195401e-001
 -2.7633931e-001
 -2.6662001e-001
 -2.5421788e-001
 -2.4049087e-001
 -2.2671667e-001
 -2.1414361e-001
 -2.0401484e-001
 -1.9750071e-001
 -1.9553294e-001
 -1.9859003e-001
 -2.0651305e-001
 -2.1842385e-001
 -2.3278358e-001
 -2.4758662e-001
 -2.6065222e-001
 -2.6996182e-001
 -2.7399099e-001
 -2.7198984e-001
 -2.6416667e-001
 -2.5172705e-001
 -2.3672394e-001
 -2.2169847e-001
 -2.0914076e-001
 -2.0086876e-001
 -1.9748463e-001
 -1.9809265e-001
 -2.0042303e-001
 -2.0140149e-001
 -1.9805757e-001
 -1.8852625e-001
 -1.7282243e-001
 -1.5309668e-001
 -1.3321966e-001
 -1.1775540e-001
 -1.1060080e-001
 -1.1371199e-001
 -1.2634756e-001
 -1.4511938e-001
 -1.6489013e-001
 -1.8027551e-001
 -1.8729298e-001
 -1.8462888e-001
 -1.7410148e-001
 -1.6014895e-001
 -1.4848704e-001
 -1.4435254e-001
 -1.5088427e-001
 -1.6814663e-001
 -1.9308898e-001
 -2.2043285e-001
 -2.4419007e-001
 -2.5933336e-001
 -2.6312143e-001
 -2.5571716e-001
 -2.3997623e-001
 -2.2053818e-001
 -2.0254016e-001
 -1.9034449e-001
 -1.8661635e-001
 -1.9194285e-001
 -2.0500715e-001
 -2.2318179e-001
 -2.4332284e-001
 -2.6254128e-001
 -2.7878281e-001
 -2.9113065e-001
 -2.9982434e-001
 -3.0604401e-001
 -3.1153739e-001
 -3.1817579e-001
 -3.2752383e-001
 -3.4050215e-001
 -3.5721018e-001
 -3.7695075e-001
 -3.9845717e-001
 -4.2027005e-001
 -4.4116177e-001
 -4.6047938e-001
 -4.7828903e-001
 -4.9526033e-001
 -5.1231369e-001
 -5.3014158e-001
 -5.4877177e-001
 -5.6734286e-001
 -5.8420078e-001
 -5.9731703e-001
 -6.0490987e-001
 -6.0606311e-001
 -6.0111856e-001
 -5.9168143e-001
 -5.8020547e-001
 -5.6927399e-001
 -5.6080975e-001
 -5.5548603e-001
 -5.5255199e-001
 -5.5014755e-001
 -5.4601053e-001
 -5.3833686e-001
 -5.2649452e-001
 -5.1133794e-001
 -4.9500675e-001
 -4.8027218e-001
 -4.6965172e-001
 -4.6459156e-001
 -4.6498968e-001
 -4.6921236e-001
 -4.7458673e-001
 -4.7819423e-001
 -4.7769887e-001
 -4.7194878e-001
 -4.6118349e-001
 -4.4682384e-001
 -4.3096221e-001
 -4.1575715e-001
 -4.0294109e-001
 -3.9357807e-001
 -3.8809369e-001
 -3.8649089e-001
 -3.8860493e-001
 -3.9426118e-001
 -4.0326923e-001
 -4.1528273e-001
 -4.2963021e-001
 -4.4524411e-001
 -4.6077157e-001
 -4.7486155e-001
 -4.8652883e-001
 -4.9544116e-001
 -5.0198906e-001
 -5.0707822e-001
 -5.1170059e-001
 -5.1644365e-001
 -5.2114137e-001
 -5.2483180e-001
 -5.2607438e-001
 -5.2353690e-001
 -5.1664347e-001
 -5.0603104e-001
 -4.9361439e-001
 -4.8219214e-001
 -4.7469180e-001
 -4.7328613e-001
 -4.7866664e-001
 -4.8971083e-001
 -5.0364868e-001
 -5.1667073e-001
 -5.2478697e-001
 -5.2468908e-001
 -5.1440140e-001
 -4.9360594e-001
 -4.6364439e-001
 -4.2728645e-001
 -3.8837683e-001
 -3.5143774e-001
 -3.2123927e-001
 -3.0230276e-001
 -2.9830484e-001
 -3.1140920e-001
 -3.4164232e-001
 -3.8650185e-001
 -4.4099523e-001
 -4.9822963e-001
 -5.5052536e-001
 -5.9085231e-001
 -6.1425571e-001
 -6.1889850e-001
 -6.0642612e-001
 -5.8153450e-001
 -5.5084047e-001
 -5.2134349e-001
 -4.9886999e-001
 -4.8687842e-001
 -4.8588540e-001
 -4.9359589e-001
 -5.0564065e-001
 -5.1669319e-001
 -5.2168380e-001
 -5.1684948e-001
 -5.0043321e-001
 -4.7294316e-001
 -4.3697417e-001
 -3.9666564e-001
 -3.5691814e-001
 -3.2251786e-001
 -2.9732615e-001
 -2.8367843e-001
 -2.8209825e-001
 -2.9136862e-001
 -3.0892323e-001
 -3.3144489e-001
 -3.5551122e-001
 -3.7812792e-001
 -3.9703927e-001
 -4.1078893e-001
 -4.1858994e-001
 -4.2011927e-001
 -4.1535759e-001
 -4.0454954e-001
 -3.8828471e-001
 -3.6762762e-001
 -3.4418885e-001
 -3.2004387e-001
 -2.9746634e-001
 -2.7852228e-001
 -2.6463771e-001
 -2.5627618e-001
 -2.5283475e-001
 -2.5279756e-001
 -2.5410396e-001
 -2.5462341e-001
 -2.5260699e-001
 -2.4700893e-001
 -2.3762743e-001
 -2.2507654e-001
 -2.1064376e-001
 -1.9609667e-001
 -1.8347902e-001
 -1.7490013e-001
 -1.7229483e-001
 -1.7713346e-001
 -1.9009574e-001
 -2.1077346e-001
 -2.3750848e-001
 -2.6747551e-001
 -2.9707026e-001
 -3.2257002e-001
 -3.4092670e-001
 -3.5047472e-001
 -3.5132600e-001
 -3.4529772e-001
 -3.3535851e-001
 -3.2474033e-001
 -3.1598624e-001
 -3.1023919e-001
 -3.0700427e-001
 -3.0445865e-001
 -3.0019556e-001
 -2.9214137e-001
 -2.7933425e-001
 -2.6231627e-001
 -2.4304208e-001
 -2.2438373e-001
 -2.0944223e-001
 -2.0091323e-001
 -2.0068883e-001
 -2.0974755e-001
 -2.2825240e-001
 -2.5570482e-001
 -2.9101817e-001
 -3.3246574e-001
 -3.7757404e-001
 -4.2310865e-001
 -4.6529579e-001
 -5.0033069e-001
 -5.2508586e-001
 -5.3781027e-001
 -5.3856679e-001
 -5.2921660e-001
 -5.1290942e-001
 -4.9321952e-001
 -4.7320644e-001
 -4.5471810e-001
 -4.3817276e-001
 -4.2288365e-001
 -4.0779013e-001
 -3.9230752e-001
 -3.7696117e-001
 -3.6354700e-001
 -3.5473116e-001
 -3.5320511e-001
 -3.6067537e-001
 -3.7703467e-001
 -4.0001150e-001
 -4.2544910e-001
 -4.4817308e-001
 -4.6323132e-001
 -4.6718200e-001
 -4.5908900e-001
 -4.4095633e-001
 -4.1746460e-001
 -3.9503039e-001
 -3.8035934e-001
 -3.7878371e-001
 -3.9274895e-001
 -4.2082728e-001
 -4.5757477e-001
 -4.9440297e-001
 -5.2141193e-001
 -5.2986375e-001
 -5.1472920e-001
 -4.7660064e-001
 -4.2230918e-001
 -3.6384721e-001
 -3.1564367e-001
 -2.9075640e-001
 -2.9697177e-001
 -3.3397329e-001
 -3.9255953e-001
 -4.5636612e-001
 -5.0581219e-001
 -5.2327269e-001
 -4.9801994e-001
 -4.2945851e-001
 -3.2763471e-001
 -2.1081163e-001
 -1.0080486e-001
 -1.7471457e-002
  2.6006462e-002
  2.5691098e-002
 -1.3311603e-002
 -7.9530515e-002
 -1.5921218e-001
 -2.4035427e-001
 -3.1537719e-001
 -3.8171355e-001
 -4.4040585e-001
 -4.9352973e-001
 -5.4163948e-001
 -5.8234041e-001
 -6.1058278e-001
 -6.2055132e-001
 -6.0837297e-001
 -5.7452679e-001
 -5.2493517e-001
 -4.7019815e-001
 -4.2311524e-001
 -3.9526463e-001
 -3.9375083e-001
 -4.1917366e-001
 -4.6544865e-001
 -5.2148565e-001
 -5.7413711e-001
 -6.1146461e-001
 -6.2535088e-001
 -6.1278656e-001
 -5.7565534e-001
 -5.1934007e-001
 -4.5080428e-001
 -3.7686773e-001
 -3.0319642e-001
 -2.3416309e-001
 -1.7335207e-001
 -1.2422759e-001
 -9.0447374e-002
 -7.5490755e-002
 -8.1606711e-002
 -1.0844107e-001
 -1.5193396e-001
 -2.0408866e-001
 -2.5397794e-001
 -2.8994089e-001
 -3.0246759e-001
 -2.8693698e-001
 -2.4529953e-001
 -1.8603618e-001
 -1.2222631e-001
 -6.8167172e-002
 -3.5500983e-002
 -3.0033294e-002
 -5.0266027e-002
 -8.8149451e-002
 -1.3184052e-001
 -1.6958256e-001
 -1.9343268e-001
 -2.0160553e-001
 -1.9867192e-001
 -1.9358838e-001
 -1.9627918e-001
 -2.1397911e-001
 -2.4860213e-001
 -2.9601166e-001
 -3.4738264e-001
 -3.9211600e-001
 -4.2125366e-001
 -4.3022055e-001
 -4.2001223e-001
 -3.9652651e-001
 -3.6838293e-001
 -3.4405531e-001
 -3.2930577e-001
 -3.2572428e-001
 -3.3074141e-001
 -3.3896567e-001
 -3.4428319e-001
 -3.4197190e-001
 -3.3015957e-001
 -3.1023792e-001
 -2.8621628e-001
 -2.6333001e-001
 -2.4641204e-001
 -2.3854958e-001
 -2.4040234e-001
 -2.5031619e-001
 -2.6511060e-001
 -2.8122551e-001
 -2.9583163e-001
 -3.0755143e-001
 -3.1658482e-001
 -3.2423530e-001
 -3.3202889e-001
 -3.4075175e-001
 -3.4976381e-001
 -3.5686303e-001
 -3.5880201e-001
 -3.5234322e-001
 -3.3554881e-001
 -3.0889434e-001
 -2.7581315e-001
 -2.4241917e-001
 -2.1638606e-001
 -2.0521186e-001
 -2.1429841e-001
 -2.4535978e-001
 -2.9561747e-001
 -3.5805325e-001
 -4.2272252e-001
 -4.7885407e-001
 -5.1724904e-001
 -5.3239851e-001
 -5.2379192e-001
 -4.9607531e-001
 -4.5799776e-001
 -4.2038869e-001
 -3.9366294e-001
 -3.8548592e-001
 -3.9920361e-001
 -4.3344585e-001
 -4.8298714e-001
 -5.4058089e-001
 -5.9918022e-001
 -6.5382380e-001
 -7.0256142e-001
 -7.4611102e-001
 -7.8638765e-001
 -8.2447731e-001
 -8.5888380e-001
 -8.8484260e-001
 -8.9515551e-001
 -8.8245291e-001
 -8.4222252e-001
 -7.7556535e-001
 -6.9060780e-001
 -6.0185042e-001
 -5.2736923e-001
 -4.8449706e-001
 -4.8515695e-001
 -5.3221034e-001
 -6.1794798e-001
 -7.2526498e-001
 -8.3130734e-001
 -9.1268788e-001
 -9.5094369e-001
 -9.3685611e-001
 -8.7257040e-001
 -7.7103084e-001
 -6.5292158e-001
 -5.4190061e-001
 -4.5929486e-001
 -4.1951070e-001
 -4.2720123e-001
 -4.7677894e-001
 -5.5428340e-001
 -6.4104677e-001
 -7.1818552e-001
 -7.7078704e-001
 -7.9079521e-001
 -7.7799027e-001
 -7.3899332e-001
 -6.8475060e-001
 -6.2731760e-001
 -5.7686999e-001
 -5.3970073e-001
 -5.1759237e-001
 -5.0850905e-001
 -5.0817825e-001
 -5.1193639e-001
 -5.1623507e-001
 -5.1941165e-001
 -5.2162840e-001
 -5.2416868e-001
 -5.2845821e-001
 -5.3521045e-001
 -5.4399130e-001
 -5.5331255e-001
 -5.6116865e-001
 -5.6579084e-001
 -5.6634268e-001
 -5.6332437e-001
 -5.5856443e-001
 -5.5481349e-001
 -5.5507418e-001
 -5.6186981e-001
 -5.7665834e-001
 -5.9954077e-001
 -6.2931632e-001
 -6.6383055e-001
 -7.0048116e-001
 -7.3671373e-001
 -7.7036634e-001
 -7.9979614e-001
 -8.2381549e-001
 -8.4154178e-001
 -8.5229308e-001
 -8.5562715e-001
 -8.5153784e-001
 -8.4072404e-001
 -8.2477904e-001
 -8.0614574e-001
 -7.8775694e-001
 -7.7240519e-001
 -7.6201555e-001
 -7.5706935e-001
 -7.5640976e-001
 -7.5754486e-001
 -7.5738924e-001
 -7.5321464e-001
 -7.4348437e-001
 -7.2826883e-001
 -7.0908165e-001
 -6.8818929e-001
 -6.6765362e-001
 -6.4848441e-001
 -6.3025710e-001
 -6.1138913e-001
 -5.9002021e-001
 -5.6519622e-001
 -5.3790550e-001
 -5.1152180e-001
 -4.9137753e-001
 -4.8347364e-001
 -4.9263708e-001
 -5.2066118e-001
 -5.6503058e-001
 -6.1871205e-001
 -6.7121503e-001
 -7.1076786e-001
 -7.2712001e-001
 -7.1426238e-001
 -6.7232351e-001
 -6.0806590e-001
 -5.3374038e-001
 -4.6447758e-001
 -4.1480039e-001
 -3.9511807e-001
 -4.0912900e-001
 -4.5287479e-001
 -5.1578172e-001
 -5.8349018e-001
 -6.4175062e-001
 -6.8031230e-001
 -6.9567293e-001
 -6.9183724e-001
 -6.7879486e-001
 -6.6911834e-001
 -6.7368859e-001
 -6.9787704e-001
 -7.3942456e-001
 -7.8876244e-001
 -8.3175803e-001
 -8.5407830e-001
 -8.4580832e-001
 -8.0483542e-001
 -7.3787184e-001
 -6.5873359e-001
 -5.8438150e-001
 -5.2996685e-001
 -5.0445760e-001
 -5.0823421e-001
 -5.3339591e-001
 -5.6662596e-001
 -5.9363048e-001
 -6.0367162e-001
 -5.9272554e-001
 -5.6429723e-001
 -5.2773782e-001
 -4.9475023e-001
 -4.7534846e-001
 -4.7466284e-001
 -4.9162814e-001
 -5.1989083e-001
 -5.5047987e-001
 -5.7518107e-001
 -5.8934677e-001
 -5.9312417e-001
 -5.9070193e-001
 -5.8793002e-001
 -5.8929011e-001
 -5.9545627e-001
 -6.0248714e-001
 -6.0309206e-001
 -5.8962151e-001
 -5.5773004e-001
 -5.0930982e-001
 -4.5344397e-001
 -4.0475535e-001
 -3.7943047e-001
 -3.9006884e-001
 -4.4103038e-001
 -5.2591802e-001
 -6.2822141e-001
 -7.2514614e-001
 -7.9359455e-001
 -8.1651457e-001
 -7.8765924e-001
 -7.1327330e-001
 -6.1019052e-001
 -5.0096067e-001
 -4.0754783e-001
 -3.4554618e-001
 -3.2062598e-001
 -3.2814762e-001
 -3.5584195e-001
 -3.8850229e-001
 -4.1307311e-001
 -4.2251127e-001
 -4.1730610e-001
 -4.0437593e-001
 -3.9392101e-001
 -3.9542783e-001
 -4.1420593e-001
 -4.4956677e-001
 -4.9514142e-001
 -5.4109869e-001
 -5.7741254e-001
 -5.9702650e-001
 -5.9785685e-001
 -5.8301533e-001
 -5.5925937e-001
 -5.3428116e-001
 -5.1382637e-001
 -4.9966963e-001
 -4.8915897e-001
 -4.7648648e-001
 -4.5523515e-001
 -4.2129788e-001
 -3.7511910e-001
 -3.2242211e-001
 -2.7308812e-001
 -2.3847682e-001
 -2.2801470e-001
 -2.4614355e-001
 -2.9062895e-001
 -3.5280526e-001
 -4.1972154e-001
 -4.7755310e-001
 -5.1525253e-001
 -5.2735522e-001
 -5.1513999e-001
 -4.8587451e-001
 -4.5047048e-001
 -4.2033972e-001
 -4.0443584e-001
 -4.0733413e-001
 -4.2880465e-001
 -4.6481247e-001
 -5.0941650e-001
 -5.5678722e-001
 -6.0260345e-001
 -6.4439300e-001
 -6.8083723e-001
 -7.1049397e-001
 -7.3064635e-001
 -7.3695660e-001
 -7.2429544e-001
 -6.8863362e-001
 -6.2939651e-001
 -5.5138155e-001
 -4.6535081e-001
 -3.8676217e-001
 -3.3269445e-001
 -3.1766343e-001
 -3.4949224e-001
 -4.2651480e-001
 -5.3708769e-001
 -6.6174021e-001
 -7.7750203e-001
 -8.6326822e-001
 -9.0472038e-001
 -8.9743867e-001
 -8.4738052e-001
 -7.6869274e-001
 -6.7960678e-001
 -5.9769042e-001
 -5.3583425e-001
 -5.0002323e-001
 -4.8931179e-001
 -4.9771101e-001
 -5.1714278e-001
 -5.4038753e-001
 -5.6309311e-001
 -5.8434015e-001
 -6.0580207e-001
 -6.3000226e-001
 -6.5841202e-001
 -6.9009735e-001
 -7.2135980e-001
 -7.4644436e-001
 -7.5904354e-001
 -7.5411525e-001
 -7.2949269e-001
 -6.8687173e-001
 -6.3194880e-001
 -5.7368022e-001
 -5.2279663e-001
 -4.8982304e-001
 -4.8293733e-001
 -5.0605785e-001
 -5.5757506e-001
 -6.3009913e-001
 -7.1145002e-001
 -7.8685758e-001
 -8.4200777e-001
 -8.6626158e-001
 -8.5520686e-001
 -8.1177731e-001
 -7.4551339e-001
 -6.7006993e-001
 -5.9963035e-001
 -5.4527065e-001
 -5.1237140e-001
 -4.9985801e-001
 -5.0145052e-001
 -5.0842960e-001
 -5.1291766e-001
 -5.1052306e-001
 -5.0145900e-001
 -4.8983061e-001
 -4.8146587e-001
 -4.8119187e-001
 -4.9063360e-001
 -5.0737756e-001
 -5.2579607e-001
 -5.3918398e-001
 -5.4236545e-001
 -5.3376727e-001
 -5.1617785e-001
 -4.9592117e-001
 -4.8076960e-001
 -4.7737335e-001
 -4.8913167e-001
 -5.1523308e-001
 -5.5113615e-001
 -5.9023334e-001
 -6.2603518e-001
 -6.5407399e-001
 -6.7288965e-001
 -6.8384385e-001
 -6.8995884e-001
 -6.9431864e-001
 -6.9868672e-001
 -7.0285532e-001
 -7.0491768e-001
 -7.0228094e-001
 -6.9295850e-001
 -6.7659704e-001
 -6.5482590e-001
 -6.3080105e-001
 -6.0813667e-001
 -5.8964912e-001
 -5.7639776e-001
 -5.6738049e-001
 -5.5998603e-001
 -5.5102269e-001
 -5.3794000e-001
 -5.1980662e-001
 -4.9771441e-001
 -4.7449618e-001
 -4.5388617e-001
 -4.3943054e-001
 -4.3351189e-001
 -4.3677919e-001
 -4.4811103e-001
 -4.6505249e-001
 -4.8452295e-001
 -5.0353638e-001
 -5.1971689e-001
 -5.3150210e-001
 -5.3805979e-001
 -5.3904836e-001
 -5.3439547e-001
 -5.2424069e-001
 -5.0910013e-001
 -4.9019783e-001
 -4.6980803e-001
 -4.5140269e-001
 -4.3942197e-001
 -4.3858329e-001
 -4.5279723e-001
 -4.8392146e-001
 -5.3070431e-001
 -5.8829784e-001
 -6.4862575e-001
 -7.0168356e-001
 -7.3757397e-001
 -7.4881937e-001
 -7.3233674e-001
 -6.9047562e-001
 -6.3072768e-001
 -5.6407330e-001
 -5.0233671e-001
 -4.5524739e-001
 -4.2803927e-001
 -4.2029934e-001
 -4.2642813e-001
 -4.3759488e-001
 -4.4461166e-001
 -4.4086163e-001
 -4.2439545e-001
 -3.9856693e-001
 -3.7103384e-001
 -3.5145454e-001
 -3.4860415e-001
 -3.6779049e-001
 -4.0932643e-001
 -4.6845972e-001
 -5.3669812e-001
 -6.0404943e-001
 -6.6145608e-001
 -7.0270754e-001
 -7.2534393e-001
 -7.3042744e-001
 -7.2142461e-001
 -7.0269034e-001
 -6.7810221e-001
 -6.5026100e-001
 -6.2041486e-001
 -5.8898431e-001
 -5.5636185e-001
 -5.2359915e-001
 -4.9268225e-001
 -4.6628513e-001
 -4.4710508e-001
 -4.3703997e-001
 -4.3651577e-001
 -4.4420521e-001
 -4.5723122e-001
 -4.7178180e-001
 -4.8393892e-001
 -4.9048044e-001
 -4.8945475e-001
 -4.8042538e-001
 -4.6439096e-001
 -4.4346519e-001
 -4.2042932e-001
 -3.9825245e-001
 -3.7963574e-001
 -3.6660570e-001
 -3.6017602e-001
 -3.6011646e-001
 -3.6489192e-001
 -3.7183767e-001
 -3.7760184e-001
 -3.7881347e-001
 -3.7284799e-001
 -3.5849939e-001
 -3.3636214e-001
 -3.0879135e-001
 -2.7943103e-001
 -2.5243525e-001
 -2.3160519e-001
 -2.1968495e-001
 -2.1799162e-001
 -2.2642739e-001
 -2.4378512e-001
 -2.6817159e-001
 -2.9736776e-001
 -3.2902215e-001
 -3.6069084e-001
 -3.8983778e-001
 -4.1394072e-001
 -4.3079234e-001
 -4.3896805e-001
 -4.3830746e-001
 -4.3019261e-001
 -4.1744161e-001
 -4.0376827e-001
 -3.9293375e-001
 -3.8785766e-001
 -3.8999539e-001
 -3.9919861e-001
 -4.1408877e-001
 -4.3276591e-001
 -4.5353836e-001
 -4.7535602e-001
 -4.9776677e-001
 -5.2043602e-001
 -5.4247784e-001
 -5.6195024e-001
 -5.7581771e-001
 -5.8049853e-001
 -5.7286908e-001
 -5.5139353e-001
 -5.1696928e-001
 -4.7315646e-001
 -4.2566009e-001
 -3.8117867e-001
 -3.4593232e-001
 -3.2427301e-001
 -3.1774184e-001
 -3.2479913e-001
 -3.4126843e-001
 -3.6136133e-001
 -3.7902646e-001
 -3.8931123e-001
 -3.8943591e-001
 -3.7934428e-001
 -3.6160096e-001
 -3.4063815e-001
 -3.2149830e-001
 -3.0835205e-001
 -3.0315958e-001
 -3.0485625e-001
 -3.0935370e-001
 -3.1045798e-001
 -3.0155063e-001
 -2.7762540e-001
 -2.3710723e-001
 -1.8287310e-001
 -1.2207482e-001
 -6.4699287e-002
 -2.1196060e-002
  1.7426018e-004
 -4.5153273e-003
 -3.3883448e-002
 -8.1743019e-002
 -1.3891236e-001
 -1.9573305e-001
 -2.4446377e-001
 -2.8078639e-001
 -3.0400637e-001
 -3.1602838e-001
 -3.1964790e-001
 -3.1693758e-001
 -3.0842368e-001
 -2.9337506e-001
 -2.7101510e-001
 -2.4203234e-001
 -2.0959645e-001
 -1.7926514e-001
 -1.5762985e-001
 -1.5010846e-001
 -1.5871579e-001
 -1.8074254e-001
 -2.0899211e-001
 -2.3365953e-001
 -2.4530262e-001
 -2.3790283e-001
 -2.1092546e-001
 -1.6961176e-001
 -1.2335414e-001
 -8.2689622e-002
 -5.5940995e-002
 -4.6653147e-002
 -5.2674679e-002
 -6.7137822e-002
 -8.0920141e-002
 -8.5677968e-002
 -7.6397611e-002
 -5.2651407e-002
 -1.8260191e-002
  2.0356172e-002
  5.6432170e-002
  8.4878221e-002
  1.0342507e-001
  1.1265025e-001
  1.1508753e-001
  1.1392553e-001
  1.1186818e-001
  1.1056027e-001
  1.1067472e-001
  1.1245569e-001
  1.1633990e-001
  1.2329423e-001
  1.3468524e-001
  1.5174098e-001
  1.7486650e-001
  2.0314548e-001
  2.3428075e-001
  2.6503905e-001
  2.9205643e-001
  3.1271771e-001
  3.2580169e-001
  3.3168230e-001
  3.3204889e-001
  3.2928098e-001
  3.2572023e-001
  3.2308812e-001
