 -2.0303640e-001
 -2.1192503e-001
 -2.2578497e-001
 -2.4191387e-001
 -2.5795193e-001
 -2.7223156e-001
 -2.8381298e-001
 -2.9226535e-001
 -2.9734256e-001
 -2.9872932e-001
 -2.9598737e-001
 -2.8873552e-001
 -2.7698803e-001
 -2.6149782e-001
 -2.4393489e-001
 -2.2678150e-001
 -2.1292620e-001
 -2.0505018e-001
 -2.0498113e-001
 -2.1321231e-001
 -2.2873985e-001
 -2.4927563e-001
 -2.7177888e-001
 -2.9315539e-001
 -3.1092786e-001
 -3.2369704e-001
 -3.3128272e-001
 -3.3453219e-001
 -3.3487952e-001
 -3.3380438e-001
 -3.3235651e-001
 -3.3088016e-001
 -3.2900533e-001
 -3.2588991e-001
 -3.2062471e-001
 -3.1266880e-001
 -3.0217836e-001
 -2.9012572e-001
 -2.7816751e-001
 -2.6829474e-001
 -2.6236146e-001
 -2.6162650e-001
 -2.6644081e-001
 -2.7617170e-001
 -2.8938507e-001
 -3.0422857e-001
 -3.1889709e-001
 -3.3203812e-001
 -3.4297758e-001
 -3.5170901e-001
 -3.5867064e-001
 -3.6440588e-001
 -3.6923852e-001
 -3.7308199e-001
 -3.7544674e-001
 -3.7563428e-001
 -3.7303698e-001
 -3.6742715e-001
 -3.5912697e-001
 -3.4899871e-001
 -3.3826225e-001
 -3.2820708e-001
 -3.1989911e-001
 -3.1397615e-001
 -3.1058719e-001
 -3.0947492e-001
 -3.1015136e-001
 -3.1208936e-001
 -3.1485686e-001
 -3.1815195e-001
 -3.2174020e-001
 -3.2533631e-001
 -3.2849403e-001
 -3.3056607e-001
 -3.3076981e-001
 -3.2835603e-001
 -3.2283710e-001
 -3.1420263e-001
 -3.0304290e-001
 -2.9051752e-001
 -2.7814683e-001
 -2.6745655e-001
 -2.5955786e-001
 -2.5477866e-001
 -2.5246286e-001
 -2.5101791e-001
 -2.4822385e-001
 -2.4173845e-001
 -2.2966898e-001
 -2.1105507e-001
 -1.8612955e-001
 -1.5628925e-001
 -1.2379298e-001
 -9.1279440e-002
 -6.1240450e-002
 -3.5582556e-002
 -1.5370291e-002
 -7.8566082e-004
  8.7178963e-003
  1.4127320e-002
  1.6524064e-002
  1.6756134e-002
  1.5193235e-002
  1.1615665e-002
  5.2680880e-003
 -4.9189504e-003
 -1.9975612e-002
 -4.0486717e-002
 -6.6246006e-002
 -9.6089768e-002
 -1.2799443e-001
 -1.5944905e-001
 -1.8801998e-001
 -2.1194343e-001
 -2.3054833e-001
 -2.4434671e-001
 -2.5473084e-001
 -2.6335505e-001
 -2.7140612e-001
 -2.7903027e-001
 -2.8515373e-001
 -2.8780924e-001
 -2.8489949e-001
 -2.7515458e-001
 -2.5893976e-001
 -2.3858894e-001
 -2.1808175e-001
 -2.0210468e-001
 -1.9476327e-001
 -1.9835745e-001
 -2.1263792e-001
 -2.3481600e-001
 -2.6035130e-001
 -2.8427517e-001
 -3.0262093e-001
 -3.1349229e-001
 -3.1742472e-001
 -3.1693700e-001
 -3.1544419e-001
 -3.1591249e-001
 -3.1970909e-001
 -3.2601635e-001
 -3.3197603e-001
 -3.3348346e-001
 -3.2635056e-001
 -3.0746667e-001
 -2.7562636e-001
 -2.3183586e-001
 -1.7909179e-001
 -1.2177731e-001
 -6.4895648e-002
 -1.3345654e-002
  2.8633583e-002
  5.7817804e-002
  7.2189671e-002
  7.1024875e-002
  5.4904718e-002
  2.5645967e-002
 -1.3887694e-002
 -6.0118650e-002
 -1.0921372e-001
 -1.5758987e-001
 -2.0234789e-001
 -2.4151779e-001
 -2.7405344e-001
 -2.9960285e-001
 -3.1816716e-001
 -3.2980689e-001
 -3.3453256e-001
 -3.3243130e-001
 -3.2396422e-001
 -3.1027280e-001
 -2.9330314e-001
 -2.7561682e-001
 -2.5988731e-001
 -2.4822884e-001
 -2.4160517e-001
 -2.3956620e-001
 -2.4045241e-001
 -2.4202733e-001
 -2.4231944e-001
 -2.4035529e-001
 -2.3649300e-001
 -2.3221544e-001
 -2.2945849e-001
 -2.2974197e-001
 -2.3345876e-001
 -2.3961896e-001
 -2.4616291e-001
 -2.5072229e-001
 -2.5151991e-001
 -2.4803602e-001
 -2.4116074e-001
 -2.3276272e-001
 -2.2484872e-001
 -2.1866606e-001
 -2.1413471e-001
 -2.0987129e-001
 -2.0382797e-001
 -1.9431195e-001
 -1.8097699e-001
 -1.6536253e-001
 -1.5070877e-001
 -1.4104458e-001
 -1.3982904e-001
 -1.4861735e-001
 -1.6624392e-001
 -1.8885552e-001
 -2.1084071e-001
 -2.2639062e-001
 -2.3120093e-001
 -2.2376666e-001
 -2.0584880e-001
 -1.8196012e-001
 -1.5803305e-001
 -1.3968985e-001
 -1.3065228e-001
 -1.3177163e-001
 -1.4095652e-001
 -1.5399322e-001
 -1.6598239e-001
 -1.7293784e-001
 -1.7305546e-001
 -1.6727031e-001
 -1.5894025e-001
 -1.5275756e-001
 -1.5322079e-001
 -1.6312914e-001
 -1.8255559e-001
 -2.0861400e-001
 -2.3610048e-001
 -2.5883096e-001
 -2.7128970e-001
 -2.7011283e-001
 -2.5498180e-001
 -2.2868112e-001
 -1.9632567e-001
 -1.6400902e-001
 -1.3728807e-001
 -1.1995107e-001
 -1.1340742e-001
 -1.1682626e-001
 -1.2790615e-001
 -1.4396198e-001
 -1.6293086e-001
 -1.8395180e-001
 -2.0734375e-001
 -2.3403013e-001
 -2.6465772e-001
 -2.9876289e-001
 -3.3431542e-001
 -3.6783138e-001
 -3.9504441e-001
 -4.1193269e-001
 -4.1578214e-001
 -4.0596027e-001
 -3.8417417e-001
 -3.5414813e-001
 -3.2082494e-001
 -2.8931629e-001
 -2.6387344e-001
 -2.4711861e-001
 -2.3969172e-001
 -2.4035814e-001
 -2.4651804e-001
 -2.5497639e-001
 -2.6278350e-001
 -2.6794497e-001
 -2.6982941e-001
 -2.6917141e-001
 -2.6766873e-001
 -2.6728433e-001
 -2.6945766e-001
 -2.7447129e-001
 -2.8118813e-001
 -2.8727086e-001
 -2.8984498e-001
 -2.8641709e-001
 -2.7576220e-001
 -2.5848486e-001
 -2.3704867e-001
 -2.1522968e-001
 -1.9713135e-001
 -1.8604057e-001
 -1.8345992e-001
 -1.8860286e-001
 -1.9850410e-001
 -2.0872133e-001
 -2.1444249e-001
 -2.1171057e-001
 -1.9846054e-001
 -1.7512512e-001
 -1.4468294e-001
 -1.1215724e-001
 -8.3689764e-002
 -6.5391366e-002
 -6.2196907e-002
 -7.6933514e-002
 -1.0975878e-001
 -1.5805448e-001
 -2.1678429e-001
 -2.7925093e-001
 -3.3812617e-001
 -3.8658301e-001
 -4.1933878e-001
 -4.3342818e-001
 -4.2856886e-001
 -4.0705733e-001
 -3.7322796e-001
 -3.3260076e-001
 -2.9091035e-001
 -2.5322629e-001
 -2.2333592e-001
 -2.0347550e-001
 -1.9439156e-001
 -1.9562695e-001
 -2.0588495e-001
 -2.2334033e-001
 -2.4582831e-001
 -2.7092180e-001
 -2.9597076e-001
 -3.1820026e-001
 -3.3493753e-001
 -3.4397665e-001
 -3.4401580e-001
 -3.3504701e-001
 -3.1856155e-001
 -2.9746490e-001
 -2.7566553e-001
 -2.5739158e-001
 -2.4637235e-001
 -2.4507192e-001
 -2.5416318e-001
 -2.7237967e-001
 -2.9679285e-001
 -3.2345699e-001
 -3.4827338e-001
 -3.6787204e-001
 -3.8030702e-001
 -3.8540747e-001
 -3.8470917e-001
 -3.8098823e-001
 -3.7751016e-001
 -3.7717308e-001
 -3.8175170e-001
 -3.9142973e-001
 -4.0474458e-001
 -4.1896846e-001
 -4.3083568e-001
 -4.3742564e-001
 -4.3695565e-001
 -4.2925033e-001
 -4.1574060e-001
 -3.9898501e-001
 -3.8185922e-001
 -3.6667391e-001
 -3.5451412e-001
 -3.4502471e-001
 -3.3671584e-001
 -3.2767860e-001
 -3.1645141e-001
 -3.0272023e-001
 -2.8759469e-001
 -2.7335886e-001
 -2.6278969e-001
 -2.5829318e-001
 -2.6116643e-001
 -2.7123183e-001
 -2.8693681e-001
 -3.0583423e-001
 -3.2522961e-001
 -3.4275170e-001
 -3.5667574e-001
 -3.6596266e-001
 -3.7010512e-001
 -3.6893579e-001
 -3.6253015e-001
 -3.5124819e-001
 -3.3585629e-001
 -3.1760799e-001
 -2.9817032e-001
 -2.7935420e-001
 -2.6270602e-001
 -2.4909445e-001
 -2.3844735e-001
 -2.2975036e-001
 -2.2133253e-001
 -2.1136935e-001
 -1.9846481e-001
 -1.8214995e-001
 -1.6315722e-001
 -1.4338701e-001
 -1.2555628e-001
 -1.1259557e-001
 -1.0692375e-001
 -1.0977079e-001
 -1.2072391e-001
 -1.3763560e-001
 -1.5695321e-001
 -1.7442275e-001
 -1.8601197e-001
 -1.8882319e-001
 -1.8175445e-001
 -1.6572880e-001
 -1.4343283e-001
 -1.1864892e-001
 -9.5384223e-002
 -7.7050649e-002
 -6.5916574e-002
 -6.2944656e-002
 -6.7991206e-002
 -8.0222522e-002
 -9.8546640e-002
 -1.2188395e-001
 -1.4919340e-001
 -1.7929243e-001
 -2.1060729e-001
 -2.4102550e-001
 -2.6798030e-001
 -2.8879486e-001
 -3.0119677e-001
 -3.0382842e-001
 -2.9656515e-001
 -2.8051674e-001
 -2.5770585e-001
 -2.3054147e-001
 -2.0128478e-001
 -1.7170532e-001
 -1.4304338e-001
 -1.1626145e-001
 -9.2438080e-002
 -7.3085605e-002
 -6.0193830e-002
 -5.5911069e-002
 -6.1931875e-002
 -7.8803611e-002
 -1.0543088e-001
 -1.3901418e-001
 -1.7551648e-001
 -2.1055855e-001
 -2.4047485e-001
 -2.6318283e-001
 -2.7856584e-001
 -2.8823069e-001
 -2.9471884e-001
 -3.0044570e-001
 -3.0674231e-001
 -3.1333945e-001
 -3.1847833e-001
 -3.1960999e-001
 -3.1443861e-001
 -3.0194322e-001
 -2.8301954e-001
 -2.6051077e-001
 -2.3859819e-001
 -2.2173038e-001
 -2.1341709e-001
 -2.1525770e-001
 -2.2650309e-001
 -2.4428875e-001
 -2.6447375e-001
 -2.8283565e-001
 -2.9625966e-001
 -3.0355803e-001
 -3.0566501e-001
 -3.0514597e-001
 -3.0517640e-001
 -3.0832031e-001
 -3.1550782e-001
 -3.2555256e-001
 -3.3537719e-001
 -3.4088509e-001
 -3.3820623e-001
 -3.2492602e-001
 -3.0091731e-001
 -2.6853048e-001
 -2.3210434e-001
 -1.9696769e-001
 -1.6823872e-001
 -1.4975808e-001
 -1.4341412e-001
 -1.4897614e-001
 -1.6439940e-001
 -1.8645552e-001
 -2.1149670e-001
 -2.3617787e-001
 -2.5801150e-001
 -2.7568569e-001
 -2.8912093e-001
 -2.9927364e-001
 -3.0772609e-001
 -3.1614183e-001
 -3.2570888e-001
 -3.3672034e-001
 -3.4842985e-001
 -3.5925242e-001
 -3.6727093e-001
 -3.7089089e-001
 -3.6941131e-001
 -3.6328881e-001
 -3.5397464e-001
 -3.4336773e-001
 -3.3308768e-001
 -3.2385855e-001
 -3.1526434e-001
 -3.0599441e-001
 -2.9449590e-001
 -2.7977491e-001
 -2.6201338e-001
 -2.4273080e-001
 -2.2439600e-001
 -2.0961435e-001
 -2.0019018e-001
 -1.9642297e-001
 -1.9691393e-001
 -1.9897134e-001
 -1.9948015e-001
 -1.9593070e-001
 -1.8724582e-001
 -1.7412347e-001
 -1.5879105e-001
 -1.4427829e-001
 -1.3347929e-001
 -1.2833145e-001
 -1.2937418e-001
 -1.3579209e-001
 -1.4586257e-001
 -1.5758840e-001
 -1.6925580e-001
 -1.7972779e-001
 -1.8842619e-001
 -1.9510726e-001
 -1.9962568e-001
 -2.0186766e-001
 -2.0192353e-001
 -2.0041479e-001
 -1.9876894e-001
 -1.9921264e-001
 -2.0435277e-001
 -2.1640054e-001
 -2.3628428e-001
 -2.6300155e-001
 -2.9352111e-001
 -3.2336271e-001
 -3.4772558e-001
 -3.6280938e-001
 -3.6687218e-001
 -3.6064662e-001
 -3.4696138e-001
 -3.2970423e-001
 -3.1249948e-001
 -2.9756677e-001
 -2.8514486e-001
 -2.7364514e-001
 -2.6043323e-001
 -2.4292835e-001
 -2.1963006e-001
 -1.9074537e-001
 -1.5825390e-001
 -1.2544047e-001
 -9.6072523e-002
 -7.3466254e-002
 -5.9672666e-002
 -5.4954749e-002
 -5.7655283e-002
 -6.4489810e-002
 -7.1238101e-002
 -7.3735707e-002
 -6.8981028e-002
 -5.6092834e-002
 -3.6820378e-002
 -1.5365738e-002
  2.5587271e-003
  1.1278050e-002
  6.9134735e-003
 -1.1178748e-002
 -3.9788515e-002
 -7.2339875e-002
 -1.0043556e-001
 -1.1605809e-001
 -1.1379018e-001
 -9.2381332e-002
 -5.5173324e-002
 -9.2442726e-003
  3.6475170e-002
  7.3550862e-002
  9.6170232e-002
  1.0244506e-001
  9.4563722e-002
  7.7820339e-002
  5.8874463e-002
  4.3794063e-002
  3.6455435e-002
  3.7723795e-002
  4.5575860e-002
  5.6037513e-002
  6.4582383e-002
  6.7532711e-002
  6.3043288e-002
  5.1410782e-002
  3.4678115e-002
  1.5724473e-002
 -2.8212774e-003
 -1.9474563e-002
 -3.4315699e-002
 -4.8830039e-002
 -6.5257974e-002
 -8.5699329e-002
 -1.1127934e-001
 -1.4164114e-001
 -1.7490667e-001
 -2.0809376e-001
 -2.3784586e-001
 -2.6125879e-001
 -2.7658697e-001
 -2.8366332e-001
 -2.8394643e-001
 -2.8019109e-001
 -2.7581014e-001
 -2.7405506e-001
 -2.7718717e-001
 -2.8583414e-001
 -2.9871323e-001
 -3.1283859e-001
 -3.2421564e-001
 -3.2888368e-001
 -3.2404106e-001
 -3.0892774e-001
 -2.8518145e-001
 -2.5652717e-001
 -2.2786500e-001
 -2.0401972e-001
 -1.8853293e-001
 -1.8287039e-001
 -1.8627918e-001
 -1.9631095e-001
 -2.0980418e-001
 -2.2397175e-001
 -2.3721981e-001
 -2.4943625e-001
 -2.6168577e-001
 -2.7546111e-001
 -2.9178827e-001
 -3.1051876e-001
 -3.3005870e-001
 -3.4762069e-001
 -3.5990408e-001
 -3.6397637e-001
 -3.5808127e-001
 -3.4214328e-001
 -3.1784488e-001
 -2.8828162e-001
 -2.5730865e-001
 -2.2875777e-001
 -2.0571590e-001
 -1.9002206e-001
 -1.8207269e-001
 -1.8094291e-001
 -1.8475263e-001
 -1.9115204e-001
 -1.9778582e-001
 -2.0262676e-001
 -2.0413544e-001
 -2.0127907e-001
 -1.9349575e-001
 -1.8069543e-001
 -1.6334070e-001
 -1.4257182e-001
 -1.2027141e-001
 -9.8945455e-002
 -8.1350433e-002
 -6.9905135e-002
 -6.6046266e-002
 -6.9758955e-002
 -7.9493008e-002
 -9.2556606e-002
 -1.0590056e-001
 -1.1704010e-001
 -1.2478189e-001
 -1.2947485e-001
 -1.3267420e-001
 -1.3633743e-001
 -1.4186527e-001
 -1.4937963e-001
 -1.5755349e-001
 -1.6409909e-001
 -1.6675859e-001
 -1.6442706e-001
 -1.5795865e-001
 -1.5029870e-001
 -1.4581793e-001
 -1.4901742e-001
 -1.6301713e-001
 -1.8834503e-001
 -2.2246727e-001
 -2.6026459e-001
 -2.9534504e-001
 -3.2179768e-001
 -3.3583515e-001
 -3.3680139e-001
 -3.2722714e-001
 -3.1192946e-001
 -2.9646559e-001
 -2.8545744e-001
 -2.8133055e-001
 -2.8385395e-001
 -2.9058284e-001
 -2.9799620e-001
 -3.0289469e-001
 -3.0355633e-001
 -3.0025717e-001
 -2.9500596e-001
 -2.9062758e-001
 -2.8955775e-001
 -2.9280439e-001
 -2.9945963e-001
 -3.0694015e-001
 -3.1186737e-001
 -3.1126676e-001
 -3.0365032e-001
 -2.8958717e-001
 -2.7155080e-001
 -2.5309148e-001
 -2.3762633e-001
 -2.2727914e-001
 -2.2218683e-001
 -2.2052435e-001
 -2.1924390e-001
 -2.1526985e-001
 -2.0672814e-001
 -1.9377585e-001
 -1.7873585e-001
 -1.6548292e-001
 -1.5828498e-001
 -1.6048778e-001
 -1.7348006e-001
 -1.9627587e-001
 -2.2583806e-001
 -2.5801681e-001
 -2.8877552e-001
 -3.1528989e-001
 -3.3656240e-001
 -3.5336987e-001
 -3.6759518e-001
 -3.8120394e-001
 -3.9524256e-001
 -4.0921808e-001
 -4.2108051e-001
 -4.2781546e-001
 -4.2644198e-001
 -4.1507072e-001
 -3.9365797e-001
 -3.6419571e-001
 -3.3027042e-001
 -2.9613590e-001
 -2.6560528e-001
 -2.4112026e-001
 -2.2328632e-001
 -2.1099675e-001
 -2.0206672e-001
 -1.9413112e-001
 -1.8548515e-001
 -1.7558714e-001
 -1.6508128e-001
 -1.5538061e-001
 -1.4800871e-001
 -1.4397467e-001
 -1.4342289e-001
 -1.4567452e-001
 -1.4961037e-001
 -1.5420555e-001
 -1.5896693e-001
 -1.6407110e-001
 -1.7013136e-001
 -1.7768584e-001
 -1.8662784e-001
 -1.9584054e-001
 -2.0323214e-001
 -2.0621672e-001
 -2.0250702e-001
 -1.9094917e-001
 -1.7209129e-001
 -1.4825935e-001
 -1.2308677e-001
 -1.0064439e-001
 -8.4465671e-002
 -7.6795571e-002
 -7.8295579e-002
 -8.8248111e-002
 -1.0510189e-001
 -1.2707247e-001
 -1.5251685e-001
 -1.7993764e-001
 -2.0767978e-001
 -2.3356486e-001
 -2.5477461e-001
 -2.6820446e-001
 -2.7128917e-001
 -2.6304726e-001
 -2.4491602e-001
 -2.2094572e-001
 -1.9711425e-001
 -1.7984968e-001
 -1.7418281e-001
 -1.8215319e-001
 -2.0206271e-001
 -2.2890268e-001
 -2.5586392e-001
 -2.7643258e-001
 -2.8634155e-001
 -2.8468858e-001
 -2.7384200e-001
 -2.5821533e-001
 -2.4242295e-001
 -2.2955515e-001
 -2.2024175e-001
 -2.1283658e-001
 -2.0458911e-001
 -1.9326675e-001
 -1.7851468e-001
 -1.6236033e-001
 -1.4863262e-001
 -1.4152066e-001
 -1.4385630e-001
 -1.5582577e-001
 -1.7465192e-001
 -1.9540810e-001
 -2.1268048e-001
 -2.2246009e-001
 -2.2354917e-001
 -2.1794325e-001
 -2.1003289e-001
 -2.0491176e-001
 -2.0641447e-001
 -2.1561184e-001
 -2.3032414e-001
 -2.4583713e-001
 -2.5656109e-001
 -2.5802605e-001
 -2.4848597e-001
 -2.2955429e-001
 -2.0565352e-001
 -1.8249679e-001
 -1.6516368e-001
 -1.5646207e-001
 -1.5613954e-001
 -1.6117919e-001
 -1.6701625e-001
 -1.6919443e-001
 -1.6485686e-001
 -1.5356988e-001
 -1.3725404e-001
 -1.1933218e-001
 -1.0347158e-001
 -9.2403918e-002
 -8.7228767e-002
 -8.7388545e-002
 -9.1236100e-002
 -9.6903317e-002
 -1.0309269e-001
 -1.0947662e-001
 -1.1656776e-001
 -1.2514529e-001
 -1.3550145e-001
 -1.4684486e-001
 -1.5713646e-001
 -1.6346728e-001
 -1.6287677e-001
 -1.5333732e-001
 -1.3455796e-001
 -1.0831500e-001
 -7.8177923e-002
 -4.8705525e-002
 -2.4364736e-002
 -8.5114632e-003
 -2.7409750e-003
 -6.7810276e-003
 -1.8914413e-002
 -3.6745073e-002
 -5.8021093e-002
 -8.1229055e-002
 -1.0577191e-001
 -1.3169950e-001
 -1.5912250e-001
 -1.8755390e-001
 -2.1545108e-001
 -2.4016892e-001
 -2.5839931e-001
 -2.6700714e-001
 -2.6402748e-001
 -2.4950873e-001
 -2.2590156e-001
 -1.9780558e-001
 -1.7106833e-001
 -1.5143466e-001
 -1.4310530e-001
 -1.4762555e-001
 -1.6345866e-001
 -1.8641140e-001
 -2.1082391e-001
 -2.3118995e-001
 -2.4372179e-001
 -2.4737254e-001
 -2.4398752e-001
 -2.3752995e-001
 -2.3262658e-001
 -2.3290671e-001
 -2.3968397e-001
 -2.5142537e-001
 -2.6419793e-001
 -2.7296102e-001
 -2.7328907e-001
 -2.6295878e-001
 -2.4286997e-001
 -2.1698097e-001
 -1.9126007e-001
 -1.7197889e-001
 -1.6389355e-001
 -1.6889863e-001
 -1.8558421e-001
 -2.0982645e-001
 -2.3619997e-001
 -2.5973119e-001
 -2.7740776e-001
 -2.8895357e-001
 -2.9663735e-001
 -3.0421300e-001
 -3.1537772e-001
 -3.3228292e-001
 -3.5459708e-001
 -3.7941964e-001
 -4.0205574e-001
 -4.1738398e-001
 -4.2137300e-001
 -4.1227816e-001
 -3.9117147e-001
 -3.6167688e-001
 -3.2902267e-001
 -2.9870925e-001
 -2.7517628e-001
 -2.6082321e-001
 -2.5561482e-001
 -2.5733083e-001
 -2.6234835e-001
 -2.6671991e-001
 -2.6725500e-001
 -2.6233359e-001
 -2.5226271e-001
 -2.3910742e-001
 -2.2605450e-001
 -2.1647411e-001
 -2.1291089e-001
 -2.1625082e-001
 -2.2527194e-001
 -2.3670439e-001
 -2.4581376e-001
 -2.4740208e-001
 -2.3701817e-001
 -2.1210481e-001
 -1.7280345e-001
 -1.2219439e-001
 -6.5866631e-002
 -1.0865872e-002
  3.5771392e-002
  6.8565689e-002
  8.4841290e-002
  8.5334248e-002
  7.3966231e-002
  5.6798862e-002
  4.0409307e-002
  3.0105614e-002
  2.8472613e-002
  3.4674738e-002
  4.4748246e-002
  5.2839439e-002
  5.3064598e-002
  4.1465462e-002
  1.7477778e-002
 -1.5554529e-002
 -5.1025531e-002
 -8.0743364e-002
 -9.7192794e-002
 -9.5747346e-002
 -7.6183225e-002
 -4.3028810e-002
 -4.6086331e-003
  2.8984473e-002
  4.8441866e-002
  4.7610982e-002
  2.5027697e-002
 -1.5811067e-002
 -6.7492808e-002
 -1.2073273e-001
 -1.6681177e-001
 -1.9970391e-001
 -2.1729740e-001
 -2.2140376e-001
 -2.1662950e-001
 -2.0853715e-001
 -2.0173336e-001
 -1.9852011e-001
 -1.9853072e-001
 -1.9941545e-001
 -1.9826494e-001
 -1.9319727e-001
 -1.8448055e-001
 -1.7474149e-001
 -1.6815770e-001
 -1.6892055e-001
 -1.7954187e-001
 -1.9965193e-001
 -2.2576781e-001
 -2.5216155e-001
 -2.7255576e-001
 -2.8206943e-001
 -2.7874144e-001
 -2.6410610e-001
 -2.4262864e-001
 -2.2020475e-001
 -2.0224631e-001
 -1.9200471e-001
 -1.8968582e-001
 -1.9262832e-001
 -1.9645183e-001
 -1.9675985e-001
 -1.9080818e-001
 -1.7857447e-001
 -1.6287288e-001
 -1.4847759e-001
 -1.4054442e-001
 -1.4284955e-001
 -1.5642514e-001
 -1.7904729e-001
 -2.0576054e-001
 -2.3029011e-001
 -2.4690402e-001
 -2.5213413e-001
 -2.4580017e-001
 -2.3099684e-001
 -2.1303458e-001
 -1.9766563e-001
 -1.8916693e-001
 -1.8890873e-001
 -1.9488884e-001
 -2.0240204e-001
 -2.0564003e-001
 -1.9970454e-001
 -1.8236834e-001
 -1.5499150e-001
 -1.2227127e-001
 -9.0887937e-002
 -6.7477245e-002
 -5.6588406e-002
 -5.9296273e-002
 -7.2921476e-002
 -9.1944979e-002
 -1.0980784e-001
 -1.2099746e-001
 -1.2273560e-001
 -1.1572779e-001
 -1.0375619e-001
 -9.2285837e-002
 -8.6575028e-002
 -8.9928066e-002
 -1.0265764e-001
 -1.2206652e-001
 -1.4340704e-001
 -1.6145521e-001
 -1.7215146e-001
 -1.7376955e-001
 -1.6726542e-001
 -1.5575469e-001
 -1.4336159e-001
 -1.3387179e-001
 -1.2964828e-001
 -1.3113564e-001
 -1.3704572e-001
 -1.4507629e-001
 -1.5285236e-001
 -1.5874384e-001
 -1.6230301e-001
 -1.6423093e-001
 -1.6595622e-001
 -1.6902859e-001
 -1.7456164e-001
 -1.8290726e-001
 -1.9364058e-001
 -2.0582194e-001
 -2.1841898e-001
 -2.3073634e-001
 -2.4271342e-001
 -2.5499927e-001
 -2.6878020e-001
 -2.8540227e-001
 -3.0588639e-001
 -3.3046757e-001
 -3.5829605e-001
 -3.8741112e-001
 -4.1503871e-001
 -4.3817798e-001
 -4.5434989e-001
 -4.6230917e-001
 -4.6249900e-001
 -4.5707540e-001
 -4.4944170e-001
 -4.4338549e-001
 -4.4205121e-001
 -4.4705744e-001
 -4.5804506e-001
 -4.7281690e-001
 -4.8804104e-001
 -5.0030069e-001
 -5.0715321e-001
 -5.0785305e-001
 -5.0350446e-001
 -4.9660133e-001
 -4.9011705e-001
 -4.8645604e-001
 -4.8662084e-001
 -4.8987094e-001
 -4.9398249e-001
 -4.9601766e-001
 -4.9334660e-001
 -4.8458575e-001
 -4.7014633e-001
 -4.5221427e-001
 -4.3416478e-001
 -4.1959349e-001
 -4.1126603e-001
 -4.1031167e-001
 -4.1590777e-001
 -4.2554545e-001
 -4.3578411e-001
 -4.4325305e-001
 -4.4559093e-001
 -4.4204835e-001
 -4.3359967e-001
 -4.2257132e-001
 -4.1193859e-001
 -4.0452367e-001
 -4.0232516e-001
 -4.0613677e-001
 -4.1550511e-001
 -4.2897586e-001
 -4.4451496e-001
 -4.5997500e-001
 -4.7349938e-001
 -4.8379693e-001
 -4.9026077e-001
 -4.9293809e-001
 -4.9238077e-001
 -4.8942396e-001
 -4.8495079e-001
 -4.7970231e-001
 -4.7417731e-001
 -4.6863618e-001
 -4.6318416e-001
 -4.5787779e-001
 -4.5279020e-001
 -4.4799346e-001
 -4.4346264e-001
 -4.3895579e-001
 -4.3395169e-001
 -4.2771504e-001
 -4.1950716e-001
 -4.0888825e-001
 -3.9599730e-001
 -3.8167815e-001
 -3.6735952e-001
 -3.5468438e-001
 -3.4498873e-001
 -3.3880930e-001
 -3.3561788e-001
 -3.3392226e-001
 -3.3175249e-001
 -3.2740750e-001
 -3.2022267e-001
 -3.1107958e-001
 -3.0243840e-001
 -2.9781719e-001
 -3.0082831e-001
 -3.1404549e-001
 -3.3805662e-001
 -3.7102210e-001
 -4.0891114e-001
 -4.4637462e-001
 -4.7800431e-001
 -4.9959783e-001
 -5.0904515e-001
 -5.0657912e-001
 -4.9434779e-001
 -4.7549424e-001
 -4.5308976e-001
 -4.2930109e-001
 -4.0506944e-001
 -3.8037601e-001
 -3.5493871e-001
 -3.2901455e-001
 -3.0393575e-001
 -2.8210785e-001
 -2.6641197e-001
 -2.5920411e-001
 -2.6129545e-001
 -2.7134919e-001
 -2.8600735e-001
 -3.0080018e-001
 -3.1158026e-001
 -3.1598498e-001
 -3.1436591e-001
 -3.0977525e-001
 -3.0692708e-001
 -3.1043914e-001
 -3.2296123e-001
 -3.4388294e-001
 -3.6913924e-001
 -3.9225008e-001
 -4.0627798e-001
 -4.0603932e-001
 -3.8979754e-001
 -3.5984716e-001
 -3.2179909e-001
 -2.8284693e-001
 -2.4964850e-001
 -2.2656263e-001
 -2.1480432e-001
 -2.1270173e-001
 -2.1681538e-001
 -2.2338452e-001
 -2.2950993e-001
 -2.3367275e-001
 -2.3552911e-001
 -2.3525180e-001
 -2.3286840e-001
 -2.2799635e-001
 -2.2013239e-001
 -2.0933710e-001
 -1.9691621e-001
 -1.8565656e-001
 -1.7935199e-001
 -1.8167957e-001
 -1.9481350e-001
 -2.1834421e-001
 -2.4900950e-001
 -2.8145635e-001
 -3.0984412e-001
 -3.2973954e-001
 -3.3959503e-001
 -3.4121949e-001
 -3.3901229e-001
 -3.3819973e-001
 -3.4270897e-001
 -3.5347790e-001
 -3.6786099e-001
 -3.8039717e-001
 -3.8470140e-001
 -3.7581712e-001
 -3.5218291e-001
 -3.1649471e-001
 -2.7513803e-001
 -2.3637725e-001
 -2.0793185e-001
 -1.9477902e-001
 -1.9792487e-001
 -2.1452380e-001
 -2.3923479e-001
 -2.6626900e-001
 -2.9136125e-001
 -3.1296322e-001
 -3.3227397e-001
 -3.5216824e-001
 -3.7548787e-001
 -4.0338165e-001
 -4.3434251e-001
 -4.6431982e-001
 -4.8788477e-001
 -5.0004259e-001
 -4.9805101e-001
 -4.8259707e-001
 -4.5790209e-001
 -4.3068693e-001
 -4.0831386e-001
 -3.9669540e-001
 -3.9863654e-001
 -4.1313091e-001
 -4.3581647e-001
 -4.6041883e-001
 -4.8069610e-001
 -4.9225183e-001
 -4.9364717e-001
 -4.8649361e-001
 -4.7455675e-001
 -4.6222919e-001
 -4.5292805e-001
 -4.4797486e-001
 -4.4632731e-001
 -4.4522029e-001
 -4.4144892e-001
 -4.3280124e-001
 -4.1910014e-001
 -4.0246071e-001
 -3.8665658e-001
 -3.7581662e-001
 -3.7292370e-001
 -3.7866817e-001
 -3.9108889e-001
 -4.0615339e-001
 -4.1908544e-001
 -4.2596960e-001
 -4.2505144e-001
 -4.1725577e-001
 -4.0572811e-001
 -3.9456479e-001
 -3.8719976e-001
 -3.8504651e-001
 -3.8689962e-001
 -3.8931765e-001
 -3.8784286e-001
 -3.7860391e-001
 -3.5971247e-001
 -3.3195171e-001
 -2.9852872e-001
 -2.6401462e-001
 -2.3289165e-001
 -2.0825550e-001
 -1.9114069e-001
 -1.8068444e-001
 -1.7502014e-001
 -1.7251904e-001
 -1.7287559e-001
 -1.7759939e-001
 -1.8970319e-001
 -2.1267589e-001
 -2.4909280e-001
 -2.9935166e-001
 -3.6098771e-001
 -4.2883288e-001
 -4.9601013e-001
 -5.5548779e-001
 -6.0174503e-001
 -6.3206796e-001
 -6.4710834e-001
 -6.5055111e-001
 -6.4798672e-001
 -6.4529696e-001
 -6.4698713e-001
 -6.5490538e-001
 -6.6768715e-001
 -6.8107718e-001
 -6.8905860e-001
 -6.8550988e-001
 -6.6596566e-001
 -6.2901470e-001
 -5.7694494e-001
 -5.1543102e-001
 -4.5231222e-001
 -3.9576329e-001
 -3.5234280e-001
 -3.2545334e-001
 -3.1464099e-001
 -3.1592195e-001
 -3.2302246e-001
 -3.2914986e-001
 -3.2876591e-001
 -3.1885838e-001
 -2.9939230e-001
 -2.7290075e-001
 -2.4344658e-001
 -2.1535571e-001
 -1.9213676e-001
 -1.7586885e-001
 -1.6712498e-001
 -1.6529288e-001
 -1.6904198e-001
 -1.7669799e-001
 -1.8640743e-001
 -1.9613385e-001
 -2.0364682e-001
 -2.0668276e-001
 -2.0336561e-001
 -1.9281564e-001
 -1.7572581e-001
 -1.5462240e-001
 -1.3359344e-001
 -1.1745015e-001
 -1.1051560e-001
 -1.1541637e-001
 -1.3230317e-001
 -1.5880960e-001
 -1.9080778e-001
 -2.2372511e-001
 -2.5396351e-001
 -2.7990503e-001
 -3.0212695e-001
 -3.2273963e-001
 -3.4409330e-001
 -3.6734781e-001
 -3.9146447e-001
 -4.1303424e-001
 -4.2705534e-001
 -4.2842815e-001
 -4.1367328e-001
 -3.8229319e-001
 -3.3731461e-001
 -2.8482055e-001
 -2.3260718e-001
 -1.8837125e-001
 -1.5796117e-001
 -1.4417913e-001
 -1.4642933e-001
 -1.6124039e-001
 -1.8343674e-001
 -2.0757047e-001
 -2.2919291e-001
 -2.4564088e-001
 -2.5619617e-001
 -2.6168173e-001
 -2.6372079e-001
 -2.6395568e-001
 -2.6349004e-001
 -2.6270018e-001
 -2.6140870e-001
 -2.5928160e-001
 -2.5624481e-001
 -2.5273519e-001
 -2.4968867e-001
 -2.4828572e-001
 -2.4957257e-001
 -2.5411909e-001
 -2.6184798e-001
 -2.7209099e-001
 -2.8383260e-001
 -2.9603042e-001
 -3.0788314e-001
 -3.1895520e-001
 -3.2914241e-001
 -3.3853755e-001
 -3.4729553e-001
 -3.5558515e-001
 -3.6365671e-001
 -3.7198072e-001
 -3.8135946e-001
 -3.9290944e-001
 -4.0786266e-001
 -4.2721865e-001
 -4.5135985e-001
 -4.7978203e-001
 -5.1106854e-001
 -5.4315666e-001
 -5.7383686e-001
 -6.0133280e-001
 -6.2476917e-001
 -6.4436383e-001
 -6.6126920e-001
 -6.7710547e-001
 -6.9333114e-001
 -7.1065062e-001
 -7.2864720e-001
 -7.4575872e-001
 -7.5960974e-001
 -7.6761029e-001
 -7.6765827e-001
 -7.5875759e-001
 -7.4138937e-001
 -7.1753890e-001
 -6.9036719e-001
 -6.6360294e-001
 -6.4079881e-001
 -6.2462988e-001
 -6.1640445e-001
 -6.1590486e-001
 -6.2159074e-001
 -6.3109748e-001
 -6.4187725e-001
 -6.5178786e-001
 -6.5945401e-001
 -6.6430578e-001
 -6.6631642e-001
 -6.6557440e-001
 -6.6188884e-001
 -6.5461519e-001
 -6.4279889e-001
 -6.2560305e-001
 -6.0286174e-001
 -5.7553561e-001
 -5.4586589e-001
 -5.1712253e-001
 -4.9298142e-001
 -4.7669399e-001
 -4.7028465e-001
 -4.7400496e-001
 -4.8619724e-001
 -5.0360434e-001
 -5.2204471e-001
 -5.3728595e-001
 -5.4591193e-001
 -5.4599110e-001
 -5.3740624e-001
 -5.2178465e-001
 -5.0205764e-001
 -4.8176178e-001
 -4.6425562e-001
 -4.5204626e-001
 -4.4638970e-001
 -4.4724932e-001
 -4.5358811e-001
 -4.6386784e-001
 -4.7657041e-001
 -4.9056667e-001
 -5.0523570e-001
 -5.2034854e-001
 -5.3582865e-001
 -5.5154096e-001
 -5.6722591e-001
 -5.8260217e-001
 -5.9755850e-001
 -6.1229560e-001
 -6.2729530e-001
 -6.4308245e-001
 -6.5986321e-001
 -6.7721085e-001
 -6.9397863e-001
 -7.0853555e-001
 -7.1927692e-001
 -7.2522307e-001
 -7.2645259e-001
 -7.2415991e-001
 -7.2027040e-001
 -7.1673147e-001
 -7.1474608e-001
 -7.1425880e-001
 -7.1391997e-001
 -7.1157186e-001
 -7.0509327e-001
 -6.9329202e-001
 -6.7650654e-001
 -6.5668174e-001
 -6.3687818e-001
 -6.2038185e-001
 -6.0972340e-001
 -6.0593963e-001
 -6.0831244e-001
 -6.1464388e-001
 -6.2194179e-001
 -6.2726611e-001
 -6.2846174e-001
 -6.2457754e-001
 -6.1590275e-001
 -6.0368648e-001
 -5.8969183e-001
 -5.7575058e-001
 -5.6343527e-001
 -5.5388611e-001
 -5.4776017e-001
 -5.4523876e-001
 -5.4604199e-001
 -5.4944118e-001
 -5.5430112e-001
 -5.5919934e-001
 -5.6264904e-001
 -5.6340424e-001
 -5.6077616e-001
 -5.5486259e-001
 -5.4660533e-001
 -5.3764046e-001
 -5.2997513e-001
 -5.2558467e-001
 -5.2605174e-001
 -5.3235206e-001
 -5.4483479e-001
 -5.6336911e-001
 -5.8756163e-001
 -6.1691904e-001
 -6.5085351e-001
 -6.8850102e-001
 -7.2842053e-001
 -7.6832522e-001
 -8.0502596e-001
 -8.3471999e-001
 -8.5363971e-001
 -8.5892863e-001
 -8.4948917e-001
 -8.2650624e-001
 -7.9341794e-001
 -7.5526689e-001
 -7.1757146e-001
 -6.8503112e-001
 -6.6045861e-001
 -6.4427817e-001
 -6.3475402e-001
 -6.2887355e-001
 -6.2358515e-001
 -6.1696350e-001
 -6.0889417e-001
 -6.0103390e-001
 -5.9606022e-001
 -5.9648275e-001
 -6.0345492e-001
 -6.1603536e-001
 -6.3119422e-001
 -6.4459526e-001
 -6.5190490e-001
 -6.5018570e-001
 -6.3889485e-001
 -6.2014047e-001
 -5.9810078e-001
 -5.7779395e-001
 -5.6360064e-001
 -5.5801671e-001
 -5.6102879e-001
 -5.7029422e-001
 -5.8204273e-001
 -5.9238715e-001
 -5.9860813e-001
 -5.9999788e-001
 -5.9800193e-001
 -5.9563055e-001
 -5.9634853e-001
 -6.0281545e-001
 -6.1588797e-001
 -6.3420117e-001
 -6.5445147e-001
 -6.7227543e-001
 -6.8343224e-001
 -6.8491254e-001
 -6.7563757e-001
 -6.5656157e-001
 -6.3019494e-001
 -5.9975345e-001
 -5.6824912e-001
 -5.3783443e-001
 -5.0960051e-001
 -4.8385364e-001
 -4.6071596e-001
 -4.4077920e-001
 -4.2552187e-001
 -4.1728516e-001
 -4.1876030e-001
 -4.3211612e-001
 -4.5803425e-001
 -4.9497625e-001
 -5.3896399e-001
 -5.8402130e-001
 -6.2323766e-001
 -6.5022440e-001
 -6.6059653e-001
 -6.5307176e-001
 -6.2985427e-001
 -5.9614957e-001
 -5.5889561e-001
 -5.2502486e-001
 -4.9972347e-001
 -4.8517281e-001
 -4.8013432e-001
 -4.8049981e-001
 -4.8064856e-001
 -4.7521459e-001
 -4.6074885e-001
 -4.3679882e-001
 -4.0610975e-001
 -3.7391877e-001
 -3.4657954e-001
 -3.2993837e-001
 -3.2792963e-001
 -3.4176132e-001
 -3.6986048e-001
 -4.0851202e-001
 -4.5293014e-001
 -4.9840662e-001
 -5.4120469e-001
 -5.7899341e-001
 -6.1079341e-001
 -6.3656782e-001
 -6.5668835e-001
 -6.7150759e-001
 -6.8118496e-001
 -6.8578207e-001
 -6.8552065e-001
 -6.8102947e-001
 -6.7342199e-001
 -6.6413375e-001
 -6.5456841e-001
 -6.4570106e-001
 -6.3782237e-001
 -6.3055942e-001
 -6.2319529e-001
 -6.1517721e-001
 -6.0660714e-001
 -5.9849428e-001
 -5.9262702e-001
 -5.9106760e-001
 -5.9542947e-001
 -6.0620270e-001
 -6.2239911e-001
 -6.4168712e-001
 -6.6100976e-001
 -6.7749211e-001
 -6.8932055e-001
 -6.9626712e-001
 -6.9964802e-001
 -7.0170839e-001
 -7.0464140e-001
 -7.0959722e-001
 -7.1605773e-001
 -7.2183397e-001
 -7.2372462e-001
 -7.1863463e-001
 -7.0477868e-001
 -6.8255077e-001
 -6.5474354e-001
 -6.2601562e-001
 -6.0175485e-001
 -5.8668399e-001
 -5.8363516e-001
 -5.9285509e-001
 -6.1202422e-001
 -6.3694402e-001
 -6.6264998e-001
 -6.8460575e-001
 -6.9965170e-001
 -7.0649760e-001
 -7.0571135e-001
 -6.9930187e-001
 -6.9007917e-001
 -6.8098352e-001
 -6.7452676e-001
 -6.7241573e-001
 -6.7536589e-001
 -6.8308018e-001
 -6.9436410e-001
 -7.0735604e-001
 -7.1985510e-001
 -7.2971444e-001
 -7.3524085e-001
 -7.3551411e-001
 -7.3053265e-001
 -7.2111925e-001
 -7.0858356e-001
 -6.9422148e-001
 -6.7880623e-001
 -6.6225909e-001
 -6.4365601e-001
 -6.2162692e-001
 -5.9506352e-001
 -5.6391545e-001
 -5.2977895e-001
 -4.9600621e-001
 -4.6719492e-001
 -4.4812215e-001
 -4.4239699e-001
 -4.5124467e-001
 -4.7284196e-001
 -5.0248311e-001
 -5.3360509e-001
 -5.5942094e-001
 -5.7469635e-001
 -5.7713651e-001
 -5.6795532e-001
 -5.5144935e-001
 -5.3371028e-001
 -5.2087769e-001
 -5.1746841e-001
 -5.2527382e-001
 -5.4311339e-001
 -5.6744490e-001
 -5.9356284e-001
 -6.1695811e-001
 -6.3441124e-001
 -6.4453522e-001
 -6.4770647e-001
 -6.4553430e-001
 -6.4014362e-001
 -6.3354709e-001
 -6.2727973e-001
 -6.2231733e-001
 -6.1917271e-001
 -6.1801125e-001
 -6.1866584e-001
 -6.2053081e-001
 -6.2242150e-001
 -6.2254474e-001
 -6.1870418e-001
 -6.0877085e-001
 -5.9132286e-001
 -5.6625620e-001
 -5.3513818e-001
 -5.0113320e-001
 -4.6846137e-001
 -4.4150445e-001
 -4.2379772e-001
 -4.1719441e-001
 -4.2144524e-001
 -4.3431496e-001
 -4.5219910e-001
 -4.7105951e-001
 -4.8740989e-001
 -4.9907858e-001
 -5.0555413e-001
 -5.0785276e-001
 -5.0799344e-001
 -5.0827859e-001
 -5.1062135e-001
 -5.1612178e-001
 -5.2498968e-001
 -5.3677910e-001
 -5.5078828e-001
 -5.6642886e-001
 -5.8339984e-001
 -6.0159990e-001
 -6.2083799e-001
 -6.4050248e-001
 -6.5937908e-001
 -6.7575142e-001
 -6.8779432e-001
 -6.9412941e-001
 -6.9431797e-001
 -6.8906084e-001
 -6.7997391e-001
 -6.6897420e-001
 -6.5748414e-001
 -6.4576599e-001
 -6.3268607e-001
 -6.1607064e-001
 -5.9359738e-001
 -5.6394481e-001
 -5.2778502e-001
 -4.8821355e-001
 -4.5037442e-001
 -4.2031048e-001
 -4.0335584e-001
 -4.0258247e-001
 -4.1783769e-001
 -4.4574011e-001
 -4.8068863e-001
 -5.1658486e-001
 -5.4870168e-001
 -5.7505129e-001
 -5.9675447e-001
 -6.1724839e-001
 -6.4058064e-001
 -6.6937849e-001
 -7.0322700e-001
 -7.3807822e-001
 -7.6697516e-001
 -7.8192330e-001
 -7.7633570e-001
 -7.4726080e-001
 -6.9665323e-001
 -6.3125115e-001
 -5.6107343e-001
 -4.9698986e-001
 -4.4809930e-001
 -4.1968320e-001
 -4.1228675e-001
 -4.2210050e-001
 -4.4240981e-001
 -4.6558292e-001
 -4.8497011e-001
 -4.9619931e-001
 -4.9761674e-001
 -4.8992886e-001
 -4.7534193e-001
 -4.5659436e-001
 -4.3621909e-001
 -4.1620234e-001
 -3.9800369e-001
 -3.8275356e-001
 -3.7140278e-001
 -3.6467043e-001
 -3.6277739e-001
 -3.6509721e-001
 -3.6993444e-001
 -3.7461784e-001
 -3.7598016e-001
 -3.7113429e-001
 -3.5831703e-001
 -3.3751619e-001
 -3.1065156e-001
 -2.8122631e-001
 -2.5354755e-001
 -2.3176005e-001
 -2.1898948e-001
 -2.1683261e-001
 -2.2528867e-001
 -2.4306188e-001
 -2.6804700e-001
 -2.9778461e-001
 -3.2974339e-001
 -3.6141284e-001
 -3.9030779e-001
 -4.1403671e-001
 -4.3054371e-001
 -4.3851981e-001
 -4.3785005e-001
 -4.2988758e-001
 -4.1737001e-001
 -4.0391585e-001
 -3.9321197e-001
 -3.8814719e-001
 -3.9019305e-001
 -3.9925072e-001
 -4.1400162e-001
 -4.3259343e-001
 -4.5335526e-001
 -4.7522814e-001
 -4.9772954e-001
 -5.2048719e-001
 -5.4258463e-001
 -5.6206593e-001
 -5.7590033e-001
 -5.8052475e-001
 -5.7283922e-001
 -5.5132748e-001
 -5.1689624e-001
 -4.7310316e-001
 -4.2564184e-001
 -3.8119596e-001
 -3.4597311e-001
 -3.2431907e-001
 -3.1777618e-001
 -3.2481170e-001
 -3.4125850e-001
 -3.6133617e-001
 -3.7899743e-001
 -3.8928914e-001
 -3.8942732e-001
 -3.7934991e-001
 -3.6161646e-001
 -3.4065643e-001
 -3.2151250e-001
 -3.0835788e-001
 -3.0315642e-001
 -3.0484672e-001
 -3.0934220e-001
 -3.1044886e-001
 -3.0154669e-001
 -2.7762714e-001
 -2.3711309e-001
 -1.8288033e-001
 -1.2208066e-001
 -6.4701933e-002
 -2.1195123e-002
  1.7784930e-004
 -4.5107883e-003
 -3.3879706e-002
 -8.1741250e-002
 -1.3891285e-001
 -1.9573525e-001
 -2.4446661e-001
 -2.8078878e-001
 -3.0400755e-001
 -3.1602813e-001
 -3.1964656e-001
 -3.1693580e-001
 -3.0842215e-001
 -2.9337427e-001
 -2.7101522e-001
 -2.4203316e-001
 -2.0959757e-001
 -1.7926612e-001
 -1.5763037e-001
 -1.5010842e-001
 -1.5871530e-001
 -1.8074184e-001
 -2.0899149e-001
 -2.3365919e-001
 -2.4530263e-001
 -2.3790314e-001
 -2.1092589e-001
 -1.6961216e-001
 -1.2335437e-001
 -8.2689624e-002
 -5.5940812e-002
 -4.6652873e-002
 -5.2674426e-002
 -6.7137675e-002
 -8.0920134e-002
 -8.5678078e-002
 -7.6397781e-002
 -5.2651568e-002
 -1.8260287e-002
  2.0356163e-002
  5.6432237e-002
  8.4878327e-002
  1.0342518e-001
  1.1265032e-001
  1.1508753e-001
  1.1392549e-001
  1.1186812e-001
  1.1056021e-001
  1.1067468e-001
  1.1245569e-001
  1.1633992e-001
  1.2329427e-001
  1.3468528e-001
  1.5174101e-001
  1.7486651e-001
  2.0314547e-001
  2.3428072e-001
  2.6503903e-001
  2.9205641e-001
  3.1271771e-001
  3.2580169e-001
  3.3168232e-001
  3.3204891e-001
  3.2928099e-001
  3.2572024e-001
  3.2308811e-001
