 -1.4852959e-001
 -1.5662450e-001
 -1.6924375e-001
 -1.8392282e-001
 -1.9855856e-001
 -2.1171265e-001
 -2.2260879e-001
 -2.3089068e-001
 -2.3629392e-001
 -2.3840662e-001
 -2.3664421e-001
 -2.3046411e-001
 -2.1973620e-001
 -2.0510834e-001
 -1.8819327e-001
 -1.7145857e-001
 -1.5780574e-001
 -1.4993850e-001
 -1.4970210e-001
 -1.5759612e-001
 -1.7261509e-001
 -1.9247164e-001
 -2.1414055e-001
 -2.3456663e-001
 -2.5133588e-001
 -2.6312863e-001
 -2.6984608e-001
 -2.7240255e-001
 -2.7227205e-001
 -2.7094148e-001
 -2.6943749e-001
 -2.6805950e-001
 -2.6638194e-001
 -2.6350612e-001
 -2.5847117e-001
 -2.5069114e-001
 -2.4028283e-001
 -2.2818312e-001
 -2.1601710e-001
 -2.0575030e-001
 -1.9922169e-001
 -1.9769036e-001
 -2.0152664e-001
 -2.1013748e-001
 -2.2214619e-001
 -2.3576943e-001
 -2.4927345e-001
 -2.6136895e-001
 -2.7142688e-001
 -2.7946067e-001
 -2.8590146e-001
 -2.9126266e-001
 -2.9582486e-001
 -2.9945781e-001
 -3.0164017e-001
 -3.0166117e-001
 -2.9892102e-001
 -2.9321292e-001
 -2.8488084e-001
 -2.7479759e-001
 -2.6417494e-001
 -2.5427741e-001
 -2.4613985e-001
 -2.4037929e-001
 -2.3714969e-001
 -2.3623175e-001
 -2.3720298e-001
 -2.3961045e-001
 -2.4307839e-001
 -2.4731726e-001
 -2.5204590e-001
 -2.5687543e-001
 -2.6122040e-001
 -2.6429354e-001
 -2.6520966e-001
 -2.6318394e-001
 -2.5777132e-001
 -2.4907110e-001
 -2.3782011e-001
 -2.2532146e-001
 -2.1319842e-001
 -2.0301567e-001
 -1.9585688e-001
 -1.9197436e-001
 -1.9062140e-001
 -1.9013636e-001
 -1.8827999e-001
 -1.8275145e-001
 -1.7174979e-001
 -1.5442855e-001
 -1.3111887e-001
 -1.0326465e-001
 -7.3097769e-002
 -4.3153002e-002
 -1.5758813e-002
  7.3682856e-003
  2.5342140e-002
  3.8114480e-002
  4.6302020e-002
  5.0897309e-002
  5.2938181e-002
  5.3204866e-002
  5.2001168e-002
  4.9062110e-002
  4.3614191e-002
  3.4590678e-002
  2.0969848e-002
  2.1633081e-003
 -2.1652017e-002
 -4.9372772e-002
 -7.9062406e-002
 -1.0831191e-001
 -1.3478959e-001
 -1.5682052e-001
 -1.7380108e-001
 -1.8628712e-001
 -1.9569350e-001
 -2.0368029e-001
 -2.1142707e-001
 -2.1906159e-001
 -2.2548013e-001
 -2.2867279e-001
 -2.2648677e-001
 -2.1758528e-001
 -2.0225857e-001
 -1.8276124e-001
 -1.6299230e-001
 -1.4755784e-001
 -1.4048376e-001
 -1.4399261e-001
 -1.5776456e-001
 -1.7895653e-001
 -2.0300343e-001
 -2.2495685e-001
 -2.4092772e-001
 -2.4915953e-001
 -2.5038331e-001
 -2.4735081e-001
 -2.4372005e-001
 -2.4267911e-001
 -2.4576822e-001
 -2.5227521e-001
 -2.5937344e-001
 -2.6292125e-001
 -2.5863863e-001
 -2.4328439e-001
 -2.1549844e-001
 -1.7611792e-001
 -1.2796063e-001
 -7.5223206e-002
 -2.2716873e-002
  2.4851931e-002
  6.3428505e-002
  8.9954018e-002
  1.0254652e-001
  1.0057799e-001
  8.4681203e-002
  5.6677067e-002
  1.9385620e-002
 -2.3706564e-002
 -6.8904001e-002
 -1.1280602e-001
 -1.5273533e-001
 -1.8697297e-001
 -2.1473607e-001
 -2.3592600e-001
 -2.5076281e-001
 -2.5946964e-001
 -2.6214886e-001
 -2.5890492e-001
 -2.5014888e-001
 -2.3692026e-001
 -2.2103034e-001
 -2.0489047e-001
 -1.9102080e-001
 -1.8138568e-001
 -1.7680500e-001
 -1.7669301e-001
 -1.7926787e-001
 -1.8219318e-001
 -1.8343159e-001
 -1.8198857e-001
 -1.7825095e-001
 -1.7377667e-001
 -1.7061046e-001
 -1.7039601e-001
 -1.7364456e-001
 -1.7946222e-001
 -1.8585305e-001
 -1.9047799e-001
 -1.9155846e-001
 -1.8854879e-001
 -1.8229384e-001
 -1.7460039e-001
 -1.6739764e-001
 -1.6184162e-001
 -1.5775332e-001
 -1.5365460e-001
 -1.4742422e-001
 -1.3733569e-001
 -1.2306310e-001
 -1.0622471e-001
 -9.0189490e-002
 -7.9143932e-002
 -7.6704386e-002
 -8.4553274e-002
 -1.0159998e-001
 -1.2400543e-001
 -1.4611884e-001
 -1.6205868e-001
 -1.6744107e-001
 -1.6069844e-001
 -1.4355961e-001
 -1.2053447e-001
 -9.7566652e-002
 -8.0280018e-002
 -7.2364724e-002
 -7.4593088e-002
 -8.4749027e-002
 -9.8467785e-002
 -1.1070614e-001
 -1.1737988e-001
 -1.1666569e-001
 -1.0957531e-001
 -9.9633687e-002
 -9.1762726e-002
 -9.0708758e-002
 -9.9487429e-002
 -1.1831507e-001
 -1.4435261e-001
 -1.7234822e-001
 -1.9599889e-001
 -2.0963799e-001
 -2.0976044e-001
 -1.9594797e-001
 -1.7093961e-001
 -1.3985007e-001
 -1.0879178e-001
 -8.3326010e-002
 -6.7202649e-002
 -6.1737817e-002
 -6.5961662e-002
 -7.7417086e-002
 -9.3287045e-002
 -1.1143964e-001
 -1.3103347e-001
 -1.5249909e-001
 -1.7694336e-001
 -2.0523001e-001
 -2.3710075e-001
 -2.7068033e-001
 -3.0256751e-001
 -3.2850676e-001
 -3.4443567e-001
 -3.4758074e-001
 -3.3726436e-001
 -3.1518514e-001
 -2.8510011e-001
 -2.5201136e-001
 -2.2108768e-001
 -1.9660204e-001
 -1.8113684e-001
 -1.7522111e-001
 -1.7745026e-001
 -1.8502738e-001
 -1.9457698e-001
 -2.0302883e-001
 -2.0835732e-001
 -2.0999476e-001
 -2.0881299e-001
 -2.0667788e-001
 -2.0570057e-001
 -2.0740721e-001
 -2.1208839e-001
 -2.1855117e-001
 -2.2438099e-001
 -2.2665920e-001
 -2.2292526e-001
 -2.1207608e-001
 -1.9489642e-001
 -1.7402061e-001
 -1.5330397e-001
 -1.3677513e-001
 -1.2748042e-001
 -1.2657223e-001
 -1.3291896e-001
 -1.4335349e-001
 -1.5348358e-001
 -1.5882709e-001
 -1.5595476e-001
 -1.4334401e-001
 -1.2175115e-001
 -9.4054760e-002
 -6.4660908e-002
 -3.8649739e-002
 -2.0867389e-002
 -1.5133713e-002
 -2.3671486e-002
 -4.6796729e-002
 -8.2865102e-002
 -1.2845191e-001
 -1.7874364e-001
 -2.2811873e-001
 -2.7087853e-001
 -3.0205347e-001
 -3.1816537e-001
 -3.1779840e-001
 -3.0184099e-001
 -2.7331876e-001
 -2.3683375e-001
 -1.9772952e-001
 -1.6117552e-001
 -1.3138141e-001
 -1.1110176e-001
 -1.0149500e-001
 -1.0229177e-001
 -1.1214921e-001
 -1.2904323e-001
 -1.5058508e-001
 -1.7421892e-001
 -1.9733176e-001
 -2.1735307e-001
 -2.3192217e-001
 -2.3915974e-001
 -2.3801381e-001
 -2.2859020e-001
 -2.1234549e-001
 -1.9203387e-001
 -1.7135486e-001
 -1.5433277e-001
 -1.4454362e-001
 -1.4436536e-001
 -1.5443999e-001
 -1.7349544e-001
 -1.9859009e-001
 -2.2573663e-001
 -2.5076457e-001
 -2.7021974e-001
 -2.8208860e-001
 -2.8617839e-001
 -2.8406678e-001
 -2.7863668e-001
 -2.7330929e-001
 -2.7116046e-001
 -2.7413582e-001
 -2.8256099e-001
 -2.9507589e-001
 -3.0901750e-001
 -3.2115675e-001
 -3.2859237e-001
 -3.2955003e-001
 -3.2385039e-001
 -3.1289989e-001
 -2.9920118e-001
 -2.8553451e-001
 -2.7407522e-001
 -2.6574188e-001
 -2.5999839e-001
 -2.5517926e-001
 -2.4922304e-001
 -2.4055003e-001
 -2.2876565e-001
 -2.1493312e-001
 -2.0131777e-001
 -1.9070046e-001
 -1.8551324e-001
 -1.8710603e-001
 -1.9538817e-001
 -2.0893432e-001
 -2.2546512e-001
 -2.4248613e-001
 -2.5784121e-001
 -2.7001269e-001
 -2.7813628e-001
 -2.8182734e-001
 -2.8097791e-001
 -2.7565868e-001
 -2.6616887e-001
 -2.5317201e-001
 -2.3779182e-001
 -2.2155131e-001
 -2.0611195e-001
 -1.9287087e-001
 -1.8255232e-001
 -1.7495100e-001
 -1.6893994e-001
 -1.6276674e-001
 -1.5456507e-001
 -1.4293848e-001
 -1.2745079e-001
 -1.0888283e-001
 -8.9176526e-002
 -7.1064486e-002
 -5.7459909e-002
 -5.0742132e-002
 -5.2107448e-002
 -6.1153074e-002
 -7.5819664e-002
 -9.2737609e-002
 -1.0791947e-001
 -1.1764159e-001
 -1.1929366e-001
 -1.1197113e-001
 -9.6650108e-002
 -7.5902026e-002
 -5.3240670e-002
 -3.2300856e-002
 -1.6089792e-002
 -6.5129256e-003
 -4.2705043e-003
 -9.0880760e-003
 -2.0133189e-002
 -3.6422428e-002
 -5.7053707e-002
 -8.1193464e-002
 -1.0786694e-001
 -1.3569285e-001
 -1.6273322e-001
 -1.8658247e-001
 -2.0471711e-001
 -2.1501046e-001
 -2.1623558e-001
 -2.0836901e-001
 -1.9257467e-001
 -1.7086647e-001
 -1.4557231e-001
 -1.1880003e-001
 -9.2103887e-002
 -6.6466188e-002
 -4.2574093e-002
 -2.1240857e-002
 -3.7492455e-003
  8.0842104e-003
  1.2214923e-002
  6.9775255e-003
 -8.2179086e-003
 -3.2381310e-002
 -6.2868370e-002
 -9.5832477e-002
 -1.2710554e-001
 -1.5324011e-001
 -1.7236559e-001
 -1.8455806e-001
 -1.9158433e-001
 -1.9609951e-001
 -2.0057421e-001
 -2.0632818e-001
 -2.1301342e-001
 -2.1873266e-001
 -2.2075545e-001
 -2.1658479e-001
 -2.0500417e-001
 -1.8674168e-001
 -1.6451523e-001
 -1.4242788e-001
 -1.2489307e-001
 -1.1541979e-001
 -1.1563303e-001
 -1.2483278e-001
 -1.4023103e-001
 -1.5779920e-001
 -1.7346985e-001
 -1.8432471e-001
 -1.8939903e-001
 -1.8984779e-001
 -1.8841730e-001
 -1.8838858e-001
 -1.9233399e-001
 -2.0109618e-001
 -2.1333225e-001
 -2.2578429e-001
 -2.3419977e-001
 -2.3461174e-001
 -2.2457346e-001
 -2.0396305e-001
 -1.7512197e-001
 -1.4231056e-001
 -1.1067601e-001
 -8.5060561e-002
 -6.8991705e-002
 -6.4099505e-002
 -7.0045106e-002
 -8.4885290e-002
 -1.0569427e-001
 -1.2924096e-001
 -1.5256608e-001
 -1.7338163e-001
 -1.9028517e-001
 -2.0281704e-001
 -2.1138931e-001
 -2.1710125e-001
 -2.2145152e-001
 -2.2597572e-001
 -2.3187354e-001
 -2.3971870e-001
 -2.4934216e-001
 -2.5993348e-001
 -2.7032896e-001
 -2.7937989e-001
 -2.8625872e-001
 -2.9058604e-001
 -2.9234285e-001
 -2.9163419e-001
 -2.8844510e-001
 -2.8253781e-001
 -2.7357226e-001
 -2.6141677e-001
 -2.4650664e-001
 -2.3005816e-001
 -2.1398398e-001
 -2.0047276e-001
 -1.9134253e-001
 -1.8739239e-001
 -1.8800602e-001
 -1.9118877e-001
 -1.9406929e-001
 -1.9372626e-001
 -1.8807542e-001
 -1.7652114e-001
 -1.6015396e-001
 -1.4143220e-001
 -1.2346360e-001
 -1.0913648e-001
 -1.0039025e-001
 -9.7848114e-002
 -1.0089079e-001
 -1.0808450e-001
 -1.1775636e-001
 -1.2848077e-001
 -1.3931101e-001
 -1.4972576e-001
 -1.5940015e-001
 -1.6798975e-001
 -1.7509607e-001
 -1.8047171e-001
 -1.8437276e-001
 -1.8785130e-001
 -1.9276284e-001
 -2.0136501e-001
 -2.1556636e-001
 -2.3607044e-001
 -2.6175972e-001
 -2.8962084e-001
 -3.1533054e-001
 -3.3436855e-001
 -3.4330253e-001
 -3.4079796e-001
 -3.2798535e-001
 -3.0804427e-001
 -2.8514769e-001
 -2.6314098e-001
 -2.4441584e-001
 -2.2935239e-001
 -2.1648250e-001
 -2.0326539e-001
 -1.8716511e-001
 -1.6664683e-001
 -1.4177743e-001
 -1.1428107e-001
 -8.7087485e-002
 -6.3550998e-002
 -4.6575591e-002
 -3.7863044e-002
 -3.7439493e-002
 -4.3547800e-002
 -5.2935891e-002
 -6.1518626e-002
 -6.5325809e-002
 -6.1565442e-002
 -4.9548793e-002
 -3.1185441e-002
 -1.0807076e-002
  5.7635915e-003
  1.2748135e-002
  6.1660420e-003
 -1.4720235e-002
 -4.6769425e-002
 -8.3426533e-002
 -1.1624573e-001
 -1.3707805e-001
 -1.4029137e-001
 -1.2435131e-001
 -9.2273911e-002
 -5.0805554e-002
 -8.5776509e-003
  2.6207887e-002
  4.7879176e-002
  5.4586922e-002
  4.8462378e-002
  3.4666263e-002
  1.9677007e-002
  9.3633672e-003
  7.4070458e-003
  1.4493263e-002
  2.8429341e-002
  4.5068494e-002
  5.9693157e-002
  6.8409131e-002
  6.9138866e-002
  6.1957862e-002
  4.8738317e-002
  3.2279087e-002
  1.5246091e-002
 -7.1841637e-004
 -1.5440603e-002
 -3.0101600e-002
 -4.6643538e-002
 -6.6924005e-002
 -9.1912911e-002
 -1.2119040e-001
 -1.5289020e-001
 -1.8408596e-001
 -2.1148971e-001
 -2.3225801e-001
 -2.4469321e-001
 -2.4867235e-001
 -2.4571024e-001
 -2.3864375e-001
 -2.3099897e-001
 -2.2616632e-001
 -2.2655854e-001
 -2.3295186e-001
 -2.4419682e-001
 -2.5741864e-001
 -2.6870849e-001
 -2.7416255e-001
 -2.7099902e-001
 -2.5842655e-001
 -2.3798304e-001
 -2.1321180e-001
 -1.8874822e-001
 -1.6908654e-001
 -1.5740861e-001
 -1.5484147e-001
 -1.6036789e-001
 -1.7139286e-001
 -1.8474865e-001
 -1.9777910e-001
 -2.0913093e-001
 -2.1899774e-001
 -2.2876475e-001
 -2.4021465e-001
 -2.5460051e-001
 -2.7192282e-001
 -2.9065993e-001
 -3.0803386e-001
 -3.2071149e-001
 -3.2570724e-001
 -3.2120784e-001
 -3.0708516e-001
 -2.8497314e-001
 -2.5791587e-001
 -2.2970533e-001
 -2.0409300e-001
 -1.8407082e-001
 -1.7138004e-001
 -1.6633593e-001
 -1.6797022e-001
 -1.7441363e-001
 -1.8338656e-001
 -1.9265501e-001
 -2.0034344e-001
 -2.0506692e-001
 -2.0592259e-001
 -2.0243336e-001
 -1.9453830e-001
 -1.8267249e-001
 -1.6789675e-001
 -1.5196766e-001
 -1.3722061e-001
 -1.2619502e-001
 -1.2104303e-001
 -1.2288655e-001
 -1.3135945e-001
 -1.4454913e-001
 -1.5942844e-001
 -1.7268514e-001
 -1.8168644e-001
 -1.8523607e-001
 -1.8383413e-001
 -1.7932620e-001
 -1.7406300e-001
 -1.6989226e-001
 -1.6738563e-001
 -1.6562603e-001
 -1.6266882e-001
 -1.5652203e-001
 -1.4627252e-001
 -1.3290229e-001
 -1.1943124e-001
 -1.1025869e-001
 -1.0987165e-001
 -1.2133465e-001
 -1.4508171e-001
 -1.7845300e-001
 -2.1618122e-001
 -2.5171576e-001
 -2.7898615e-001
 -2.9405055e-001
 -2.9610590e-001
 -2.8754494e-001
 -2.7305993e-001
 -2.5810612e-001
 -2.4724103e-001
 -2.4287951e-001
 -2.4484494e-001
 -2.5081209e-001
 -2.5742995e-001
 -2.6169115e-001
 -2.6205143e-001
 -2.5891577e-001
 -2.5434999e-001
 -2.5115905e-001
 -2.5169607e-001
 -2.5685230e-001
 -2.6560318e-001
 -2.7527784e-001
 -2.8245501e-001
 -2.8416131e-001
 -2.7893757e-001
 -2.6738432e-001
 -2.5198336e-001
 -2.3625120e-001
 -2.2352157e-001
 -2.1578976e-001
 -2.1303302e-001
 -2.1325431e-001
 -2.1324077e-001
 -2.0977489e-001
 -2.0087559e-001
 -1.8663510e-001
 -1.6935705e-001
 -1.5294309e-001
 -1.4173199e-001
 -1.3917940e-001
 -1.4681561e-001
 -1.6381869e-001
 -1.8732853e-001
 -2.1337756e-001
 -2.3811208e-001
 -2.5889071e-001
 -2.7490084e-001
 -2.8710843e-001
 -2.9758865e-001
 -3.0849519e-001
 -3.2104338e-001
 -3.3486866e-001
 -3.4798544e-001
 -3.5735964e-001
 -3.5989593e-001
 -3.5349922e-001
 -3.3784676e-001
 -3.1460845e-001
 -2.8704236e-001
 -2.5910332e-001
 -2.3436293e-001
 -2.1509448e-001
 -2.0180963e-001
 -1.9337157e-001
 -1.8760966e-001
 -1.8219440e-001
 -1.7545726e-001
 -1.6687899e-001
 -1.5710722e-001
 -1.4754430e-001
 -1.3970227e-001
 -1.3459560e-001
 -1.3240822e-001
 -1.3254572e-001
 -1.3401901e-001
 -1.3596801e-001
 -1.3807913e-001
 -1.4069893e-001
 -1.4457883e-001
 -1.5034815e-001
 -1.5793915e-001
 -1.6622544e-001
 -1.7306677e-001
 -1.7580141e-001
 -1.7204946e-001
 -1.6055628e-001
 -1.4176933e-001
 -1.1792356e-001
 -9.2582759e-002
 -6.9782336e-002
 -5.3064866e-002
 -4.4732937e-002
 -4.5548638e-002
 -5.4923113e-002
 -7.1441088e-002
 -9.3440150e-002
 -1.1936924e-001
 -1.4778488e-001
 -1.7704758e-001
 -2.0495969e-001
 -2.2865134e-001
 -2.4493231e-001
 -2.5111214e-001
 -2.4603974e-001
 -2.3094038e-001
 -2.0962415e-001
 -1.8782821e-001
 -1.7177589e-001
 -1.6636600e-001
 -1.7360474e-001
 -1.9186631e-001
 -2.1630510e-001
 -2.4033301e-001
 -2.5767439e-001
 -2.6428005e-001
 -2.5942164e-001
 -2.4559171e-001
 -2.2728900e-001
 -2.0919326e-001
 -1.9445782e-001
 -1.8378033e-001
 -1.7557941e-001
 -1.6714570e-001
 -1.5623763e-001
 -1.4241924e-001
 -1.2755631e-001
 -1.1524637e-001
 -1.0940671e-001
 -1.1259871e-001
 -1.2478378e-001
 -1.4304168e-001
 -1.6240448e-001
 -1.7751927e-001
 -1.8452305e-001
 -1.8242036e-001
 -1.7343298e-001
 -1.6217321e-001
 -1.5393181e-001
 -1.5270538e-001
 -1.5968853e-001
 -1.7278820e-001
 -1.8734132e-001
 -1.9777450e-001
 -1.9959996e-001
 -1.9102241e-001
 -1.7358185e-001
 -1.5161570e-001
 -1.3075607e-001
 -1.1602021e-001
 -1.1018030e-001
 -1.1297196e-001
 -1.2137539e-001
 -1.3080911e-001
 -1.3676233e-001
 -1.3626966e-001
 -1.2873344e-001
 -1.1587082e-001
 -1.0089274e-001
 -8.7283611e-002
 -7.7654979e-002
 -7.3069504e-002
 -7.3017679e-002
 -7.5969483e-002
 -8.0215696e-002
 -8.4630536e-002
 -8.9049586e-002
 -9.4131783e-002
 -1.0078995e-001
 -1.0944853e-001
 -1.1945614e-001
 -1.2892097e-001
 -1.3507406e-001
 -1.3506161e-001
 -1.2689949e-001
 -1.1025333e-001
 -8.6761519e-002
 -5.9773928e-002
 -3.3579359e-002
 -1.2366250e-002
  7.5536918e-004
  4.3736148e-003
 -1.1307630e-003
 -1.4001666e-002
 -3.1856273e-002
 -5.2486745e-002
 -7.4437514e-002
 -9.7174912e-002
 -1.2081813e-001
 -1.4555821e-001
 -1.7100320e-001
 -1.9571778e-001
 -2.1716607e-001
 -2.3213531e-001
 -2.3755555e-001
 -2.3148593e-001
 -2.1395694e-001
 -1.8736984e-001
 -1.5626294e-001
 -1.2643458e-001
 -1.0361454e-001
 -9.2036860e-002
 -9.3331445e-002
 -1.0608789e-001
 -1.2626169e-001
 -1.4833945e-001
 -1.6693595e-001
 -1.7834291e-001
 -1.8154642e-001
 -1.7838517e-001
 -1.7279121e-001
 -1.6935280e-001
 -1.7166538e-001
 -1.8101438e-001
 -1.9583308e-001
 -2.1212890e-001
 -2.2475424e-001
 -2.2911556e-001
 -2.2276277e-001
 -2.0633078e-001
 -1.8351118e-001
 -1.6004695e-001
 -1.4206503e-001
 -1.3428234e-001
 -1.3866448e-001
 -1.5396701e-001
 -1.7629520e-001
 -2.0047884e-001
 -2.2179003e-001
 -2.3742552e-001
 -2.4726590e-001
 -2.5367903e-001
 -2.6046306e-001
 -2.7131194e-001
 -2.8833557e-001
 -3.1113234e-001
 -3.3671258e-001
 -3.6028236e-001
 -3.7661887e-001
 -3.8159269e-001
 -3.7336726e-001
 -3.5292928e-001
 -3.2382348e-001
 -2.9120577e-001
 -2.6051540e-001
 -2.3615105e-001
 -2.2050410e-001
 -2.1357775e-001
 -2.1324681e-001
 -2.1604264e-001
 -2.1822328e-001
 -2.1683630e-001
 -2.1050510e-001
 -1.9975468e-001
 -1.8681371e-001
 -1.7495679e-001
 -1.6755581e-001
 -1.6707316e-001
 -1.7424159e-001
 -1.8763549e-001
 -2.0375467e-001
 -2.1763038e-001
 -2.2384508e-001
 -2.1775609e-001
 -1.9665037e-001
 -1.6055149e-001
 -1.1245763e-001
 -5.7905328e-002
 -3.9090707e-003
  4.2513200e-002
  7.5893609e-002
  9.3560483e-002
  9.6237333e-002
  8.7799556e-002
  7.4207410e-002
  6.1862915e-002
  5.5817263e-002
  5.8326066e-002
  6.8181039e-002
  8.1046992e-002
  9.0751922e-002
  9.1194054e-002
  7.8328693e-002
  5.1645523e-002
  1.4668416e-002
 -2.5722423e-002
 -6.1005707e-002
 -8.3317872e-002
 -8.7690938e-002
 -7.3579149e-002
 -4.5210960e-002
 -1.0631577e-002
  2.0323319e-002
  3.8570707e-002
  3.8134263e-002
  1.7653669e-002
 -1.9365022e-002
 -6.5609952e-002
 -1.1201010e-001
 -1.5016330e-001
 -1.7444160e-001
 -1.8318180e-001
 -1.7865922e-001
 -1.6592298e-001
 -1.5092240e-001
 -1.3856459e-001
 -1.3134169e-001
 -1.2895258e-001
 -1.2898654e-001
 -1.2835947e-001
 -1.2492823e-001
 -1.1865199e-001
 -1.1184507e-001
 -1.0841038e-001
 -1.1233239e-001
 -1.2599643e-001
 -1.4897973e-001
 -1.7779659e-001
 -2.0673457e-001
 -2.2951951e-001
 -2.4124169e-001
 -2.3987660e-001
 -2.2687510e-001
 -2.0662526e-001
 -1.8498038e-001
 -1.6736455e-001
 -1.5709902e-001
 -1.5450109e-001
 -1.5703108e-001
 -1.6040328e-001
 -1.6025765e-001
 -1.5381317e-001
 -1.4094419e-001
 -1.2432281e-001
 -1.0858413e-001
 -9.8793031e-002
 -9.8720051e-002
 -1.0949745e-001
 -1.2910674e-001
 -1.5288248e-001
 -1.7488857e-001
 -1.8973607e-001
 -1.9425892e-001
 -1.8849805e-001
 -1.7565832e-001
 -1.6103181e-001
 -1.5022068e-001
 -1.4723117e-001
 -1.5306663e-001
 -1.6529697e-001
 -1.7876950e-001
 -1.8725149e-001
 -1.8548084e-001
 -1.7095525e-001
 -1.4486442e-001
 -1.1184407e-001
 -7.8616923e-002
 -5.1955407e-002
 -3.6629276e-002
 -3.4008971e-002
 -4.1778264e-002
 -5.4839863e-002
 -6.7100647e-002
 -7.3534063e-002
 -7.1833291e-002
 -6.3116567e-002
 -5.1471905e-002
 -4.2519084e-002
 -4.1488486e-002
 -5.1462440e-002
 -7.2350680e-002
 -1.0090913e-001
 -1.3175550e-001
 -1.5900949e-001
 -1.7799931e-001
 -1.8648579e-001
 -1.8504917e-001
 -1.7658419e-001
 -1.6514762e-001
 -1.5459530e-001
 -1.4747337e-001
 -1.4449438e-001
 -1.4469426e-001
 -1.4612336e-001
 -1.4676097e-001
 -1.4530765e-001
 -1.4159985e-001
 -1.3655920e-001
 -1.3176283e-001
 -1.2883978e-001
 -1.2892734e-001
 -1.3236631e-001
 -1.3870775e-001
 -1.4699133e-001
 -1.5617380e-001
 -1.6555490e-001
 -1.7506530e-001
 -1.8533306e-001
 -1.9751125e-001
 -2.1291287e-001
 -2.3254877e-001
 -2.5669283e-001
 -2.8460128e-001
 -3.1448712e-001
 -3.4379528e-001
 -3.6974590e-001
 -3.9002812e-001
 -4.0345952e-001
 -4.1040496e-001
 -4.1279177e-001
 -4.1366435e-001
 -4.1636554e-001
 -4.2356661e-001
 -4.3644192e-001
 -4.5426278e-001
 -4.7456493e-001
 -4.9386115e-001
 -5.0868636e-001
 -5.1664410e-001
 -5.1711478e-001
 -5.1139413e-001
 -5.0221835e-001
 -4.9283627e-001
 -4.8593798e-001
 -4.8279364e-001
 -4.8288288e-001
 -4.8412954e-001
 -4.8365750e-001
 -4.7881429e-001
 -4.6812612e-001
 -4.5187342e-001
 -4.3210080e-001
 -4.1205710e-001
 -3.9524302e-001
 -3.8436768e-001
 -3.8054324e-001
 -3.8296916e-001
 -3.8920049e-001
 -3.9590822e-001
 -3.9988675e-001
 -3.9899316e-001
 -3.9273793e-001
 -3.8237034e-001
 -3.7046822e-001
 -3.6019094e-001
 -3.5443873e-001
 -3.5515865e-001
 -3.6296125e-001
 -3.7709879e-001
 -3.9574910e-001
 -4.1648201e-001
 -4.3676839e-001
 -4.5441595e-001
 -4.6786127e-001
 -4.7629403e-001
 -4.7962578e-001
 -4.7834010e-001
 -4.7327580e-001
 -4.6540143e-001
 -4.5563594e-001
 -4.4475311e-001
 -4.3337672e-001
 -4.2203828e-001
 -4.1124250e-001
 -4.0148247e-001
 -3.9317277e-001
 -3.8651497e-001
 -3.8135712e-001
 -3.7713162e-001
 -3.7293877e-001
 -3.6778770e-001
 -3.6093310e-001
 -3.5218694e-001
 -3.4206927e-001
 -3.3170497e-001
 -3.2246371e-001
 -3.1544645e-001
 -3.1100143e-001
 -3.0846933e-001
 -3.0629680e-001
 -3.0253454e-001
 -2.9559055e-001
 -2.8499465e-001
 -2.7189283e-001
 -2.5905197e-001
 -2.5030285e-001
 -2.4953848e-001
 -2.5954901e-001
 -2.8105580e-001
 -3.1226810e-001
 -3.4913419e-001
 -3.8624001e-001
 -4.1809631e-001
 -4.4042470e-001
 -4.5105181e-001
 -4.5015330e-001
 -4.3980988e-001
 -4.2307008e-001
 -4.0287535e-001
 -3.8123491e-001
 -3.5892878e-001
 -3.3580704e-001
 -3.1151923e-001
 -2.8633549e-001
 -2.6167930e-001
 -2.4009858e-001
 -2.2462452e-001
 -2.1772445e-001
 -2.2024812e-001
 -2.3081439e-001
 -2.4595607e-001
 -2.6107002e-001
 -2.7190177e-001
 -2.7605211e-001
 -2.7393050e-001
 -2.6873804e-001
 -2.6539969e-001
 -2.6876070e-001
 -2.8166718e-001
 -3.0363656e-001
 -3.3064531e-001
 -3.5617155e-001
 -3.7317199e-001
 -3.7631966e-001
 -3.6372098e-001
 -3.3751371e-001
 -3.0315405e-001
 -2.6767511e-001
 -2.3755772e-001
 -2.1696145e-001
 -2.0688533e-001
 -2.0544406e-001
 -2.0901732e-001
 -2.1373045e-001
 -2.1666605e-001
 -2.1639821e-001
 -2.1278390e-001
 -2.0628369e-001
 -1.9726670e-001
 -1.8570942e-001
 -1.7145509e-001
 -1.5488037e-001
 -1.3757216e-001
 -1.2256808e-001
 -1.1388818e-001
 -1.1540990e-001
 -1.2946834e-001
 -1.5574888e-001
 -1.9098473e-001
 -2.2968752e-001
 -2.6573265e-001
 -2.9425826e-001
 -3.1317254e-001
 -3.2367525e-001
 -3.2955492e-001
 -3.3548895e-001
 -3.4496973e-001
 -3.5864707e-001
 -3.7374477e-001
 -3.8482047e-001
 -3.8563758e-001
 -3.7149421e-001
 -3.4116841e-001
 -2.9776241e-001
 -2.4811809e-001
 -2.0098626e-001
 -1.6457542e-001
 -1.4431869e-001
 -1.4160493e-001
 -1.5386106e-001
 -1.7588372e-001
 -2.0188151e-001
 -2.2746287e-001
 -2.5086328e-001
 -2.7301809e-001
 -2.9653007e-001
 -3.2398683e-001
 -3.5630922e-001
 -3.9178125e-001
 -4.2614749e-001
 -4.5376618e-001
 -4.6942096e-001
 -4.7015447e-001
 -4.5647330e-001
 -4.3248547e-001
 -4.0489157e-001
 -3.8113597e-001
 -3.6730378e-001
 -3.6643159e-001
 -3.7776064e-001
 -3.9714946e-001
 -4.1848529e-001
 -4.3561608e-001
 -4.4417156e-001
 -4.4270040e-001
 -4.3279633e-001
 -4.1823326e-001
 -4.0345855e-001
 -3.9199473e-001
 -3.8530729e-001
 -3.8251250e-001
 -3.8099007e-001
 -3.7764182e-001
 -3.7030984e-001
 -3.5881708e-001
 -3.4523483e-001
 -3.3326634e-001
 -3.2696141e-001
 -3.2922758e-001
 -3.4068684e-001
 -3.5931032e-001
 -3.8098511e-001
 -4.0082696e-001
 -4.1477362e-001
 -4.2088228e-001
 -4.1985535e-001
 -4.1459906e-001
 -4.0897740e-001
 -4.0622512e-001
 -4.0761367e-001
 -4.1187105e-001
 -4.1557431e-001
 -4.1436886e-001
 -4.0456066e-001
 -3.8449291e-001
 -3.5520801e-001
 -3.2017012e-001
 -2.8417648e-001
 -2.5188108e-001
 -2.2648172e-001
 -2.0903927e-001
 -1.9864324e-001
 -1.9331185e-001
 -1.9124192e-001
 -1.9190222e-001
 -1.9653363e-001
 -2.0784815e-001
 -2.2901943e-001
 -2.6231994e-001
 -3.0789282e-001
 -3.6310797e-001
 -4.2275953e-001
 -4.8008703e-001
 -5.2833759e-001
 -5.6241715e-001
 -5.8015242e-001
 -5.8280274e-001
 -5.7467828e-001
 -5.6196921e-001
 -5.5110038e-001
 -5.4704446e-001
 -5.5202990e-001
 -5.6497500e-001
 -5.8179488e-001
 -5.9650897e-001
 -6.0287322e-001
 -5.9612073e-001
 -5.7435330e-001
 -5.3920164e-001
 -4.9555213e-001
 -4.5038491e-001
 -4.1101675e-001
 -3.8322148e-001
 -3.6975068e-001
 -3.6967354e-001
 -3.7872066e-001
 -3.9051988e-001
 -3.9834772e-001
 -3.9687525e-001
 -3.8341070e-001
 -3.5832440e-001
 -3.2461671e-001
 -2.8685869e-001
 -2.4990312e-001
 -2.1777803e-001
 -1.9304415e-001
 -1.7668514e-001
 -1.6839696e-001
 -1.6702997e-001
 -1.7095033e-001
 -1.7820636e-001
 -1.8654221e-001
 -1.9341738e-001
 -1.9620692e-001
 -1.9266394e-001
 -1.8156712e-001
 -1.6332789e-001
 -1.4027121e-001
 -1.1637318e-001
 -9.6422000e-002
 -8.4799449e-002
 -8.4261791e-002
 -9.5148824e-002
 -1.1533209e-001
 -1.4096103e-001
 -1.6776997e-001
 -1.9248497e-001
 -2.1381214e-001
 -2.3262917e-001
 -2.5129436e-001
 -2.7232265e-001
 -2.9692823e-001
 -3.2399921e-001
 -3.4992378e-001
 -3.6938348e-001
 -3.7687979e-001
 -3.6849461e-001
 -3.4329724e-001
 -3.0392677e-001
 -2.5615248e-001
 -2.0754514e-001
 -1.6566613e-001
 -1.3631217e-001
 -1.2230843e-001
 -1.2314929e-001
 -1.3551639e-001
 -1.5444715e-001
 -1.7476146e-001
 -1.9232169e-001
 -2.0479886e-001
 -2.1180401e-001
 -2.1445237e-001
 -2.1459181e-001
 -2.1399847e-001
 -2.1380679e-001
 -2.1432068e-001
 -2.1519724e-001
 -2.1586067e-001
 -2.1593938e-001
 -2.1553940e-001
 -2.1525717e-001
 -2.1595335e-001
 -2.1840670e-001
 -2.2300769e-001
 -2.2962133e-001
 -2.3766737e-001
 -2.4636953e-001
 -2.5505643e-001
 -2.6338354e-001
 -2.7139097e-001
 -2.7939304e-001
 -2.8777493e-001
 -2.9681149e-001
 -3.0660601e-001
 -3.1718065e-001
 -3.2866646e-001
 -3.4148042e-001
 -3.5636972e-001
 -3.7425587e-001
 -3.9590274e-001
 -4.2152244e-001
 -4.5048108e-001
 -4.8124834e-001
 -5.1165350e-001
 -5.3939692e-001
 -5.6266351e-001
 -5.8063452e-001
 -5.9371740e-001
 -6.0340199e-001
 -6.1177434e-001
 -6.2083282e-001
 -6.3181596e-001
 -6.4474816e-001
 -6.5834142e-001
 -6.7028404e-001
 -6.7783568e-001
 -6.7856500e-001
 -6.7103153e-001
 -6.5523397e-001
 -6.3271093e-001
 -6.0627017e-001
 -5.7941546e-001
 -5.5561429e-001
 -5.3758923e-001
 -5.2680968e-001
 -5.2330875e-001
 -5.2586219e-001
 -5.3246420e-001
 -5.4094694e-001
 -5.4954734e-001
 -5.5724386e-001
 -5.6376709e-001
 -5.6930714e-001
 -5.7405503e-001
 -5.7778139e-001
 -5.7964400e-001
 -5.7832736e-001
 -5.7248370e-001
 -5.6131939e-001
 -5.4510112e-001
 -5.2537337e-001
 -5.0477410e-001
 -4.8647374e-001
 -4.7339143e-001
 -4.6741717e-001
 -4.6886633e-001
 -4.7632217e-001
 -4.8690905e-001
 -4.9692419e-001
 -5.0266872e-001
 -5.0127847e-001
 -4.9136358e-001
 -4.7331541e-001
 -4.4921637e-001
 -4.2237791e-001
 -3.9661817e-001
 -3.7545486e-001
 -3.6141290e-001
 -3.5561693e-001
 -3.5775903e-001
 -3.6641993e-001
 -3.7961509e-001
 -3.9537447e-001
 -4.1217134e-001
 -4.2909195e-001
 -4.4575076e-001
 -4.6205826e-001
 -4.7799342e-001
 -4.9350259e-001
 -5.0855740e-001
 -5.2330203e-001
 -5.3815895e-001
 -5.5377482e-001
 -5.7077249e-001
 -5.8938934e-001
 -6.0916815e-001
 -6.2887546e-001
 -6.4674088e-001
 -6.6096980e-001
 -6.7034600e-001
 -6.7467433e-001
 -6.7485631e-001
 -6.7253209e-001
 -6.6940428e-001
 -6.6650427e-001
 -6.6370460e-001
 -6.5969736e-001
 -6.5247911e-001
 -6.4017968e-001
 -6.2192746e-001
 -5.9841750e-001
 -5.7195276e-001
 -5.4592152e-001
 -5.2388037e-001
 -5.0855275e-001
 -5.0107685e-001
 -5.0073889e-001
 -5.0525240e-001
 -5.1145874e-001
 -5.1619910e-001
 -5.1708106e-001
 -5.1293414e-001
 -5.0387912e-001
 -4.9107043e-001
 -4.7625908e-001
 -4.6134130e-001
 -4.4801284e-001
 -4.3757150e-001
 -4.3084145e-001
 -4.2815971e-001
 -4.2937563e-001
 -4.3385322e-001
 -4.4050547e-001
 -4.4790534e-001
 -4.5449868e-001
 -4.5889917e-001
 -4.6019806e-001
 -4.5819553e-001
 -4.5347310e-001
 -4.4727339e-001
 -4.4121880e-001
 -4.3695683e-001
 -4.3584490e-001
 -4.3877049e-001
 -4.4614746e-001
 -4.5805754e-001
 -4.7444363e-001
 -4.9523557e-001
 -5.2031463e-001
 -5.4929513e-001
 -5.8119682e-001
 -6.1416021e-001
 -6.4538256e-001
 -6.7140077e-001
 -6.8873042e-001
 -6.9472318e-001
 -6.8838766e-001
 -6.7088203e-001
 -6.4545832e-001
 -6.1680139e-001
 -5.8990956e-001
 -5.6883400e-001
 -5.5566666e-001
 -5.5010699e-001
 -5.4975951e-001
 -5.5107440e-001
 -5.5062246e-001
 -5.4627431e-001
 -5.3787928e-001
 -5.2720826e-001
 -5.1718310e-001
 -5.1067122e-001
 -5.0928596e-001
 -5.1263776e-001
 -5.1832433e-001
 -5.2268358e-001
 -5.2205679e-001
 -5.1412206e-001
 -4.9882710e-001
 -4.7858638e-001
 -4.5766040e-001
 -4.4091359e-001
 -4.3235538e-001
 -4.3393774e-001
 -4.4499225e-001
 -4.6247686e-001
 -4.8193933e-001
 -4.9887816e-001
 -5.1006351e-001
 -5.1440523e-001
 -5.1310965e-001
 -5.0910019e-001
 -5.0591171e-001
 -5.0642946e-001
 -5.1188179e-001
 -5.2140067e-001
 -5.3227075e-001
 -5.4076253e-001
 -5.4326082e-001
 -5.3731799e-001
 -5.2230309e-001
 -4.9946728e-001
 -4.7144733e-001
 -4.4141426e-001
 -4.1218033e-001
 -3.8557144e-001
 -3.6226006e-001
 -3.4207809e-001
 -3.2465345e-001
 -3.1009858e-001
 -2.9946271e-001
 -2.9474407e-001
 -2.9841335e-001
 -3.1257289e-001
 -3.3801206e-001
 -3.7347517e-001
 -4.1541742e-001
 -4.5839579e-001
 -4.9606083e-001
 -5.2253140e-001
 -5.3380038e-001
 -5.2877847e-001
 -5.0965420e-001
 -4.8142043e-001
 -4.5064728e-001
 -4.2380496e-001
 -4.0558679e-001
 -3.9770440e-001
 -3.9850652e-001
 -4.0354225e-001
 -4.0691531e-001
 -4.0304237e-001
 -3.8831021e-001
 -3.6216095e-001
 -3.2731048e-001
 -2.8906597e-001
 -2.5397094e-001
 -2.2818901e-001
 -2.1608719e-001
 -2.1938819e-001
 -2.3706634e-001
 -2.6593007e-001
 -3.0164178e-001
 -3.3982889e-001
 -3.7696063e-001
 -4.1078569e-001
 -4.4029686e-001
 -4.6534924e-001
 -4.8615416e-001
 -5.0287474e-001
 -5.1546819e-001
 -5.2379177e-001
 -5.2786803e-001
 -5.2813824e-001
 -5.2554645e-001
 -5.2138161e-001
 -5.1692419e-001
 -5.1304350e-001
 -5.0992958e-001
 -5.0709785e-001
 -5.0369471e-001
 -4.9899996e-001
 -4.9292486e-001
 -4.8628653e-001
 -4.8071294e-001
 -4.7817420e-001
 -4.8029081e-001
 -4.8767553e-001
 -4.9957515e-001
 -5.1398184e-001
 -5.2821213e-001
 -5.3976832e-001
 -5.4717467e-001
 -5.5047013e-001
 -5.5115193e-001
 -5.5156260e-001
 -5.5392441e-001
 -5.5937007e-001
 -5.6733781e-001
 -5.7558183e-001
 -5.8083372e-001
 -5.7991506e-001
 -5.7093053e-001
 -5.5412843e-001
 -5.3211787e-001
 -5.0934362e-001
 -4.9096632e-001
 -4.8149073e-001
 -4.8356246e-001
 -4.9728955e-001
 -5.2026727e-001
 -5.4825928e-001
 -5.7629444e-001
 -5.9983968e-001
 -6.1572806e-001
 -6.2263767e-001
 -6.2107751e-001
 -6.1297987e-001
 -6.0108102e-001
 -5.8827848e-001
 -5.7710252e-001
 -5.6936607e-001
 -5.6599504e-001
 -5.6700989e-001
 -5.7162627e-001
 -5.7845420e-001
 -5.8578061e-001
 -5.9190949e-001
 -5.9550833e-001
 -5.9588332e-001
 -5.9309755e-001
 -5.8787072e-001
 -5.8125761e-001
 -5.7418132e-001
 -5.6696851e-001
 -5.5906529e-001
 -5.4908168e-001
 -5.3521608e-001
 -5.1597472e-001
 -4.9096958e-001
 -4.6150530e-001
 -4.3069036e-001
 -4.0293727e-001
 -3.8291687e-001
 -3.7423799e-001
 -3.7825820e-001
 -3.9343653e-001
 -4.1549959e-001
 -4.3844492e-001
 -4.5612986e-001
 -4.6398582e-001
 -4.6033341e-001
 -4.4688163e-001
 -4.2824492e-001
 -4.1062093e-001
 -4.0003676e-001
 -4.0070030e-001
 -4.1394389e-001
 -4.3803993e-001
 -4.6887794e-001
 -5.0122343e-001
 -5.3012288e-001
 -5.5202252e-001
 -5.6531739e-001
 -5.7027426e-001
 -5.6848645e-001
 -5.6214318e-001
 -5.5339481e-001
 -5.4398759e-001
 -5.3518522e-001
 -5.2786353e-001
 -5.2261198e-001
 -5.1971684e-001
 -5.1900627e-001
 -5.1965115e-001
 -5.2007914e-001
 -5.1814017e-001
 -5.1156493e-001
 -4.9862566e-001
 -4.7879774e-001
 -4.5318236e-001
 -4.2450476e-001
 -3.9663251e-001
 -3.7371739e-001
 -3.5919528e-001
 -3.5493401e-001
 -3.6078058e-001
 -3.7464035e-001
 -3.9306047e-001
 -4.1214130e-001
 -4.2850781e-001
 -4.4006535e-001
 -4.4634140e-001
 -4.4834913e-001
 -4.4805759e-001
 -4.4766764e-001
 -4.4893758e-001
 -4.5276438e-001
 -4.5912061e-001
 -4.6731321e-001
 -4.7641657e-001
 -4.8568044e-001
 -4.9474272e-001
 -5.0357439e-001
 -5.1220968e-001
 -5.2041621e-001
 -5.2749293e-001
 -5.3233067e-001
 -5.3375133e-001
 -5.3100465e-001
 -5.2420771e-001
 -5.1450620e-001
 -5.0382978e-001
 -4.9427461e-001
 -4.8731261e-001
 -4.8312943e-001
 -4.8038204e-001
 -4.7653706e-001
 -4.6874091e-001
 -4.5496018e-001
 -4.3499545e-001
 -4.1097510e-001
 -3.8708668e-001
 -3.6855888e-001
 -3.6017895e-001
 -3.6482082e-001
 -3.8249062e-001
 -4.1024809e-001
 -4.4307589e-001
 -4.7544022e-001
 -5.0303002e-001
 -5.2407619e-001
 -5.3977337e-001
 -5.5362367e-001
 -5.6989469e-001
 -5.9170370e-001
 -6.1939184e-001
 -6.4977610e-001
 -6.7658632e-001
 -6.9200175e-001
 -6.8883526e-001
 -6.6269659e-001
 -6.1347334e-001
 -5.4569064e-001
 -4.6766440e-001
 -3.8972500e-001
 -3.2203620e-001
 -2.7259792e-001
 -2.4589836e-001
 -2.4243621e-001
 -2.5906634e-001
 -2.8992610e-001
 -3.2762786e-001
 -3.6445139e-001
 -3.9338545e-001
 -4.0898049e-001
 -4.0802509e-001
 -3.9003374e-001
 -3.5746176e-001
 -3.1550577e-001
 -2.7136339e-001
 -2.3294088e-001
 -2.0718553e-001
 -1.9841100e-001
 -2.0708874e-001
 -2.2952971e-001
 -2.5866420e-001
 -2.8580037e-001
 -3.0291213e-001
 -3.0479809e-001
 -2.9045516e-001
 -2.6323782e-001
 -2.2975918e-001
 -1.9790021e-001
 -1.7458092e-001
 -1.6400681e-001
 -1.6691261e-001
 -1.8095582e-001
 -2.0200385e-001
 -2.2576412e-001
 -2.4913111e-001
 -2.7078908e-001
 -2.9093896e-001
 -3.1037810e-001
 -3.2940874e-001
 -3.4709351e-001
 -3.6120395e-001
 -3.6890042e-001
 -3.6786611e-001
 -3.5742488e-001
 -3.3917553e-001
 -3.1686797e-001
 -2.9554526e-001
 -2.8025528e-001
 -2.7478529e-001
 -2.8083795e-001
 -2.9787279e-001
 -3.2357254e-001
 -3.5467103e-001
 -3.8778744e-001
 -4.1997713e-001
 -4.4888783e-001
 -4.7261348e-001
 -4.8947083e-001
 -4.9793091e-001
 -4.9682413e-001
 -4.8576600e-001
 -4.6560528e-001
 -4.3864804e-001
 -4.0848046e-001
 -3.7936643e-001
 -3.5536495e-001
 -3.3942391e-001
 -3.3272134e-001
 -3.3444298e-001
 -3.4204754e-001
 -3.5193137e-001
 -3.6030826e-001
 -3.6408637e-001
 -3.6154732e-001
 -3.5269038e-001
 -3.3917686e-001
 -3.2388178e-001
 -3.1013073e-001
 -3.0076675e-001
 -2.9724987e-001
 -2.9902294e-001
 -3.0335911e-001
 -3.0582065e-001
 -3.0130862e-001
 -2.8549835e-001
 -2.5629398e-001
 -2.1485988e-001
 -1.6584717e-001
 -1.1663458e-001
 -7.5697635e-002
 -5.0517790e-002
 -4.5634509e-002
 -6.1447472e-002
 -9.4169626e-002
 -1.3696986e-001
 -1.8194550e-001
 -2.2227350e-001
 -2.5382097e-001
 -2.7568866e-001
 -2.8955730e-001
 -2.9816189e-001
 -3.0355912e-001
 -3.0593590e-001
 -3.0348789e-001
 -2.9344962e-001
 -2.7385504e-001
 -2.4525637e-001
 -2.1158339e-001
 -1.7962465e-001
 -1.5715174e-001
 -1.5028016e-001
 -1.6103309e-001
 -1.8608387e-001
 -2.1727532e-001
 -2.4387926e-001
 -2.5590367e-001
 -2.4733063e-001
 -2.1814568e-001
 -1.7441807e-001
 -1.2637029e-001
 -8.5085073e-002
 -5.8976719e-002
 -5.1224892e-002
 -5.9010635e-002
 -7.4744636e-002
 -8.8780403e-002
 -9.2616257e-002
 -8.1479479e-002
 -5.5476014e-002
 -1.9050965e-002
  2.0884782e-002
  5.7376532e-002
  8.5506001e-002
  1.0346965e-001
  1.1244223e-001
  1.1548506e-001
  1.1607297e-001
  1.1686563e-001
  1.1914933e-001
  1.2303222e-001
  1.2814644e-001
  1.3442760e-001
  1.4256529e-001
  1.5391600e-001
  1.6993972e-001
  1.9144161e-001
  2.1797985e-001
  2.4771817e-001
  2.7780336e-001
  3.0512689e-001
  3.2717867e-001
  3.4267762e-001
  3.5176685e-001
  3.5574080e-001
  3.5644857e-001
  3.5562408e-001
  3.5439232e-001
