 -3.1397943e-001
 -3.1624962e-001
 -3.1742996e-001
 -3.1742455e-001
 -3.1681111e-001
 -3.1678261e-001
 -3.1883764e-001
 -3.2430408e-001
 -3.3384978e-001
 -3.4715331e-001
 -3.6286593e-001
 -3.7890560e-001
 -3.9301240e-001
 -4.0340082e-001
 -4.0930112e-001
 -4.1120715e-001
 -4.1073669e-001
 -4.1013440e-001
 -4.1156674e-001
 -4.1643086e-001
 -4.2489992e-001
 -4.3585344e-001
 -4.4721662e-001
 -4.5659923e-001
 -4.6202736e-001
 -4.6253351e-001
 -4.5842096e-001
 -4.5112933e-001
 -4.4276093e-001
 -4.3543747e-001
 -4.3070579e-001
 -4.2918524e-001
 -4.3055902e-001
 -4.3388842e-001
 -4.3811779e-001
 -4.4257500e-001
 -4.4727981e-001
 -4.5294600e-001
 -4.6067614e-001
 -4.7146083e-001
 -4.8566724e-001
 -5.0270970e-001
 -5.2103504e-001
 -5.3844710e-001
 -5.5267681e-001
 -5.6201566e-001
 -5.6580258e-001
 -5.6459790e-001
 -5.5997798e-001
 -5.5400818e-001
 -5.4855792e-001
 -5.4467479e-001
 -5.4221731e-001
 -5.3986479e-001
 -5.3550395e-001
 -5.2687574e-001
 -5.1228725e-001
 -4.9117758e-001
 -4.6437414e-001
 -4.3397128e-001
 -4.0287390e-001
 -3.7414291e-001
 -3.5032867e-001
 -3.3297181e-001
 -3.2239292e-001
 -3.1780188e-001
 -3.1766312e-001
 -3.2018215e-001
 -3.2375254e-001
 -3.2722803e-001
 -3.2995369e-001
 -3.3158021e-001
 -3.3176663e-001
 -3.2992066e-001
 -3.2511444e-001
 -3.1624819e-001
 -3.0243464e-001
 -2.8347748e-001
 -2.6025672e-001
 -2.3483781e-001
 -2.1019825e-001
 -1.8959210e-001
 -1.7570930e-001
 -1.6988210e-001
 -1.7160675e-001
 -1.7857018e-001
 -1.8722007e-001
 -1.9373987e-001
 -1.9514902e-001
 -1.9019450e-001
 -1.7975459e-001
 -1.6662402e-001
 -1.5474226e-001
 -1.4809922e-001
 -1.4964783e-001
 -1.6054173e-001
 -1.7990611e-001
 -2.0518042e-001
 -2.3290072e-001
 -2.5966929e-001
 -2.8302404e-001
 -3.0197189e-001
 -3.1706687e-001
 -3.3005362e-001
 -3.4321824e-001
 -3.5865887e-001
 -3.7769226e-001
 -4.0055642e-001
 -4.2647152e-001
 -4.5401174e-001
 -4.8164911e-001
 -5.0828103e-001
 -5.3356005e-001
 -5.5790708e-001
 -5.8219241e-001
 -6.0718533e-001
 -6.3296677e-001
 -6.5853836e-001
 -6.8182358e-001
 -7.0014398e-001
 -7.1109161e-001
 -7.1355590e-001
 -7.0855641e-001
 -6.9952945e-001
 -6.9183702e-001
 -6.9149089e-001
 -7.0335264e-001
 -7.2929883e-001
 -7.6694267e-001
 -8.0942649e-001
 -8.4653921e-001
 -8.6703094e-001
 -8.6159980e-001
 -8.2574408e-001
 -7.6161162e-001
 -6.7818508e-001
 -5.8957859e-001
 -5.1177154e-001
 -4.5860147e-001
 -4.3811622e-001
 -4.5034083e-001
 -4.8714276e-001
 -5.3428232e-001
 -5.7509782e-001
 -5.9479773e-001
 -5.8416871e-001
 -5.4170826e-001
 -4.7368216e-001
 -3.9222462e-001
 -3.1214114e-001
 -2.4737497e-001
 -2.0808368e-001
 -1.9897954e-001
 -2.1914212e-001
 -2.6307658e-001
 -3.2250258e-001
 -3.8828371e-001
 -4.5202493e-001
 -5.0709416e-001
 -5.4905590e-001
 -5.7565875e-001
 -5.8656307e-001
 -5.8295285e-001
 -5.6710293e-001
 -5.4192206e-001
 -5.1049067e-001
 -4.7564669e-001
 -4.3970460e-001
 -4.0438436e-001
 -3.7096215e-001
 -3.4055815e-001
 -3.1439528e-001
 -2.9384849e-001
 -2.8018109e-001
 -2.7401114e-001
 -2.7470865e-001
 -2.8001645e-001
 -2.8616142e-001
 -2.8856895e-001
 -2.8306452e-001
 -2.6722759e-001
 -2.4144864e-001
 -2.0928419e-001
 -1.7690490e-001
 -1.5172113e-001
 -1.4054838e-001
 -1.4784138e-001
 -1.7451956e-001
 -2.1772967e-001
 -2.7160260e-001
 -3.2875876e-001
 -3.8209809e-001
 -4.2634626e-001
 -4.5893219e-001
 -4.8000627e-001
 -4.9169226e-001
 -4.9690719e-001
 -4.9820351e-001
 -4.9705051e-001
 -4.9379026e-001
 -4.8823989e-001
 -4.8065578e-001
 -4.7261809e-001
 -4.6739592e-001
 -4.6952462e-001
 -4.8361713e-001
 -5.1274369e-001
 -5.5693608e-001
 -6.1241026e-001
 -6.7192065e-001
 -7.2630151e-001
 -7.6682808e-001
 -7.8768987e-001
 -7.8774693e-001
 -7.7090438e-001
 -7.4486215e-001
 -7.1854737e-001
 -6.9902785e-001
 -6.8895219e-001
 -6.8545543e-001
 -6.8101720e-001
 -6.6610032e-001
 -6.3275281e-001
 -5.7795853e-001
 -5.0552828e-001
 -4.2575626e-001
 -3.5279717e-001
 -3.0050500e-001
 -2.7804393e-001
 -2.8672525e-001
 -3.1917684e-001
 -3.6121421e-001
 -3.9589837e-001
 -4.0853414e-001
 -3.9103742e-001
 -3.4429642e-001
 -2.7780575e-001
 -2.0673985e-001
 -1.4744875e-001
 -1.1282876e-001
 -1.0899310e-001
 -1.3417042e-001
 -1.7998269e-001
 -2.3447965e-001
 -2.8579917e-001
 -3.2523865e-001
 -3.4885711e-001
 -3.5732826e-001
 -3.5439484e-001
 -3.4470723e-001
 -3.3193018e-001
 -3.1776897e-001
 -3.0212382e-001
 -2.8411481e-001
 -2.6340758e-001
 -2.4121238e-001
 -2.2052061e-001
 -2.0548549e-001
 -2.0020195e-001
 -2.0736354e-001
 -2.2730047e-001
 -2.5774098e-001
 -2.9436572e-001
 -3.3194850e-001
 -3.6569518e-001
 -3.9235781e-001
 -4.1080959e-001
 -4.2196620e-001
 -4.2815343e-001
 -4.3218018e-001
 -4.3643465e-001
 -4.4227507e-001
 -4.4986210e-001
 -4.5842540e-001
 -4.6682249e-001
 -4.7417129e-001
 -4.8033410e-001
 -4.8609470e-001
 -4.9297696e-001
 -5.0276979e-001
 -5.1691637e-001
 -5.3596989e-001
 -5.5930096e-001
 -5.8516832e-001
 -6.1115344e-001
 -6.3484243e-001
 -6.5455101e-001
 -6.6985903e-001
 -6.8176521e-001
 -6.9238233e-001
 -7.0423853e-001
 -7.1938713e-001
 -7.3860788e-001
 -7.6097599e-001
 -7.8397441e-001
 -8.0415716e-001
 -8.1818774e-001
 -8.2393845e-001
 -8.2129439e-001
 -8.1238015e-001
 -8.0109983e-001
 -7.9209884e-001
 -7.8944639e-001
 -7.9543666e-001
 -8.0987725e-001
 -8.3008410e-001
 -8.5158200e-001
 -8.6929212e-001
 -8.7884583e-001
 -8.7764167e-001
 -8.6536256e-001
 -8.4385343e-001
 -8.1645955e-001
 -7.8707594e-001
 -7.5921331e-001
 -7.3533650e-001
 -7.1660668e-001
 -7.0300843e-001
 -6.9372399e-001
 -6.8756522e-001
 -6.8330081e-001
 -6.7979968e-001
 -6.7601273e-001
 -6.7089073e-001
 -6.6335733e-001
 -6.5241654e-001
 -6.3739515e-001
 -6.1823619e-001
 -5.9570925e-001
 -5.7141087e-001
 -5.4749405e-001
 -5.2616783e-001
 -5.0910570e-001
 -4.9695677e-001
 -4.8913947e-001
 -4.8401581e-001
 -4.7941950e-001
 -4.7338706e-001
 -4.6486299e-001
 -4.5414559e-001
 -4.4291475e-001
 -4.3381194e-001
 -4.2968381e-001
 -4.3270844e-001
 -4.4366297e-001
 -4.6155172e-001
 -4.8370937e-001
 -5.0635643e-001
 -5.2545710e-001
 -5.3764747e-001
 -5.4098795e-001
 -5.3534867e-001
 -5.2234174e-001
 -5.0483921e-001
 -4.8622375e-001
 -4.6958027e-001
 -4.5703622e-001
 -4.4939919e-001
 -4.4614353e-001
 -4.4569685e-001
 -4.4590302e-001
 -4.4451433e-001
 -4.3959269e-001
 -4.2976269e-001
 -4.1432774e-001
 -3.9330484e-001
 -3.6743599e-001
 -3.3819772e-001
 -3.0777575e-001
 -2.7893275e-001
 -2.5469868e-001
 -2.3786626e-001
 -2.3036179e-001
 -2.3264900e-001
 -2.4336912e-001
 -2.5939402e-001
 -2.7636784e-001
 -2.8966332e-001
 -2.9553203e-001
 -2.9213695e-001
 -2.8015941e-001
 -2.6277564e-001
 -2.4497238e-001
 -2.3236176e-001
 -2.2980276e-001
 -2.4019446e-001
 -2.6375914e-001
 -2.9799716e-001
 -3.3831282e-001
 -3.7913409e-001
 -4.1522729e-001
 -4.4286889e-001
 -4.6058855e-001
 -4.6931900e-001
 -4.7194779e-001
 -4.7241832e-001
 -4.7463567e-001
 -4.8146981e-001
 -4.9410746e-001
 -5.1189822e-001
 -5.3270070e-001
 -5.5359916e-001
 -5.7176830e-001
 -5.8523664e-001
 -5.9334247e-001
 -5.9677571e-001
 -5.9722280e-001
 -5.9674423e-001
 -5.9708502e-001
 -5.9912836e-001
 -6.0265301e-001
 -6.0646088e-001
 -6.0883115e-001
 -6.0816077e-001
 -6.0359560e-001
 -5.9545517e-001
 -5.8530836e-001
 -5.7565257e-001
 -5.6925988e-001
 -5.6835226e-001
 -5.7382650e-001
 -5.8475301e-001
 -5.9831658e-001
 -6.1026410e-001
 -6.1579636e-001
 -6.1071858e-001
 -5.9257796e-001
 -5.6149104e-001
 -5.2041228e-001
 -4.7471561e-001
 -4.3112962e-001
 -3.9624725e-001
 -3.7497084e-001
 -3.6930797e-001
 -3.7787252e-001
 -3.9627227e-001
 -4.1831815e-001
 -4.3774211e-001
 -4.4993951e-001
 -4.5322144e-001
 -4.4919441e-001
 -4.4214518e-001
 -4.3761884e-001
 -4.4063528e-001
 -4.5410534e-001
 -4.7794073e-001
 -5.0912184e-001
 -5.4267154e-001
 -5.7319052e-001
 -5.9643803e-001
 -6.1044968e-001
 -6.1586181e-001
 -6.1539543e-001
 -6.1273723e-001
 -6.1124355e-001
 -6.1292179e-001
 -6.1801119e-001
 -6.2524613e-001
 -6.3263235e-001
 -6.3839202e-001
 -6.4169770e-001
 -6.4292426e-001
 -6.4335322e-001
 -6.4448477e-001
 -6.4726331e-001
 -6.5154891e-001
 -6.5606211e-001
 -6.5883713e-001
 -6.5801283e-001
 -6.5265119e-001
 -6.4325061e-001
 -6.3172528e-001
 -6.2081329e-001
 -6.1308666e-001
 -6.0989116e-001
 -6.1058875e-001
 -6.1239480e-001
 -6.1092185e-001
 -6.0131986e-001
 -5.7970840e-001
 -5.4448967e-001
 -4.9714430e-001
 -4.4224310e-001
 -3.8662055e-001
 -3.3789162e-001
 -3.0268615e-001
 -2.8506896e-001
 -2.8557784e-001
 -3.0115153e-001
 -3.2597660e-001
 -3.5302376e-001
 -3.7584825e-001
 -3.9015585e-001
 -3.9471122e-001
 -3.9136701e-001
 -3.8425670e-001
 -3.7843649e-001
 -3.7840500e-001
 -3.8693153e-001
 -4.0449073e-001
 -4.2938745e-001
 -4.5843701e-001
 -4.8791807e-001
 -5.1447994e-001
 -5.3576390e-001
 -5.5064580e-001
 -5.5916145e-001
 -5.6227566e-001
 -5.6166643e-001
 -5.5962131e-001
 -5.5902349e-001
 -5.6329938e-001
 -5.7616012e-001
 -6.0102440e-001
 -6.4014525e-001
 -6.9363112e-001
 -7.5868082e-001
 -8.2938103e-001
 -8.9731037e-001
 -9.5297406e-001
 -9.8781924e-001
 -9.9634614e-001
 -9.7772356e-001
 -9.3639033e-001
 -8.8137203e-001
 -8.2439623e-001
 -7.7724172e-001
 -7.4899395e-001
 -7.4392303e-001
 -7.6053610e-001
 -7.9203430e-001
 -8.2802614e-001
 -8.5702724e-001
 -8.6909929e-001
 -8.5798926e-001
 -8.2230320e-001
 -7.6552567e-001
 -6.9499084e-001
 -6.2014623e-001
 -5.5057287e-001
 -4.9422090e-001
 -4.5620550e-001
 -4.3832965e-001
 -4.3931032e-001
 -4.5553261e-001
 -4.8207282e-001
 -5.1372567e-001
 -5.4582914e-001
 -5.7477528e-001
 -5.9819420e-001
 -6.1487550e-001
 -6.2453133e-001
 -6.2750802e-001
 -6.2452892e-001
 -6.1651352e-001
 -6.0448194e-001
 -5.8952674e-001
 -5.7281976e-001
 -5.5561834e-001
 -5.3924053e-001
 -5.2499031e-001
 -5.1402940e-001
 -5.0721100e-001
 -5.0490843e-001
 -5.0688400e-001
 -5.1224439e-001
 -5.1951553e-001
 -5.2684270e-001
 -5.3228725e-001
 -5.3416046e-001
 -5.3131866e-001
 -5.2334863e-001
 -5.1059959e-001
 -4.9405933e-001
 -4.7511402e-001
 -4.5526076e-001
 -4.3584823e-001
 -4.1790281e-001
 -4.0206266e-001
 -3.8860325e-001
 -3.7751043e-001
 -3.6855123e-001
 -3.6131025e-001
 -3.5519177e-001
 -3.4942028e-001
 -3.4308765e-001
 -3.3528428e-001
 -3.2531465e-001
 -3.1294902e-001
 -2.9862307e-001
 -2.8348810e-001
 -2.6924571e-001
 -2.5776872e-001
 -2.5059138e-001
 -2.4841699e-001
 -2.5081008e-001
 -2.5620021e-001
 -2.6223237e-001
 -2.6638504e-001
 -2.6668005e-001
 -2.6226648e-001
 -2.5369101e-001
 -2.4276293e-001
 -2.3205047e-001
 -2.2416276e-001
 -2.2103725e-001
 -2.2344472e-001
 -2.3084790e-001
 -2.4163386e-001
 -2.5362620e-001
 -2.6470736e-001
 -2.7336617e-001
 -2.7902772e-001
 -2.8210222e-001
 -2.8377495e-001
 -2.8562403e-001
 -2.8918135e-001
 -2.9554468e-001
 -3.0511798e-001
 -3.1751745e-001
 -3.3164644e-001
 -3.4591657e-001
 -3.5857444e-001
 -3.6807901e-001
 -3.7346106e-001
 -3.7458918e-001
 -3.7227086e-001
 -3.6814297e-001
 -3.6435010e-001
 -3.6306661e-001
 -3.6596935e-001
 -3.7379489e-001
 -3.8610357e-001
 -4.0132195e-001
 -4.1705855e-001
 -4.3060927e-001
 -4.3951597e-001
 -4.4203089e-001
 -4.3737644e-001
 -4.2575840e-001
 -4.0816853e-001
 -3.8607037e-001
 -3.6108237e-001
 -3.3475001e-001
 -3.0844543e-001
 -2.8337261e-001
 -2.6061260e-001
 -2.4113529e-001
 -2.2573335e-001
 -2.1488684e-001
 -2.0861840e-001
 -2.0642377e-001
 -2.0734371e-001
 -2.1018540e-001
 -2.1382633e-001
 -2.1747548e-001
 -2.2075838e-001
 -2.2354894e-001
 -2.2557930e-001
 -2.2597891e-001
 -2.2297313e-001
 -2.1396191e-001
 -1.9608613e-001
 -1.6719834e-001
 -1.2695364e-001
 -7.7609230e-002
 -2.4137534e-002
  2.6560539e-002
  6.7252289e-002
  9.2365278e-002
  9.9740260e-002
  9.1497613e-002
  7.3598843e-002
  5.4099587e-002
  4.0556730e-002
  3.7400336e-002
  4.4170234e-002
  5.5291215e-002
  6.1577376e-002
  5.3071957e-002
  2.2347429e-002
 -3.2811887e-002
 -1.0826194e-001
 -1.9432267e-001
 -2.7836729e-001
 -3.4838337e-001
 -3.9638160e-001
 -4.2056864e-001
 -4.2559952e-001
 -4.2084620e-001
 -4.1725316e-001
 -4.2378812e-001
 -4.4459768e-001
 -4.7772278e-001
 -5.1571491e-001
 -5.4789880e-001
 -5.6354425e-001
 -5.5498269e-001
 -5.1978133e-001
 -4.6142046e-001
 -3.8838076e-001
 -3.1199121e-001
 -2.4368698e-001
 -1.9241891e-001
 -1.6284233e-001
 -1.5465479e-001
 -1.6313492e-001
 -1.8064529e-001
 -1.9866484e-001
 -2.0984175e-001
 -2.0960474e-001
 -1.9701340e-001
 -1.7472401e-001
 -1.4815011e-001
 -1.2406404e-001
 -1.0898504e-001
 -1.0771786e-001
 -1.2234582e-001
 -1.5186382e-001
 -1.9248962e-001
 -2.3854752e-001
 -2.8370570e-001
 -3.2228637e-001
 -3.5036482e-001
 -3.6642780e-001
 -3.7146246e-001
 -3.6847494e-001
 -3.6156747e-001
 -3.5480720e-001
 -3.5117191e-001
 -3.5184176e-001
 -3.5601948e-001
 -3.6132257e-001
 -3.6463391e-001
 -3.6316577e-001
 -3.5542564e-001
 -3.4179477e-001
 -3.2453870e-001
 -3.0723487e-001
 -2.9377746e-001
 -2.8725096e-001
 -2.8901026e-001
 -2.9825063e-001
 -3.1220910e-001
 -3.2695267e-001
 -3.3853247e-001
 -3.4417117e-001
 -3.4313615e-001
 -3.3703835e-001
 -3.2946006e-001
 -3.2500639e-001
 -3.2803926e-001
 -3.4144301e-001
 -3.6576323e-001
 -3.9895746e-001
 -4.3682818e-001
 -4.7402076e-001
 -5.0531478e-001
 -5.2685757e-001
 -5.3700798e-001
 -5.3657159e-001
 -5.2838402e-001
 -5.1638756e-001
 -5.0448957e-001
 -4.9554672e-001
 -4.9076651e-001
 -4.8967382e-001
 -4.9060274e-001
 -4.9150427e-001
 -4.9076796e-001
 -4.8777005e-001
 -4.8297643e-001
 -4.7760028e-001
 -4.7297991e-001
 -4.6993992e-001
 -4.6839438e-001
 -4.6734985e-001
 -4.6530766e-001
 -4.6091108e-001
 -4.5358952e-001
 -4.4395283e-001
 -4.3377937e-001
 -4.2558778e-001
 -4.2192954e-001
 -4.2463611e-001
 -4.3426905e-001
 -4.4995207e-001
 -4.6963635e-001
 -4.9070892e-001
 -5.1074546e-001
 -5.2816605e-001
 -5.4258855e-001
 -5.5477492e-001
 -5.6619872e-001
 -5.7838494e-001
 -5.9224743e-001
 -6.0765142e-001
 -6.2335609e-001
 -6.3736834e-001
 -6.4760043e-001
 -6.5261723e-001
 -6.5221884e-001
 -6.4764853e-001
 -6.4133204e-001
 -6.3620797e-001
 -6.3484852e-001
 -6.3864745e-001
 -6.4733940e-001
 -6.5901225e-001
 -6.7061627e-001
 -6.7881251e-001
 -6.8089488e-001
 -6.7550134e-001
 -6.6290645e-001
 -6.4483096e-001
 -6.2386315e-001
 -6.0270598e-001
 -5.8350318e-001
 -5.6744707e-001
 -5.5475310e-001
 -5.4494761e-001
 -5.3730753e-001
 -5.3125224e-001
 -5.2653036e-001
 -5.2314695e-001
 -5.2109735e-001
 -5.2006349e-001
 -5.1924995e-001
 -5.1748056e-001
 -5.1356315e-001
 -5.0680351e-001
 -4.9746060e-001
 -4.8692264e-001
 -4.7745820e-001
 -4.7153806e-001
 -4.7088655e-001
 -4.7554878e-001
 -4.8330518e-001
 -4.8970430e-001
 -4.8882667e-001
 -4.7467773e-001
 -4.4289576e-001
 -3.9231697e-001
 -3.2591585e-001
 -2.5075638e-001
 -1.7683183e-001
 -1.1498034e-001
 -7.4354839e-002
 -6.0107073e-002
 -7.1946509e-002
 -1.0403590e-001
 -1.4632820e-001
 -1.8703514e-001
 -2.1557536e-001
 -2.2519493e-001
 -2.1454521e-001
 -1.8781707e-001
 -1.5346586e-001
 -1.2197004e-001
 -1.0331283e-001
 -1.0488401e-001
 -1.3028240e-001
 -1.7915489e-001
 -2.4787111e-001
 -3.3062841e-001
 -4.2056751e-001
 -5.1063153e-001
 -5.9412792e-001
 -6.6513683e-001
 -7.1896467e-001
 -7.5274713e-001
 -7.6611741e-001
 -7.6167613e-001
 -7.4493395e-001
 -7.2350023e-001
 -7.0553949e-001
 -6.9781864e-001
 -7.0389466e-001
 -7.2303844e-001
 -7.5031546e-001
 -7.7789651e-001
 -7.9726856e-001
 -8.0170412e-001
 -7.8824074e-001
 -7.5856388e-001
 -7.1852901e-001
 -6.7648496e-001
 -6.4092693e-001
 -6.1819506e-001
 -6.1088973e-001
 -6.1742470e-001
 -6.3277589e-001
 -6.5012941e-001
 -6.6289607e-001
 -6.6650178e-001
 -6.5948271e-001
 -6.4365397e-001
 -6.2339647e-001
 -6.0433441e-001
 -5.9180048e-001
 -5.8948977e-001
 -5.9860682e-001
 -6.1765555e-001
 -6.4285564e-001
 -6.6903272e-001
 -6.9074588e-001
 -7.0339287e-001
 -7.0406569e-001
 -6.9200215e-001
 -6.6857529e-001
 -6.3686109e-001
 -6.0090874e-001
 -5.6489000e-001
 -5.3231739e-001
 -5.0549173e-001
 -4.8527675e-001
 -4.7121570e-001
 -4.6192290e-001
 -4.5562103e-001
 -4.5066953e-001
 -4.4594487e-001
 -4.4098632e-001
 -4.3589460e-001
 -4.3104509e-001
 -4.2672979e-001
 -4.2285904e-001
 -4.1883012e-001
 -4.1361275e-001
 -4.0602973e-001
 -3.9514484e-001
 -3.8063180e-001
 -3.6299806e-001
 -3.4357788e-001
 -3.2427802e-001
 -3.0713632e-001
 -2.9381460e-001
 -2.8517305e-001
 -2.8105385e-001
 -2.8034186e-001
 -2.8128783e-001
 -2.8200010e-001
 -2.8095984e-001
 -2.7740957e-001
 -2.7150643e-001
 -2.6420659e-001
 -2.5693050e-001
 -2.5112252e-001
 -2.4784261e-001
 -2.4750693e-001
 -2.4983704e-001
 -2.5400732e-001
 -2.5891987e-001
 -2.6350686e-001
 -2.6696678e-001
 -2.6887767e-001
 -2.6918010e-001
 -2.6806599e-001
 -2.6583250e-001
 -2.6275827e-001
 -2.5903806e-001
 -2.5478284e-001
 -2.5006822e-001
 -2.4500196e-001
 -2.3978219e-001
 -2.3472709e-001
 -2.3026691e-001
 -2.2689689e-001
 -2.2509321e-001
 -2.2519870e-001
 -2.2729257e-001
 -2.3107103e-001
 -2.3577758e-001
 -2.4022585e-001
 -2.4294516e-001
 -2.4244839e-001
 -2.3757853e-001
 -2.2785034e-001
 -2.1368287e-001
 -1.9643198e-001
 -1.7818000e-001
 -1.6130968e-001
 -1.4795946e-001
 -1.3949948e-001
 -1.3616743e-001
 -1.3695750e-001
 -1.3978268e-001
 -1.4185542e-001
 -1.4018349e-001
 -1.3206935e-001
 -1.1552971e-001
 -8.9597793e-002
 -5.4507934e-002
 -1.1772825e-002
  3.5853832e-002
  8.4565040e-002
  1.2988698e-001
  1.6728675e-001
  1.9295531e-001
  2.0462862e-001
  2.0223609e-001
  1.8815051e-001
  1.6688177e-001
  1.4420083e-001
  1.2585822e-001
  1.1621070e-001
  1.1713122e-001
  1.2752030e-001
  1.4357281e-001
  1.5973567e-001
  1.7009154e-001
  1.6978926e-001
  1.5614716e-001
  1.2917299e-001
  9.1426015e-002
  4.7329820e-002
  2.1697710e-003
 -3.8951765e-002
 -7.1972852e-002
 -9.4407218e-002
 -1.0552677e-001
 -1.0624069e-001
 -9.8760163e-002
 -8.6142323e-002
 -7.1792193e-002
 -5.8984626e-002
 -5.0457199e-002
 -4.8117043e-002
 -5.2891208e-002
 -6.4725359e-002
 -8.2703032e-002
 -1.0523025e-001
 -1.3022406e-001
 -1.5526716e-001
 -1.7773716e-001
 -1.9496637e-001
 -2.0450628e-001
 -2.0453998e-001
 -1.9440601e-001
 -1.7509730e-001
 -1.4952601e-001
 -1.2234657e-001
 -9.9229232e-002
 -8.5657605e-002
 -8.5528145e-002
 -9.9975565e-002
 -1.2686077e-001
 -1.6120527e-001
 -1.9656725e-001
 -2.2702008e-001
 -2.4913436e-001
 -2.6329004e-001
 -2.7380425e-001
 -2.8772196e-001
 -3.1256633e-001
 -3.5372950e-001
 -4.1235835e-001
 -4.8447863e-001
 -5.6172588e-001
 -6.3353118e-001
 -6.9011845e-001
 -7.2537703e-001
 -7.3868696e-001
 -7.3509465e-001
 -7.2376178e-001
 -7.1516456e-001
 -7.1791807e-001
 -7.3621068e-001
 -7.6862323e-001
 -8.0865445e-001
 -8.4673316e-001
 -8.7305034e-001
 -8.8032969e-001
 -8.6572933e-001
 -8.3138604e-001
 -7.8355737e-001
 -7.3073359e-001
 -6.8135421e-001
 -6.4180637e-001
 -6.1521702e-001
 -6.0125470e-001
 -5.9683769e-001
 -5.9740445e-001
 -5.9830171e-001
 -5.9589290e-001
 -5.8814586e-001
 -5.7465645e-001
 -5.5623570e-001
 -5.3428503e-001
 -5.1019395e-001
 -4.8493221e-001
 -4.5891042e-001
 -4.3208689e-001
 -4.0423131e-001
 -3.7522898e-001
 -3.4531879e-001
 -3.1519134e-001
 -2.8591819e-001
 -2.5872873e-001
 -2.3469128e-001
 -2.1438485e-001
 -1.9766032e-001
 -1.8357836e-001
 -1.7057291e-001
 -1.5682705e-001
 -1.4077878e-001
 -1.2161883e-001
 -9.9624705e-002
 -7.6207077e-002
 -5.3622769e-002
 -3.4410201e-002
 -2.0695474e-002
 -1.3567109e-002
 -1.2706118e-002
 -1.6387465e-002
 -2.1861942e-002
 -2.6018843e-002
 -2.6153595e-002
 -2.0642274e-002
 -9.3589557e-003
  6.2531036e-003
  2.3455184e-002
  3.8751338e-002
  4.8561292e-002
  4.9885141e-002
  4.0836186e-002
  2.0958478e-002
 -8.7062556e-003
 -4.5792950e-002
 -8.6985283e-002
 -1.2852081e-001
 -1.6675501e-001
 -1.9870860e-001
 -2.2252513e-001
 -2.3777074e-001
 -2.4551696e-001
 -2.4816546e-001
 -2.4900680e-001
 -2.5155487e-001
 -2.5875977e-001
 -2.7225733e-001
 -2.9184277e-001
 -3.1533693e-001
 -3.3893874e-001
 -3.5803641e-001
 -3.6831312e-001
 -3.6687445e-001
 -3.5308630e-001
 -3.2886542e-001
 -2.9830583e-001
 -2.6671277e-001
 -2.3929585e-001
 -2.1988347e-001
 -2.1002308e-001
 -2.0872116e-001
 -2.1288615e-001
 -2.1832770e-001
 -2.2100400e-001
 -2.1814772e-001
 -2.0895643e-001
 -1.9468427e-001
 -1.7816094e-001
 -1.6292889e-001
 -1.5227510e-001
 -1.4842222e-001
 -1.5205243e-001
 -1.6221339e-001
 -1.7655095e-001
 -1.9176361e-001
 -2.0418128e-001
 -2.1040929e-001
 -2.0800602e-001
 -1.9614816e-001
 -1.7617986e-001
 -1.5187308e-001
 -1.2919888e-001
 -1.1546894e-001
 -1.1786584e-001
 -1.4160296e-001
 -1.8816205e-001
 -2.5415676e-001
 -3.3129607e-001
 -4.0766513e-001
 -4.7016254e-001
 -5.0755315e-001
 -5.1334379e-001
 -4.8766739e-001
 -4.3759260e-001
 -3.7569917e-001
 -3.1724561e-001
 -2.7665119e-001
 -2.6419708e-001
 -2.8377030e-001
 -3.3216403e-001
 -4.0001460e-001
 -4.7403408e-001
 -5.3990938e-001
 -5.8514912e-001
 -6.0126823e-001
 -5.8494601e-001
 -5.3808490e-001
 -4.6694764e-001
 -3.8070202e-001
 -2.8974172e-001
 -2.0410074e-001
 -1.3218039e-001
 -7.9901358e-002
 -5.0305967e-002
 -4.3573977e-002
 -5.7375052e-002
 -8.7455103e-002
 -1.2834012e-001
 -1.7404309e-001
 -2.1868132e-001
 -2.5695162e-001
 -2.8445873e-001
 -2.9793223e-001
 -2.9538294e-001
 -2.7623570e-001
 -2.4143744e-001
 -1.9349683e-001
 -1.3638553e-001
 -7.5238315e-002
 -1.5831412e-002
  3.6115691e-002
  7.5705830e-002
  9.9548625e-002
  1.0621808e-001
  9.6382679e-002
  7.2581037e-002
  3.8695811e-002
 -7.5917163e-004
 -4.1392636e-002
 -7.9588315e-002
 -1.1294535e-001
 -1.4044292e-001
 -1.6231752e-001
 -1.7969098e-001
 -1.9403158e-001
 -2.0656500e-001
 -2.1777157e-001
 -2.2710219e-001
 -2.3300991e-001
 -2.3332665e-001
 -2.2592290e-001
 -2.0949665e-001
 -1.8427315e-001
 -1.5238894e-001
 -1.1779540e-001
 -8.5641787e-002
 -6.1253372e-002
 -4.8958860e-002
 -5.1091815e-002
 -6.7461044e-002
 -9.5453406e-002
 -1.3073712e-001
 -1.6833959e-001
 -2.0375324e-001
 -2.3372514e-001
 -2.5651651e-001
 -2.7162924e-001
 -2.7920582e-001
 -2.7942934e-001
 -2.7222892e-001
 -2.5743860e-001
 -2.3533088e-001
 -2.0724831e-001
 -1.7597956e-001
 -1.4561000e-001
 -1.2079197e-001
 -1.0563685e-001
 -1.0261840e-001
 -1.1190785e-001
 -1.3141595e-001
 -1.5754917e-001
 -1.8640513e-001
 -2.1495424e-001
 -2.4175657e-001
 -2.6694867e-001
 -2.9153344e-001
 -3.1629690e-001
 -3.4084152e-001
 -3.6319563e-001
 -3.8023859e-001
 -3.8885041e-001
 -3.8738013e-001
 -3.7685010e-001
 -3.6135075e-001
 -3.4733015e-001
 -3.4186513e-001
 -3.5038539e-001
 -3.7457030e-001
 -4.1115436e-001
 -4.5214061e-001
 -4.8649751e-001
 -5.0293675e-001
 -4.9299279e-001
 -4.5348150e-001
 -3.8756032e-001
 -3.0401371e-001
 -2.1492208e-001
 -1.3237501e-001
 -6.5198124e-002
 -1.6676677e-002
  1.6031305e-002
  4.0606347e-002
  6.6785426e-002
  1.0292404e-001
  1.5294416e-001
  2.1460146e-001
  2.7961741e-001
  3.3567109e-001
  3.6969495e-001
  3.7153113e-001
  3.3689367e-001
  2.6878016e-001
  1.7692549e-001
  7.5457783e-002
 -2.0563880e-002
 -9.8733093e-002
 -1.5198274e-001
 -1.7963671e-001
 -1.8658837e-001
 -1.8093576e-001
 -1.7086857e-001
 -1.6182113e-001
 -1.5480735e-001
 -1.4646649e-001
 -1.3078889e-001
 -1.0193540e-001
 -5.7190335e-002
  9.7907243e-004
  6.4517527e-002
  1.2127124e-001
  1.5800281e-001
  1.6405755e-001
  1.3457160e-001
  7.2222495e-002
 -1.3052796e-002
 -1.0634046e-001
 -1.9140126e-001
 -2.5465150e-001
 -2.8834528e-001
 -2.9208334e-001
 -2.7228779e-001
 -2.3989124e-001
 -2.0700143e-001
 -1.8355945e-001
 -1.7494143e-001
 -1.8109730e-001
 -1.9730825e-001
 -2.1615391e-001
 -2.2996601e-001
 -2.3299314e-001
 -2.2269602e-001
 -1.9993974e-001
 -1.6821424e-001
 -1.3227757e-001
 -9.6714280e-002
 -6.4835520e-002
 -3.8173247e-002
 -1.6612405e-002
  9.7466804e-004
  1.5842416e-002
  2.8527887e-002
  3.8317258e-002
  4.3211575e-002
  4.0452051e-002
  2.7504670e-002
  3.2408755e-003
 -3.1066293e-002
 -7.1329334e-002
 -1.1109785e-001
 -1.4290907e-001
 -1.6025799e-001
 -1.5963201e-001
 -1.4193244e-001
 -1.1271058e-001
 -8.0977664e-002
 -5.6813035e-002
 -4.8436083e-002
 -5.9658374e-002
 -8.8582173e-002
 -1.2805297e-001
 -1.6781378e-001
 -1.9773461e-001
 -2.1110191e-001
 -2.0689145e-001
 -1.9024481e-001
 -1.7093273e-001
 -1.6023646e-001
 -1.6720021e-001
 -1.9543495e-001
 -2.4151068e-001
 -2.9550320e-001
 -3.4360468e-001
 -3.7206650e-001
 -3.7131375e-001
 -3.3898921e-001
 -2.8098041e-001
 -2.1007318e-001
 -1.4258310e-001
 -9.3926586e-002
 -7.4417657e-002
 -8.6511536e-002
 -1.2428215e-001
 -1.7525103e-001
 -2.2398961e-001
 -2.5640911e-001
 -2.6348442e-001
 -2.4337189e-001
 -2.0139796e-001
 -1.4804647e-001
 -9.5653715e-002
 -5.4858704e-002
 -3.1859694e-002
 -2.7213351e-002
 -3.6392473e-002
 -5.1764246e-002
 -6.5239640e-002
 -7.0700105e-002
 -6.5464059e-002
 -5.0445917e-002
 -2.9140032e-002
 -5.9584870e-003
  1.5373986e-002
  3.2766897e-002
  4.5779113e-002
  5.4842851e-002
  6.0167481e-002
  6.0906379e-002
  5.5023738e-002
  3.9962725e-002
  1.3841482e-002
 -2.3346700e-002
 -6.9072012e-002
 -1.1847415e-001
 -1.6541479e-001
 -2.0402364e-001
 -2.3020786e-001
 -2.4263373e-001
 -2.4291145e-001
 -2.3501096e-001
 -2.2418278e-001
 -2.1576295e-001
 -2.1418901e-001
 -2.2239556e-001
 -2.4158321e-001
 -2.7124293e-001
 -3.0930462e-001
 -3.5234562e-001
 -3.9588369e-001
 -4.3482886e-001
 -4.6414240e-001
 -4.7965999e-001
 -4.7892394e-001
 -4.6179787e-001
 -4.3065015e-001
 -3.8999591e-001
 -3.4564771e-001
 -3.0358067e-001
 -2.6880918e-001
 -2.4456404e-001
 -2.3195465e-001
 -2.3014220e-001
 -2.3689426e-001
 -2.4929495e-001
 -2.6437698e-001
 -2.7951726e-001
 -2.9255999e-001
 -3.0174830e-001
 -3.0561023e-001
 -3.0293560e-001
 -2.9290582e-001
 -2.7533726e-001
 -2.5091684e-001
 -2.2128556e-001
 -1.8887115e-001
 -1.5646800e-001
 -1.2666848e-001
 -1.0132080e-001
 -8.1194062e-002
 -6.5967263e-002
 -5.4549470e-002
 -4.5623578e-002
 -3.8228012e-002
 -3.2177075e-002
 -2.8175722e-002
 -2.7588969e-002
 -3.1944113e-002
 -4.2335775e-002
 -5.8938727e-002
 -8.0799303e-002
 -1.0598341e-001
 -1.3203785e-001
 -1.5661236e-001
 -1.7803079e-001
 -1.9561330e-001
 -2.0963633e-001
 -2.2094616e-001
 -2.3037121e-001
 -2.3816065e-001
 -2.4367942e-001
 -2.4550485e-001
 -2.4192359e-001
 -2.3166907e-001
 -2.1462881e-001
 -1.9223438e-001
 -1.6734018e-001
 -1.4357462e-001
 -1.2434759e-001
 -1.1184593e-001
 -1.0638019e-001
 -1.0634097e-001
 -1.0881044e-001
 -1.1063007e-001
 -1.0954346e-001
 -1.0498736e-001
 -9.8222661e-002
 -9.1740969e-002
 -8.8162953e-002
 -8.9052849e-002
 -9.4123135e-002
 -1.0116856e-001
 -1.0679468e-001
 -1.0769628e-001
 -1.0201542e-001
 -9.0258653e-002
 -7.5399574e-002
 -6.2084434e-002
 -5.5183865e-002
 -5.8173378e-002
 -7.1892541e-002
 -9.4108827e-002
 -1.2004711e-001
 -1.4373574e-001
 -1.5976831e-001
 -1.6496042e-001
 -1.5941777e-001
 -1.4670104e-001
 -1.3301927e-001
 -1.2563848e-001
 -1.3089915e-001
 -1.5235025e-001
 -1.8950520e-001
 -2.3760017e-001
 -2.8850414e-001
 -3.3263549e-001
 -3.6144767e-001
 -3.6983914e-001
 -3.5779312e-001
 -3.3070169e-001
 -2.9816003e-001
 -2.7145266e-001
 -2.6037192e-001
 -2.7027401e-001
 -3.0028732e-001
 -3.4330906e-001
 -3.8791719e-001
 -4.2172755e-001
 -4.3522801e-001
 -4.2489863e-001
 -3.9458020e-001
 -3.5456455e-001
 -3.1860188e-001
 -2.9971931e-001
 -3.0617495e-001
 -3.3886722e-001
 -3.9106040e-001
 -4.5052047e-001
 -5.0334278e-001
 -5.3818376e-001
 -5.4948688e-001
 -5.3866305e-001
 -5.1291316e-001
 -4.8220139e-001
 -4.5551055e-001
 -4.3771790e-001
 -4.2815994e-001
 -4.2131863e-001
 -4.0929531e-001
 -3.8511720e-001
 -3.4565844e-001
 -2.9313080e-001
 -2.3463384e-001
 -1.7994918e-001
 -1.3837462e-001
 -1.1571184e-001
 -1.1244956e-001
 -1.2375745e-001
 -1.4128021e-001
 -1.5611000e-001
 -1.6192108e-001
 -1.5719953e-001
 -1.4580497e-001
 -1.3565863e-001
 -1.3598119e-001
 -1.5399747e-001
 -1.9221967e-001
 -2.4724426e-001
 -3.1050019e-001
 -3.7072598e-001
 -4.1735353e-001
 -4.4364816e-001
 -4.4852472e-001
 -4.3641732e-001
 -4.1527433e-001
 -3.9343266e-001
 -3.7654256e-001
 -3.6570101e-001
 -3.5749926e-001
 -3.4595841e-001
 -3.2558940e-001
 -2.9435510e-001
 -2.5531861e-001
 -2.1624463e-001
 -1.8720483e-001
 -1.7702730e-001
 -1.8991761e-001
 -2.2356727e-001
 -2.6954531e-001
 -3.1592685e-001
 -3.5126363e-001
 -3.6846871e-001
 -3.6718048e-001
 -3.5370270e-001
 -3.3849814e-001
 -3.3211798e-001
 -3.4104336e-001
 -3.6497326e-001
 -3.9659141e-001
 -4.2396166e-001
 -4.3475743e-001
 -4.2086356e-001
 -3.8173520e-001
 -3.2530706e-001
 -2.6606867e-001
 -2.2087021e-001
 -2.0377657e-001
 -2.2159957e-001
 -2.7152167e-001
 -3.4156237e-001
 -4.1375469e-001
 -4.6907403e-001
 -4.9264661e-001
 -4.7770589e-001
 -4.2716825e-001
 -3.5243093e-001
 -2.6982966e-001
 -1.9587793e-001
 -1.4274107e-001
 -1.1528191e-001
 -1.1049325e-001
 -1.1937190e-001
 -1.3052899e-001
 -1.3431007e-001
 -1.2607675e-001
 -1.0761347e-001
 -8.6262321e-002
 -7.2144405e-002
 -7.4450078e-002
 -9.8070775e-002
 -1.4170985e-001
 -1.9809981e-001
 -2.5624110e-001
 -3.0490106e-001
 -3.3619430e-001
 -3.4804380e-001
 -3.4470006e-001
 -3.3514829e-001
 -3.2994303e-001
 -3.3754103e-001
 -3.6137682e-001
 -3.9867910e-001
 -4.4143734e-001
 -4.7919053e-001
 -5.0267378e-001
 -5.0704532e-001
 -4.9354456e-001
 -4.6896834e-001
 -4.4312271e-001
 -4.2514448e-001
 -4.2002681e-001
 -4.2665547e-001
 -4.3815842e-001
 -4.4455173e-001
 -4.3681380e-001
 -4.1094479e-001
 -3.7048957e-001
 -3.2647303e-001
 -2.9456932e-001
 -2.9030550e-001
 -3.2383890e-001
 -3.9607231e-001
 -4.9748439e-001
 -6.1017216e-001
 -7.1252631e-001
 -7.8506469e-001
 -8.1555425e-001
 -8.0180329e-001
 -7.5131582e-001
 -6.7808095e-001
 -5.9773041e-001
 -5.2279469e-001
 -4.5965202e-001
 -4.0806230e-001
 -3.6318873e-001
 -3.1911023e-001
 -2.7234880e-001
 -2.2403727e-001
 -1.7996223e-001
 -1.4857585e-001
 -1.3783481e-001
 -1.5211231e-001
 -1.9031990e-001
 -2.4585429e-001
 -3.0828429e-001
 -3.6610038e-001
 -4.0957441e-001
 -4.3288164e-001
 -4.3502287e-001
 -4.1955103e-001
 -3.9345222e-001
 -3.6564134e-001
 -3.4542130e-001
 -3.4104433e-001
 -3.5835832e-001
 -3.9952539e-001
 -4.6195981e-001
 -5.3783838e-001
 -6.1463006e-001
 -6.7695078e-001
 -7.0966322e-001
 -7.0163142e-001
 -6.4912010e-001
 -5.5771060e-001
 -4.4190252e-001
 -3.2222977e-001
 -2.2052961e-001
 -1.5466800e-001
 -1.3427930e-001
 -1.5880472e-001
 -2.1838836e-001
 -2.9726590e-001
 -3.7848995e-001
 -4.4846025e-001
 -4.9988932e-001
 -5.3245563e-001
 -5.5122988e-001
 -5.6369306e-001
 -5.7654237e-001
 -5.9339816e-001
 -6.1405664e-001
 -6.3529299e-001
 -6.5266177e-001
 -6.6246336e-001
 -6.6311372e-001
 -6.5549711e-001
 -6.4232912e-001
 -6.2692509e-001
 -6.1192906e-001
 -5.9848271e-001
 -5.8607100e-001
 -5.7299419e-001
 -5.5720240e-001
 -5.3715671e-001
 -5.1244616e-001
 -4.8403425e-001
 -4.5415215e-001
 -4.2593896e-001
 -4.0293706e-001
 -3.8851078e-001
 -3.8522188e-001
 -3.9420413e-001
 -4.1463841e-001
 -4.4350113e-001
 -4.7578267e-001
 -5.0530027e-001
 -5.2605263e-001
 -5.3383411e-001
 -5.2763595e-001
 -5.1031238e-001
 -4.8813612e-001
 -4.6919389e-001
 -4.6097774e-001
 -4.6786679e-001
 -4.8932473e-001
 -5.1948964e-001
 -5.4842916e-001
 -5.6480145e-001
 -5.5917937e-001
 -5.2703162e-001
 -4.7040967e-001
 -3.9775467e-001
 -3.2180237e-001
 -2.5614903e-001
 -2.1146387e-001
 -1.9246230e-001
 -1.9655089e-001
 -2.1457926e-001
 -2.3352584e-001
 -2.4038060e-001
 -2.2612896e-001
 -1.8869287e-001
 -1.3396350e-001
 -7.4589436e-002
 -2.6817078e-002
 -6.2340007e-003
 -2.3580310e-002
 -8.1773828e-002
 -1.7494762e-001
 -2.8972678e-001
 -4.0834704e-001
 -5.1272601e-001
 -5.8838012e-001
 -6.2718884e-001
 -6.2839386e-001
 -5.9775276e-001
 -5.4527570e-001
 -4.8231150e-001
 -4.1883138e-001
 -3.6158854e-001
 -3.1348901e-001
 -2.7411869e-001
 -2.4105721e-001
 -2.1145253e-001
 -1.8335310e-001
 -1.5645748e-001
 -1.3216874e-001
 -1.1305297e-001
 -1.0194115e-001
 -1.0096150e-001
 -1.1076107e-001
 -1.3010074e-001
 -1.5591681e-001
 -1.8384936e-001
 -2.0914643e-001
 -2.2776432e-001
 -2.3741088e-001
 -2.3824576e-001
 -2.3298911e-001
 -2.2631310e-001
 -2.2358489e-001
 -2.2924452e-001
 -2.4526504e-001
 -2.7018624e-001
 -2.9910084e-001
 -3.2471840e-001
 -3.3930616e-001
 -3.3700798e-001
 -3.1587453e-001
 -2.7896497e-001
 -2.3410639e-001
 -1.9226326e-001
 -1.6486978e-001
 -1.6079388e-001
 -1.8374159e-001
 -2.3083078e-001
 -2.9278637e-001
 -3.5580410e-001
 -4.0470052e-001
 -4.2661766e-001
 -4.1436766e-001
 -3.6853729e-001
 -2.9773028e-001
 -2.1676277e-001
 -1.4315323e-001
 -9.2735237e-002
 -7.5530251e-002
 -9.3035705e-002
 -1.3776619e-001
 -1.9528558e-001
 -2.4824006e-001
 -2.8126666e-001
 -2.8532668e-001
 -2.6013629e-001
 -2.1393065e-001
 -1.6064040e-001
 -1.1540564e-001
 -8.9905262e-002
 -8.9036000e-002
 -1.0999997e-001
 -1.4401295e-001
 -1.7992799e-001
 -2.0841116e-001
 -2.2514710e-001
 -2.3194644e-001
 -2.3542473e-001
 -2.4382597e-001
 -2.6323845e-001
 -2.9465377e-001
 -3.3298587e-001
 -3.6843082e-001
 -3.8969013e-001
 -3.8791484e-001
 -3.5999047e-001
 -3.1004059e-001
 -2.4866548e-001
 -1.9020534e-001
 -1.4894492e-001
 -1.3545287e-001
 -1.5410883e-001
 -2.0240534e-001
 -2.7201456e-001
 -3.5110029e-001
 -4.2709039e-001
 -4.8915072e-001
 -5.2985214e-001
 -5.4586356e-001
 -5.3779694e-001
 -5.0948673e-001
 -4.6699577e-001
 -4.1755402e-001
 -3.6853405e-001
 -3.2650674e-001
 -2.9642124e-001
 -2.8098803e-001
 -2.8037049e-001
 -2.9227346e-001
 -3.1245036e-001
 -3.3555523e-001
 -3.5617959e-001
 -3.6986658e-001
 -3.7390078e-001
 -3.6772424e-001
 -3.5290913e-001
 -3.3270417e-001
 -3.1124875e-001
 -2.9260748e-001
 -2.7981314e-001
 -2.7411359e-001
 -2.7459435e-001
 -2.7828864e-001
 -2.8079372e-001
 -2.7729727e-001
 -2.6380467e-001
 -2.3827821e-001
 -2.0138513e-001
 -1.5662053e-001
 -1.0971926e-001
 -6.7464534e-002
 -3.6184911e-002
 -2.0342984e-002
 -2.1612821e-002
 -3.8707082e-002
 -6.7982952e-002
 -1.0460181e-001
 -1.4383133e-001
 -1.8203528e-001
 -2.1702415e-001
 -2.4770116e-001
 -2.7323894e-001
 -2.9223877e-001
 -3.0235730e-001
 -3.0070135e-001
 -2.8494786e-001
 -2.5477912e-001
 -2.1299329e-001
 -1.6567794e-001
 -1.2113912e-001
 -8.7761823e-002
 -7.1451518e-002
 -7.3570685e-002
 -9.0205318e-002
 -1.1317541e-001
 -1.3257993e-001
 -1.4007391e-001
 -1.3174793e-001
 -1.0956213e-001
 -8.0766782e-002
 -5.5453178e-002
 -4.3058650e-002
 -4.9040257e-002
 -7.2880289e-002
 -1.0810943e-001
 -1.4430948e-001
 -1.7036096e-001
 -1.7779188e-001
 -1.6310640e-001
 -1.2839985e-001
 -8.0216140e-002
 -2.7216958e-002
  2.2421788e-002
  6.2998484e-002
  9.2124968e-002
  1.1038568e-001
  1.2022215e-001
  1.2464965e-001
  1.2633112e-001
  1.2724559e-001
  1.2885345e-001
  1.3243828e-001
  1.3928520e-001
  1.5052260e-001
  1.6670338e-001
  1.8739664e-001
  2.1109735e-001
  2.3562194e-001
  2.5890899e-001
  2.7991045e-001
  2.9915684e-001
  3.1866770e-001
  3.4112809e-001
  3.6856326e-001
  4.0098569e-001
  4.3555939e-001
  4.6668719e-001
  4.8712466e-001
