 -3.6801505e-001
 -3.7475530e-001
 -3.8023320e-001
 -3.8429356e-001
 -3.8752996e-001
 -3.9121542e-001
 -3.9694709e-001
 -4.0610316e-001
 -4.1929022e-001
 -4.3598048e-001
 -4.5448965e-001
 -4.7234002e-001
 -4.8692349e-001
 -4.9626943e-001
 -4.9967209e-001
 -4.9796329e-001
 -4.9332076e-001
 -4.8865084e-001
 -4.8672560e-001
 -4.8934173e-001
 -4.9676938e-001
 -5.0767103e-001
 -5.1952070e-001
 -5.2939185e-001
 -5.3486299e-001
 -5.3475325e-001
 -5.2945864e-001
 -5.2079303e-001
 -5.1140100e-001
 -5.0394698e-001
 -5.0035111e-001
 -5.0131662e-001
 -5.0628633e-001
 -5.1381619e-001
 -5.2221280e-001
 -5.3019755e-001
 -5.3735991e-001
 -5.4424415e-001
 -5.5204813e-001
 -5.6205160e-001
 -5.7498781e-001
 -5.9059167e-001
 -6.0749648e-001
 -6.2352874e-001
 -6.3631096e-001
 -6.4397335e-001
 -6.4573329e-001
 -6.4214258e-001
 -6.3491085e-001
 -6.2635412e-001
 -6.1864213e-001
 -6.1308506e-001
 -6.0968907e-001
 -6.0712385e-001
 -6.0311463e-001
 -5.9513831e-001
 -5.8121157e-001
 -5.6053454e-001
 -5.3380334e-001
 -5.0310861e-001
 -4.7146186e-001
 -4.4209755e-001
 -4.1775572e-001
 -4.0014306e-001
 -3.8970446e-001
 -3.8573562e-001
 -3.8676246e-001
 -3.9103739e-001
 -3.9697902e-001
 -4.0341742e-001
 -4.0958816e-001
 -4.1491816e-001
 -4.1872936e-001
 -4.2002190e-001
 -4.1747173e-001
 -4.0969394e-001
 -3.9571092e-001
 -3.7546430e-001
 -3.5016142e-001
 -3.2227588e-001
 -2.9512490e-001
 -2.7209325e-001
 -2.5571356e-001
 -2.4689251e-001
 -2.4455648e-001
 -2.4587411e-001
 -2.4703239e-001
 -2.4435608e-001
 -2.3543516e-001
 -2.1990825e-001
 -1.9965186e-001
 -1.7831274e-001
 -1.6032962e-001
 -1.4974856e-001
 -1.4919059e-001
 -1.5926622e-001
 -1.7857594e-001
 -2.0424692e-001
 -2.3279933e-001
 -2.6105937e-001
 -2.8685670e-001
 -3.0934331e-001
 -3.2890624e-001
 -3.4676943e-001
 -3.6445389e-001
 -3.8327574e-001
 -4.0401749e-001
 -4.2683327e-001
 -4.5137082e-001
 -4.7703434e-001
 -5.0328275e-001
 -5.2985846e-001
 -5.5686741e-001
 -5.8467453e-001
 -6.1363380e-001
 -6.4372900e-001
 -6.7424846e-001
 -7.0363751e-001
 -7.2964991e-001
 -7.4984638e-001
 -7.6237317e-001
 -7.6682635e-001
 -7.6491209e-001
 -7.6059769e-001
 -7.5954074e-001
 -7.6778089e-001
 -7.8993249e-001
 -8.2734885e-001
 -8.7684960e-001
 -9.3054584e-001
 -9.7704689e-001
 -1.0039384e+000
 -1.0009958e+000
 -9.6327804e-001
 -8.9315797e-001
 -8.0055199e-001
 -7.0107732e-001
 -6.1247089e-001
 -5.5016215e-001
 -5.2321638e-001
 -5.3183092e-001
 -5.6716220e-001
 -6.1359664e-001
 -6.5285989e-001
 -6.6881454e-001
 -6.5160438e-001
 -6.0002302e-001
 -5.2153875e-001
 -4.3010820e-001
 -3.4252916e-001
 -2.7442729e-001
 -2.3695607e-001
 -2.3495445e-001
 -2.6679648e-001
 -3.2566652e-001
 -4.0166195e-001
 -4.8403709e-001
 -5.6303957e-001
 -6.3105588e-001
 -6.8305651e-001
 -7.1651568e-001
 -7.3103830e-001
 -7.2788069e-001
 -7.0946283e-001
 -6.7890014e-001
 -6.3956435e-001
 -5.9470656e-001
 -5.4720360e-001
 -4.9948166e-001
 -4.5361473e-001
 -4.1151080e-001
 -3.7503415e-001
 -3.4591463e-001
 -3.2538264e-001
 -3.1361514e-001
 -3.0921890e-001
 -3.0904032e-001
 -3.0852796e-001
 -3.0269232e-001
 -2.8746909e-001
 -2.6109189e-001
 -2.2500824e-001
 -1.8396991e-001
 -1.4517286e-001
 -1.1662991e-001
 -1.0521991e-001
 -1.1497651e-001
 -1.4611328e-001
 -1.9505347e-001
 -2.5542274e-001
 -3.1967451e-001
 -3.8084639e-001
 -4.3393915e-001
 -4.7656353e-001
 -5.0875501e-001
 -5.3212866e-001
 -5.4874655e-001
 -5.6013882e-001
 -5.6683777e-001
 -5.6858045e-001
 -5.6507672e-001
 -5.5701105e-001
 -5.4682789e-001
 -5.3888970e-001
 -5.3879325e-001
 -5.5192973e-001
 -5.8168155e-001
 -6.2785353e-001
 -6.8595041e-001
 -7.4770582e-001
 -8.0288392e-001
 -8.4192949e-001
 -8.5868970e-001
 -8.5230960e-001
 -8.2758801e-001
 -7.9353898e-001
 -7.6050219e-001
 -7.3668141e-001
 -7.2526349e-001
 -7.2315889e-001
 -7.2191370e-001
 -7.1061937e-001
 -6.7993014e-001
 -6.2584740e-001
 -5.5192255e-001
 -4.6899553e-001
 -3.9238830e-001
 -3.3734662e-001
 -3.1416702e-001
 -3.2462403e-001
 -3.6094428e-001
 -4.0776858e-001
 -4.4656315e-001
 -4.6112157e-001
 -4.4242210e-001
 -3.9130577e-001
 -3.1815238e-001
 -2.3971015e-001
 -1.7414412e-001
 -1.3590000e-001
 -1.3196514e-001
 -1.6057082e-001
 -2.1252890e-001
 -2.7453795e-001
 -3.3322434e-001
 -3.7857757e-001
 -4.0579440e-001
 -4.1520068e-001
 -4.1061229e-001
 -3.9698047e-001
 -3.7828975e-001
 -3.5643592e-001
 -3.3133504e-001
 -3.0200667e-001
 -2.6802669e-001
 -2.3066861e-001
 -1.9324562e-001
 -1.6052397e-001
 -1.3744977e-001
 -1.2767647e-001
 -1.3242216e-001
 -1.5003452e-001
 -1.7637368e-001
 -2.0584825e-001
 -2.3275425e-001
 -2.5251834e-001
 -2.6253059e-001
 -2.6241626e-001
 -2.5377357e-001
 -2.3953766e-001
 -2.2319057e-001
 -2.0802515e-001
 -1.9661076e-001
 -1.9053096e-001
 -1.9039103e-001
 -1.9603878e-001
 -2.0690717e-001
 -2.2237130e-001
 -2.4201589e-001
 -2.6573557e-001
 -2.9363897e-001
 -3.2579294e-001
 -3.6190564e-001
 -4.0108443e-001
 -4.4179466e-001
 -4.8208190e-001
 -5.2001990e-001
 -5.5424296e-001
 -5.8435975e-001
 -6.1105865e-001
 -6.3580952e-001
 -6.6021697e-001
 -6.8523120e-001
 -7.1051198e-001
 -7.3422491e-001
 -7.5341882e-001
 -7.6492833e-001
 -7.6653718e-001
 -7.5800777e-001
 -7.4158697e-001
 -7.2174726e-001
 -7.0417171e-001
 -6.9425369e-001
 -6.9556414e-001
 -7.0877032e-001
 -7.3135652e-001
 -7.5824252e-001
 -7.8311008e-001
 -8.0002989e-001
 -8.0490382e-001
 -7.9632170e-001
 -7.7563974e-001
 -7.4634095e-001
 -7.1294789e-001
 -6.7985828e-001
 -6.5044191e-001
 -6.2660032e-001
 -6.0880819e-001
 -5.9649744e-001
 -5.8856334e-001
 -5.8378488e-001
 -5.8104005e-001
 -5.7931504e-001
 -5.7760462e-001
 -5.7483960e-001
 -5.6994735e-001
 -5.6206995e-001
 -5.5087014e-001
 -5.3679072e-001
 -5.2112620e-001
 -5.0582314e-001
 -4.9302599e-001
 -4.8448977e-001
 -4.8104887e-001
 -4.8233259e-001
 -4.8684885e-001
 -4.9243871e-001
 -4.9697660e-001
 -4.9909933e-001
 -4.9872410e-001
 -4.9717223e-001
 -4.9683374e-001
 -5.0045120e-001
 -5.1022329e-001
 -5.2699170e-001
 -5.4975864e-001
 -5.7569315e-001
 -6.0064655e-001
 -6.2005373e-001
 -6.2998610e-001
 -6.2807722e-001
 -6.1407527e-001
 -5.8987908e-001
 -5.5905625e-001
 -5.2598398e-001
 -4.9485148e-001
 -4.6879078e-001
 -4.4934999e-001
 -4.3640995e-001
 -4.2850845e-001
 -4.2342208e-001
 -4.1880245e-001
 -4.1268431e-001
 -4.0376464e-001
 -3.9145698e-001
 -3.7580793e-001
 -3.5738955e-001
 -3.3724458e-001
 -3.1688269e-001
 -2.9824878e-001
 -2.8355263e-001
 -2.7488636e-001
 -2.7365491e-001
 -2.7996309e-001
 -2.9218588e-001
 -3.0694920e-001
 -3.1964962e-001
 -3.2546896e-001
 -3.2065334e-001
 -3.0369675e-001
 -2.7605290e-001
 -2.4211064e-001
 -2.0837824e-001
 -1.8205952e-001
 -1.6939366e-001
 -1.7420530e-001
 -1.9705147e-001
 -2.3517765e-001
 -2.8326597e-001
 -3.3474595e-001
 -3.8330297e-001
 -4.2419453e-001
 -4.5506600e-001
 -4.7611187e-001
 -4.8960763e-001
 -4.9899052e-001
 -5.0776072e-001
 -5.1849161e-001
 -5.3218453e-001
 -5.4810045e-001
 -5.6407629e-001
 -5.7721771e-001
 -5.8477531e-001
 -5.8497492e-001
 -5.7758924e-001
 -5.6410394e-001
 -5.4743225e-001
 -5.3124691e-001
 -5.1910049e-001
 -5.1356763e-001
 -5.1564648e-001
 -5.2459360e-001
 -5.3824904e-001
 -5.5376538e-001
 -5.6852786e-001
 -5.8098286e-001
 -5.9110652e-001
 -6.0034519e-001
 -6.1101938e-001
 -6.2535417e-001
 -6.4442972e-001
 -6.6738998e-001
 -6.9119132e-001
 -7.1102608e-001
 -7.2136208e-001
 -7.1735164e-001
 -6.9623763e-001
 -6.5835815e-001
 -6.0743571e-001
 -5.5001558e-001
 -4.9414455e-001
 -4.4759842e-001
 -4.1611031e-001
 -4.0207756e-001
 -4.0411500e-001
 -4.1759893e-001
 -4.3606694e-001
 -4.5308527e-001
 -4.6404723e-001
 -4.6737692e-001
 -4.6478579e-001
 -4.6051867e-001
 -4.5983859e-001
 -4.6723724e-001
 -4.8493841e-001
 -5.1215923e-001
 -5.4534082e-001
 -5.7924286e-001
 -6.0852062e-001
 -6.2926190e-001
 -6.3999753e-001
 -6.4189601e-001
 -6.3813802e-001
 -6.3273808e-001
 -6.2924690e-001
 -6.2977500e-001
 -6.3463126e-001
 -6.4262999e-001
 -6.5187603e-001
 -6.6067926e-001
 -6.6823051e-001
 -6.7479144e-001
 -6.8135931e-001
 -6.8898211e-001
 -6.9803727e-001
 -7.0779761e-001
 -7.1648920e-001
 -7.2184520e-001
 -7.2195484e-001
 -7.1607687e-001
 -7.0508167e-001
 -6.9131039e-001
 -6.7784772e-001
 -6.6742362e-001
 -6.6130906e-001
 -6.5859767e-001
 -6.5615821e-001
 -6.4933555e-001
 -6.3323850e-001
 -6.0425719e-001
 -5.6136410e-001
 -5.0679726e-001
 -4.4589132e-001
 -3.8606058e-001
 -3.3518123e-001
 -2.9979463e-001
 -2.8361066e-001
 -2.8671034e-001
 -3.0565185e-001
 -3.3443050e-001
 -3.6600450e-001
 -3.9394841e-001
 -4.1377931e-001
 -4.2362203e-001
 -4.2409781e-001
 -4.1756200e-001
 -4.0700139e-001
 -3.9497115e-001
 -3.8288920e-001
 -3.7084416e-001
 -3.5787671e-001
 -3.4253916e-001
 -3.2347666e-001
 -2.9982075e-001
 -2.7131109e-001
 -2.3820516e-001
 -2.0113447e-001
 -1.6107591e-001
 -1.1952569e-001
 -7.8824842e-002
 -4.2453125e-002
 -1.5043805e-002
 -1.9161391e-003
 -8.0724191e-003
 -3.6817952e-002
 -8.8360209e-002
 -1.5884866e-001
 -2.4027506e-001
 -3.2145738e-001
 -3.9002657e-001
 -4.3501305e-001
 -4.4939619e-001
 -4.3192011e-001
 -3.8762791e-001
 -3.2689112e-001
 -2.6311978e-001
 -2.0970657e-001
 -1.7697393e-001
 -1.6988940e-001
 -1.8709790e-001
 -2.2146009e-001
 -2.6189534e-001
 -2.9601819e-001
 -3.1290555e-001
 -3.0536285e-001
 -2.7123874e-001
 -2.1360359e-001
 -1.3987812e-001
 -6.0210428e-002
  1.4486458e-002
  7.4416288e-002
  1.1236061e-001
  1.2451463e-001
  1.1064636e-001
  7.3662678e-002
  1.8760880e-002
 -4.7614335e-002
 -1.1879658e-001
 -1.8874173e-001
 -2.5259414e-001
 -3.0695068e-001
 -3.4985837e-001
 -3.8062103e-001
 -3.9950581e-001
 -4.0743489e-001
 -4.0572552e-001
 -3.9591055e-001
 -3.7964002e-001
 -3.5863897e-001
 -3.3468324e-001
 -3.0955658e-001
 -2.8496619e-001
 -2.6241621e-001
 -2.4306026e-001
 -2.2756843e-001
 -2.1604516e-001
 -2.0802342e-001
 -2.0254083e-001
 -1.9828444e-001
 -1.9377742e-001
 -1.8757849e-001
 -1.7846947e-001
 -1.6561473e-001
 -1.4868036e-001
 -1.2790086e-001
 -1.0407717e-001
 -7.8489399e-002
 -5.2717411e-002
 -2.8383165e-002
 -6.8577214e-003
  1.0998940e-002
  2.4987931e-002
  3.5550180e-002
  4.3555386e-002
  4.9941922e-002
  5.5305753e-002
  5.9570674e-002
  6.1866533e-002
  6.0691554e-002
  5.4349819e-002
  4.1559934e-002
  2.2057886e-002
 -3.0050552e-003
 -3.1025378e-002
 -5.8326224e-002
 -8.0877390e-002
 -9.5166671e-002
 -9.8974287e-002
 -9.1824912e-002
 -7.4992048e-002
 -5.1074175e-002
 -2.3299702e-002
  5.2024216e-003
  3.1937528e-002
  5.5248454e-002
  7.4188966e-002
  8.8198792e-002
  9.6779743e-002
  9.9351825e-002
  9.5369333e-002
  8.4643047e-002
  6.7704706e-002
  4.6012896e-002
  2.1853852e-002
 -2.0846328e-003
 -2.3344881e-002
 -4.0315053e-002
 -5.2595160e-002
 -6.0964304e-002
 -6.6950538e-002
 -7.2161424e-002
 -7.7632641e-002
 -8.3452035e-002
 -8.8814406e-002
 -9.2495878e-002
 -9.3569515e-002
 -9.2080806e-002
 -8.9403345e-002
 -8.8102631e-002
 -9.1310500e-002
 -1.0179066e-001
 -1.2099276e-001
 -1.4840681e-001
 -1.8143750e-001
 -2.1585282e-001
 -2.4668027e-001
 -2.6928861e-001
 -2.8034570e-001
 -2.7839446e-001
 -2.6391923e-001
 -2.3893617e-001
 -2.0628208e-001
 -1.6885107e-001
 -1.2901831e-001
 -8.8401883e-002
 -4.7982117e-002
 -8.4688792e-003
  2.9272778e-002
  6.3933975e-002
  9.3737166e-002
  1.1668853e-001
  1.3100875e-001
  1.3557733e-001
  1.3023252e-001
  1.1584276e-001
  9.4172535e-002
  6.7653903e-002
  3.9200839e-002
  1.2150936e-002
 -9.6901367e-003
 -2.2037950e-002
 -2.0340979e-002
 -3.5323555e-004
  4.0943159e-002
  1.0427330e-001
  1.8722848e-001
  2.8404843e-001
  3.8629206e-001
  4.8438217e-001
  5.6967491e-001
  6.3644601e-001
  6.8311991e-001
  7.1225103e-001
  7.2915984e-001
  7.3960176e-001
  7.4723082e-001
  7.5175709e-001
  7.4851476e-001
  7.2970061e-001
  6.8696165e-001
  6.1451103e-001
  5.1171910e-001
  3.8425455e-001
  2.4330684e-001
  1.0305261e-001
 -2.2880318e-002
 -1.2485321e-001
 -1.9948244e-001
 -2.5003131e-001
 -2.8483289e-001
 -3.1427568e-001
 -3.4732279e-001
 -3.8864812e-001
 -4.3723633e-001
 -4.8680174e-001
 -5.2780834e-001
 -5.5040640e-001
 -5.4737817e-001
 -5.1625168e-001
 -4.6004729e-001
 -3.8654743e-001
 -3.0638739e-001
 -2.3054312e-001
 -1.6788456e-001
 -1.2337711e-001
 -9.7300972e-002
 -8.5589896e-002
 -8.1136330e-002
 -7.5716319e-002
 -6.2082868e-002
 -3.5766470e-002
  3.8003791e-003
  5.3069012e-002
  1.0511188e-001
  1.5114924e-001
  1.8252909e-001
  1.9271767e-001
  1.7884584e-001
  1.4244821e-001
  8.9212724e-002
  2.7789465e-002
 -3.2064259e-002
 -8.1557848e-002
 -1.1465574e-001
 -1.2914472e-001
 -1.2673151e-001
 -1.1218082e-001
 -9.1763607e-002
 -7.1472322e-002
 -5.5513771e-002
 -4.5493745e-002
 -4.0485872e-002
 -3.7899850e-002
 -3.4818736e-002
 -2.9340250e-002
 -2.1474766e-002
 -1.3313671e-002
 -8.4292553e-003
 -1.0717703e-002
 -2.3069158e-002
 -4.6292125e-002
 -7.8627472e-002
 -1.1599751e-001
 -1.5291310e-001
 -1.8377591e-001
 -2.0421441e-001
 -2.1210167e-001
 -2.0800555e-001
 -1.9498098e-001
 -1.7778165e-001
 -1.6170354e-001
 -1.5134720e-001
 -1.4959143e-001
 -1.5701290e-001
 -1.7187985e-001
 -1.9071572e-001
 -2.0929361e-001
 -2.2381321e-001
 -2.3195488e-001
 -2.3352175e-001
 -2.3047759e-001
 -2.2634905e-001
 -2.2514733e-001
 -2.3011838e-001
 -2.4269943e-001
 -2.6200886e-001
 -2.8503452e-001
 -3.0746151e-001
 -3.2486972e-001
 -3.3391201e-001
 -3.3309956e-001
 -3.2296836e-001
 -3.0562498e-001
 -2.8388622e-001
 -2.6035674e-001
 -2.3678366e-001
 -2.1389702e-001
 -1.9174216e-001
 -1.7031679e-001
 -1.5021371e-001
 -1.3297838e-001
 -1.2101042e-001
 -1.1701856e-001
 -1.2321044e-001
 -1.4049992e-001
 -1.6801224e-001
 -2.0306752e-001
 -2.4166567e-001
 -2.7933562e-001
 -3.1210102e-001
 -3.3728614e-001
 -3.5394157e-001
 -3.6278980e-001
 -3.6573467e-001
 -3.6510514e-001
 -3.6287532e-001
 -3.6010222e-001
 -3.5674962e-001
 -3.5194363e-001
 -3.4456693e-001
 -3.3398706e-001
 -3.2066362e-001
 -3.0640905e-001
 -2.9418233e-001
 -2.8744416e-001
 -2.8924902e-001
 -3.0134532e-001
 -3.2356440e-001
 -3.5369672e-001
 -3.8790355e-001
 -4.2154554e-001
 -4.5018141e-001
 -4.7044624e-001
 -4.8057192e-001
 -4.8044375e-001
 -4.7124634e-001
 -4.5488284e-001
 -4.3340579e-001
 -4.0865936e-001
 -3.8221945e-001
 -3.5557642e-001
 -3.3039395e-001
 -3.0864187e-001
 -2.9245741e-001
 -2.8371757e-001
 -2.8345327e-001
 -2.9134157e-001
 -3.0552636e-001
 -3.2292535e-001
 -3.4000806e-001
 -3.5383821e-001
 -3.6303690e-001
 -3.6830059e-001
 -3.7221961e-001
 -3.7836263e-001
 -3.8984949e-001
 -4.0784349e-001
 -4.3047679e-001
 -4.5264090e-001
 -4.6684153e-001
 -4.6499705e-001
 -4.4074638e-001
 -3.9162536e-001
 -3.2044119e-001
 -2.3534689e-001
 -1.4845496e-001
 -7.3244494e-002
 -2.1388812e-002
  1.5374293e-004
 -9.0361932e-003
 -4.2655044e-002
 -8.9238831e-002
 -1.3507827e-001
 -1.6769461e-001
 -1.7891914e-001
 -1.6674428e-001
 -1.3549229e-001
 -9.4353663e-002
 -5.4812559e-002
 -2.7750705e-002
 -2.1024013e-002
 -3.8061210e-002
 -7.7650315e-002
 -1.3470883e-001
 -2.0160748e-001
 -2.6959408e-001
 -3.3001273e-001
 -3.7523430e-001
 -3.9938688e-001
 -3.9901871e-001
 -3.7372932e-001
 -3.2663607e-001
 -2.6440893e-001
 -1.9660398e-001
 -1.3419090e-001
 -8.7455240e-002
 -6.3748438e-002
 -6.5725169e-002
 -9.0654879e-002
 -1.3111404e-001
 -1.7694231e-001
 -2.1792869e-001
 -2.4643806e-001
 -2.5919371e-001
 -2.5770143e-001
 -2.4724170e-001
 -2.3481323e-001
 -2.2672579e-001
 -2.2661157e-001
 -2.3444134e-001
 -2.4677175e-001
 -2.5804789e-001
 -2.6247660e-001
 -2.5586219e-001
 -2.3687567e-001
 -2.0745773e-001
 -1.7233971e-001
 -1.3790788e-001
 -1.1076847e-001
 -9.6379588e-002
 -9.8029307e-002
 -1.1630888e-001
 -1.4910544e-001
 -1.9204841e-001
 -2.3929203e-001
 -2.8449195e-001
 -3.2182158e-001
 -3.4687000e-001
 -3.5727248e-001
 -3.5295876e-001
 -3.3596870e-001
 -3.0987381e-001
 -2.7893490e-001
 -2.4719364e-001
 -2.1771437e-001
 -1.9215091e-001
 -1.7072151e-001
 -1.5255952e-001
 -1.3630314e-001
 -1.2072782e-001
 -1.0522635e-001
 -9.0003475e-002
 -7.5951467e-002
 -6.4277336e-002
 -5.6028276e-002
 -5.1685169e-002
 -5.0960402e-002
 -5.2859001e-002
 -5.5969199e-002
 -5.8871664e-002
 -6.0521011e-002
 -6.0469495e-002
 -5.8863602e-002
 -5.6227301e-002
 -5.3121763e-002
 -4.9813956e-002
 -4.6081537e-002
 -4.1231320e-002
 -3.4331651e-002
 -2.4582422e-002
 -1.1696849e-002
  3.8370873e-003
  2.0709553e-002
  3.6982125e-002
  5.0473097e-002
  5.9230186e-002
  6.1963990e-002
  5.8331643e-002
  4.9005795e-002
  3.5522957e-002
  1.9959460e-002
  4.5193861e-003
 -8.8695672e-003
 -1.8867955e-002
 -2.4888358e-002
 -2.7091868e-002
 -2.6234358e-002
 -2.3408708e-002
 -1.9746761e-002
 -1.6148969e-002
 -1.3100937e-002
 -1.0616479e-002
 -8.3198613e-003
 -5.6494593e-003
 -2.1354610e-003
  2.3195792e-003
  7.2406754e-003
  1.1538237e-002
  1.3672369e-002
  1.2020848e-002
  5.3828881e-003
 -6.5100734e-003
 -2.2638536e-002
 -4.0641455e-002
 -5.7143149e-002
 -6.8427659e-002
 -7.1307965e-002
 -6.3951907e-002
 -4.6411962e-002
 -2.0676614e-002
  9.7997078e-003
  4.0967891e-002
  6.9206332e-002
  9.2194806e-002
  1.0939192e-001
  1.2200063e-001
  1.3247061e-001
  1.4372175e-001
  1.5833163e-001
  1.7789889e-001
  2.0269652e-001
  2.3161511e-001
  2.6231764e-001
  2.9151377e-001
  3.1530560e-001
  3.2961913e-001
  3.3076669e-001
  3.1615078e-001
  2.8502490e-001
  2.3911535e-001
  1.8284472e-001
  1.2293797e-001
  6.7346732e-002
  2.3656546e-002
 -2.6418761e-003
 -9.5229242e-003
  1.0038469e-003
  2.3349952e-002
  4.9744939e-002
  7.2190581e-002
  8.4412815e-002
  8.3261872e-002
  6.9201252e-002
  4.5824849e-002
  1.8639821e-002
 -6.4518842e-003
 -2.4506368e-002
 -3.2380560e-002
 -2.8938897e-002
 -1.4723333e-002
  8.6617840e-003
  3.9162857e-002
  7.4675933e-002
  1.1315799e-001
  1.5251715e-001
  1.9043591e-001
  2.2429259e-001
  2.5128966e-001
  2.6880628e-001
  2.7490357e-001
  2.6885403e-001
  2.5154900e-001
  2.2565693e-001
  1.9544683e-001
  1.6624847e-001
  1.4359038e-001
  1.3213580e-001
  1.3461657e-001
  1.5102256e-001
  1.7830791e-001
  2.1079894e-001
  2.4132622e-001
  2.6288652e-001
  2.7043316e-001
  2.6227651e-001
  2.4061560e-001
  2.1093508e-001
  1.8034292e-001
  1.5528916e-001
  1.3936323e-001
  1.3191115e-001
  1.2800169e-001
  1.1985516e-001
  9.9359572e-002
  6.0904872e-002
  3.6120448e-003
 -6.7813633e-002
 -1.4395528e-001
 -2.1307945e-001
 -2.6434749e-001
 -2.9085761e-001
 -2.9157096e-001
 -2.7152385e-001
 -2.4026949e-001
 -2.0904785e-001
 -1.8756918e-001
 -1.8139143e-001
 -1.9065429e-001
 -2.1048274e-001
 -2.3284906e-001
 -2.4925316e-001
 -2.5337923e-001
 -2.4295559e-001
 -2.2034139e-001
 -1.9177356e-001
 -1.6559375e-001
 -1.5002557e-001
 -1.5113003e-001
 -1.7144368e-001
 -2.0956217e-001
 -2.6065917e-001
 -3.1770584e-001
 -3.7302928e-001
 -4.1982930e-001
 -4.5334267e-001
 -4.7146422e-001
 -4.7476820e-001
 -4.6599314e-001
 -4.4914423e-001
 -4.2842360e-001
 -4.0721963e-001
 -3.8736947e-001
 -3.6885396e-001
 -3.4999438e-001
 -3.2810651e-001
 -3.0045282e-001
 -2.6524637e-001
 -2.2242911e-001
 -1.7399125e-001
 -1.2371389e-001
 -7.6378787e-002
 -3.6651672e-002
 -7.9564289e-003
  8.3241340e-003
  1.3074056e-002
  9.0243345e-003
 -1.7752868e-004
 -1.1102918e-002
 -2.1504643e-002
 -3.0785320e-002
 -3.9821147e-002
 -5.0219005e-002
 -6.3290215e-002
 -7.9131269e-002
 -9.6168779e-002
 -1.1136172e-001
 -1.2101649e-001
 -1.2194560e-001
 -1.1257052e-001
 -9.3582500e-002
 -6.7925432e-002
 -4.0099043e-002
 -1.5012342e-002
  3.2355401e-003
  1.2258763e-002
  1.1709310e-002
  2.9728219e-003
 -1.1592509e-002
 -2.9553476e-002
 -4.9092246e-002
 -6.9253922e-002
 -8.9710208e-002
 -1.1020224e-001
 -1.2995841e-001
 -1.4739116e-001
 -1.6025562e-001
 -1.6625045e-001
 -1.6383866e-001
 -1.5294819e-001
 -1.3523177e-001
 -1.1372106e-001
 -9.1945246e-002
 -7.2806267e-002
 -5.7621693e-002
 -4.5708151e-002
 -3.4691242e-002
 -2.1458998e-002
 -3.4269501e-003
  2.0348833e-002
  4.8634416e-002
  7.8278711e-002
  1.0520379e-001
  1.2578325e-001
  1.3811338e-001
  1.4270668e-001
  1.4233381e-001
  1.4103962e-001
  1.4265590e-001
  1.4932152e-001
  1.6053476e-001
  1.7309604e-001
  1.8200923e-001
  1.8209241e-001
  1.6980875e-001
  1.4474080e-001
  1.1022171e-001
  7.2874884e-002
  4.1125298e-002
  2.3041360e-002
  2.4065210e-002
  4.5241375e-002
  8.2448363e-002
  1.2690210e-001
  1.6688961e-001
  1.9037732e-001
  1.8789558e-001
  1.5499178e-001
  9.3608703e-002
  1.1980785e-002
 -7.6995781e-002
 -1.5856168e-001
 -2.1937635e-001
 -2.5044603e-001
 -2.4894523e-001
 -2.1848589e-001
 -1.6783163e-001
 -1.0849438e-001
 -5.1944692e-002
 -7.2191757e-003
  2.0490678e-002
  3.0055693e-002
  2.3621551e-002
  5.2927707e-003
 -2.0159912e-002
 -4.8159371e-002
 -7.4621317e-002
 -9.5855090e-002
 -1.0840097e-001
 -1.0912650e-001
 -9.5722725e-002
 -6.7482331e-002
 -2.6028388e-002
  2.4400496e-002
  7.7381249e-002
  1.2546533e-001
  1.6178658e-001
  1.8164199e-001
  1.8355242e-001
  1.6948249e-001
  1.4419121e-001
  1.1397873e-001
  8.5272254e-002
  6.3491352e-002
  5.2461692e-002
  5.4389043e-002
  7.0177555e-002
  9.9773848e-002
  1.4227846e-001
  1.9575167e-001
  2.5685930e-001
  3.2064960e-001
  3.8075282e-001
  4.3014487e-001
  4.6237674e-001
  4.7294728e-001
  4.6038706e-001
  4.2667817e-001
  3.7684172e-001
  3.1780063e-001
  2.5686373e-001
  2.0028460e-001
  1.5229173e-001
  1.1479297e-001
  8.7713357e-002
  6.9726934e-002
  5.9063724e-002
  5.4127892e-002
  5.3810289e-002
  5.7538903e-002
  6.5206774e-002
  7.7108899e-002
  9.3923952e-002
  1.1665691e-001
  1.4639403e-001
  1.8376562e-001
  2.2816184e-001
  2.7693864e-001
  3.2498438e-001
  3.6500417e-001
  3.8868589e-001
  3.8858955e-001
  3.6027056e-001
  3.0395319e-001
  2.2511773e-001
  1.3367010e-001
  4.1830357e-002
 -3.8663644e-002
 -9.9174203e-002
 -1.3578264e-001
 -1.4943885e-001
 -1.4470125e-001
 -1.2763066e-001
 -1.0367954e-001
 -7.6359310e-002
 -4.7100556e-002
 -1.6198928e-002
  1.5719346e-002
  4.6482809e-002
  7.2050345e-002
  8.7308759e-002
  8.7715525e-002
  7.1116311e-002
  3.8954612e-002
 -3.6923558e-003
 -4.9360521e-002
 -9.0327640e-002
 -1.2086666e-001
 -1.3880670e-001
 -1.4584309e-001
 -1.4651107e-001
 -1.4623901e-001
 -1.4923354e-001
 -1.5699529e-001
 -1.6800804e-001
 -1.7868851e-001
 -1.8520332e-001
 -1.8543261e-001
 -1.8030285e-001
 -1.7394210e-001
 -1.7253944e-001
 -1.8226168e-001
 -2.0692941e-001
 -2.4626011e-001
 -2.9531889e-001
 -3.4543451e-001
 -3.8637019e-001
 -4.0913370e-001
 -4.0859439e-001
 -3.8510658e-001
 -3.4460558e-001
 -2.9706513e-001
 -2.5366690e-001
 -2.2341316e-001
 -2.1011533e-001
 -2.1065884e-001
 -2.1517515e-001
 -2.0929140e-001
 -1.7807368e-001
 -1.1075888e-001
 -5.0259007e-003
  1.3048902e-001
  2.7641439e-001
  4.0593961e-001
  4.9068224e-001
  5.0781023e-001
  4.4656759e-001
  3.1230241e-001
  1.2661432e-001
 -7.6765098e-002
 -2.5952791e-001
 -3.8787664e-001
 -4.4066445e-001
 -4.1426741e-001
 -3.2275874e-001
 -1.9333769e-001
 -5.8410548e-002
  5.3247991e-002
  1.2356890e-001
  1.4843717e-001
  1.3635730e-001
  1.0331929e-001
  6.5891148e-002
  3.5074332e-002
  1.3064071e-002
 -6.0904218e-003
 -3.2406817e-002
 -7.4217743e-002
 -1.3308898e-001
 -2.0146950e-001
 -2.6408922e-001
 -3.0270095e-001
 -3.0249425e-001
 -2.5785406e-001
 -1.7533136e-001
 -7.2659881e-002
  2.5963960e-002
  9.6822110e-002
  1.2356918e-001
  1.0186044e-001
  4.0302948e-002
 -4.2421760e-002
 -1.2316445e-001
 -1.8073683e-001
 -2.0114151e-001
 -1.8015656e-001
 -1.2283726e-001
 -4.0554788e-002
  5.3076880e-002
  1.4585719e-001
  2.2909647e-001
  2.9777106e-001
  3.4917005e-001
  3.8103431e-001
  3.9030580e-001
  3.7325230e-001
  3.2706273e-001
  2.5228957e-001
  1.5502957e-001
  4.7681505e-002
 -5.2459102e-002
 -1.2674400e-001
 -1.5998895e-001
 -1.4508768e-001
 -8.5818071e-002
  3.3215677e-003
  1.0050289e-001
  1.8235926e-001
  2.3047139e-001
  2.3649065e-001
  2.0419396e-001
  1.4773499e-001
  8.6632679e-002
  3.9175371e-002
  1.6493628e-002
  1.9336722e-002
  3.8630567e-002
  5.9534061e-002
  6.7444158e-002
  5.3701413e-002
  1.8883627e-002
 -2.7502799e-002
 -7.0764426e-002
 -9.6744196e-002
 -9.7355187e-002
 -7.3858330e-002
 -3.6693446e-002
 -1.9719263e-003
  1.4038356e-002
  4.1530284e-004
 -4.4868693e-002
 -1.1450588e-001
 -1.9450853e-001
 -2.6885651e-001
 -3.2441232e-001
 -3.5442655e-001
 -3.5960240e-001
 -3.4664614e-001
 -3.2511790e-001
 -3.0389592e-001
 -2.8853229e-001
 -2.8028181e-001
 -2.7686583e-001
 -2.7438621e-001
 -2.6946549e-001
 -2.6074605e-001
 -2.4926082e-001
 -2.3770074e-001
 -2.2903467e-001
 -2.2512881e-001
 -2.2592327e-001
 -2.2942794e-001
 -2.3244360e-001
 -2.3164966e-001
 -2.2462066e-001
 -2.1044480e-001
 -1.8984280e-001
 -1.6490793e-001
 -1.3870480e-001
 -1.1493342e-001
 -9.7717518e-002
 -9.1403836e-002
 -1.0016454e-001
 -1.2724464e-001
 -1.7388514e-001
 -2.3819963e-001
 -3.1446680e-001
 -3.9331152e-001
 -4.6303925e-001
 -5.1200861e-001
 -5.3150744e-001
 -5.1830591e-001
 -4.7603214e-001
 -4.1479898e-001
 -3.4903133e-001
 -2.9403114e-001
 -2.6226163e-001
 -2.6046172e-001
 -2.8845404e-001
 -3.3995947e-001
 -4.0506693e-001
 -4.7346545e-001
 -5.3732178e-001
 -5.9286199e-001
 -6.4022277e-001
 -6.8178800e-001
 -7.1977938e-001
 -7.5412358e-001
 -7.8148738e-001
 -7.9591421e-001
 -7.9088545e-001
 -7.6209158e-001
 -7.0991859e-001
 -6.4071974e-001
 -5.6631420e-001
 -5.0169958e-001
 -4.6150742e-001
 -4.5611478e-001
 -4.8845622e-001
 -5.5244023e-001
 -6.3350788e-001
 -7.1136671e-001
 -7.6439699e-001
 -7.7477571e-001
 -7.3310212e-001
 -6.4132108e-001
 -5.1306127e-001
 -3.7109492e-001
 -2.4236079e-001
 -1.5168215e-001
 -1.1574735e-001
 -1.3894392e-001
 -2.1220316e-001
 -3.1522057e-001
 -4.2149221e-001
 -5.0482676e-001
 -5.4559801e-001
 -5.3511177e-001
 -4.7703180e-001
 -3.8565483e-001
 -2.8168296e-001
 -1.8676339e-001
 -1.1829138e-001
 -8.5774683e-002
 -8.9532190e-002
 -1.2182057e-001
 -1.6984732e-001
 -2.1969572e-001
 -2.6004711e-001
 -2.8474490e-001
 -2.9363645e-001
 -2.9163772e-001
 -2.8645222e-001
 -2.8571690e-001
 -2.9445626e-001
 -3.1358079e-001
 -3.3981390e-001
 -3.6698045e-001
 -3.8817618e-001
 -3.9808768e-001
 -3.9471905e-001
 -3.8000284e-001
 -3.5914959e-001
 -3.3899500e-001
 -3.2590584e-001
 -3.2391128e-001
 -3.3361465e-001
 -3.5215901e-001
 -3.7417283e-001
 -3.9332567e-001
 -4.0397122e-001
 -4.0238565e-001
 -3.8729785e-001
 -3.5967800e-001
 -3.2200190e-001
 -2.7735415e-001
 -2.2872928e-001
 -1.7874914e-001
 -1.2980098e-001
 -8.4401409e-002
 -4.5486745e-002
 -1.6361253e-002
 -1.8935886e-004
  8.6574206e-004
 -1.3436826e-002
 -4.0814397e-002
 -7.6495953e-002
 -1.1401108e-001
 -1.4658137e-001
 -1.6872399e-001
 -1.7756308e-001
 -1.7341136e-001
 -1.5941897e-001
 -1.4041167e-001
 -1.2133395e-001
 -1.0585811e-001
 -9.5652887e-002
 -9.0542163e-002
 -8.9424819e-002
 -9.1512029e-002
 -9.7299651e-002
 -1.0879295e-001
 -1.2880765e-001
 -1.5956801e-001
 -2.0115254e-001
 -2.5046362e-001
 -3.0125821e-001
 -3.4541014e-001
 -3.7510993e-001
 -3.8531554e-001
 -3.7560175e-001
 -3.5069445e-001
 -3.1938796e-001
 -2.9209695e-001
 -2.7779407e-001
 -2.8134508e-001
 -3.0216353e-001
 -3.3467895e-001
 -3.7048370e-001
 -4.0141490e-001
 -4.2246541e-001
 -4.3344862e-001
 -4.3877295e-001
 -4.4536867e-001
 -4.5950702e-001
 -4.8369660e-001
 -5.1486043e-001
 -5.4456686e-001
 -5.6135635e-001
 -5.5443559e-001
 -5.1748488e-001
 -4.5123974e-001
 -3.6390138e-001
 -2.6916559e-001
 -1.8247477e-001
 -1.1670309e-001
 -7.8670461e-002
 -6.7585863e-002
 -7.5859806e-002
 -9.1936444e-002
 -1.0415483e-001
 -1.0436821e-001
 -9.0206491e-002
 -6.5379926e-002
 -3.8094016e-002
 -1.8237787e-002
 -1.4330176e-002
 -3.1181497e-002
 -6.8895726e-002
 -1.2334741e-001
 -1.8779227e-001
 -2.5496098e-001
 -3.1891593e-001
 -3.7611061e-001
 -4.2540510e-001
 -4.6715118e-001
 -5.0176210e-001
 -5.2834619e-001
 -5.4397008e-001
 -5.4392781e-001
 -5.2306979e-001
 -4.7787209e-001
 -4.0861052e-001
 -3.2085439e-001
 -2.2559171e-001
 -1.3764922e-001
 -7.2599480e-002
 -4.2893998e-002
 -5.4334055e-002
 -1.0402847e-001
 -1.8063294e-001
 -2.6699814e-001
 -3.4458019e-001
 -3.9835136e-001
 -4.2072169e-001
 -4.1324441e-001
 -3.8556269e-001
 -3.5193640e-001
 -3.2646899e-001
 -3.1856579e-001
 -3.3006016e-001
 -3.5487921e-001
 -3.8128648e-001
 -3.9591691e-001
 -3.8827852e-001
 -3.5429607e-001
 -2.9782409e-001
 -2.2972365e-001
 -1.6485353e-001
 -1.1793591e-001
 -9.9544897e-002
 -1.1336813e-001
 -1.5545934e-001
 -2.1558086e-001
 -2.8012076e-001
 -3.3564318e-001
 -3.7201088e-001
 -3.8423193e-001
 -3.7264826e-001
 -3.4164509e-001
 -2.9752825e-001
 -2.4643506e-001
 -1.9304136e-001
 -1.4044633e-001
 -9.1101456e-002
 -4.8196151e-002
 -1.6698040e-002
 -3.3605123e-003
 -1.5421070e-002
 -5.8272048e-002
 -1.3287804e-001
 -2.3394412e-001
 -3.4969909e-001
 -4.6367484e-001
 -5.5819459e-001
 -6.1865971e-001
 -6.3737467e-001
 -6.1570873e-001
 -5.6385937e-001
 -4.9821130e-001
 -4.3703652e-001
 -3.9580440e-001
 -3.8348752e-001
 -4.0091647e-001
 -4.4156570e-001
 -4.9436435e-001
 -5.4748774e-001
 -5.9181020e-001
 -6.2288182e-001
 -6.4086836e-001
 -6.4866369e-001
 -6.4907739e-001
 -6.4236301e-001
 -6.2524200e-001
 -5.9201425e-001
 -5.3751589e-001
 -4.6088335e-001
 -3.6861434e-001
 -2.7548472e-001
 -2.0250449e-001
 -1.7209488e-001
 -2.0170653e-001
 -2.9780492e-001
 -4.5224402e-001
 -6.4245482e-001
 -8.3575229e-001
 -9.9676828e-001
 -1.0959788e+000
 -1.1168734e+000
 -1.0596696e+000
 -9.4050847e-001
 -7.8644500e-001
 -6.2782101e-001
 -4.9036266e-001
 -3.8933747e-001
 -3.2735814e-001
 -2.9619541e-001
 -2.8167869e-001
 -2.6984513e-001
 -2.5222946e-001
 -2.2862294e-001
 -2.0658355e-001
 -1.9810253e-001
 -2.1474023e-001
 -2.6295380e-001
 -3.4115608e-001
 -4.3938292e-001
 -5.4156676e-001
 -6.2962237e-001
 -6.8808412e-001
 -7.0799280e-001
 -6.8906024e-001
 -6.3968377e-001
 -5.7494735e-001
 -5.1318284e-001
 -4.7190020e-001
 -4.6393741e-001
 -4.9457892e-001
 -5.6019921e-001
 -6.4873553e-001
 -7.4198743e-001
 -8.1939067e-001
 -8.6255914e-001
 -8.5961440e-001
 -8.0823823e-001
 -7.1657547e-001
 -6.0159651e-001
 -4.8520361e-001
 -3.8904009e-001
 -3.2940322e-001
 -3.1368931e-001
 -3.3936279e-001
 -3.9566085e-001
 -4.6737820e-001
 -5.3943115e-001
 -6.0070910e-001
 -6.4605762e-001
 -6.7596844e-001
 -6.9439996e-001
 -7.0579423e-001
 -7.1255752e-001
 -7.1397402e-001
 -7.0686684e-001
 -6.8758245e-001
 -6.5435185e-001
 -6.0896950e-001
 -5.5705293e-001
 -5.0674982e-001
 -4.6638974e-001
 -4.4198457e-001
 -4.3551760e-001
 -4.4463291e-001
 -4.6379108e-001
 -4.8641332e-001
 -5.0719695e-001
 -5.2376412e-001
 -5.3708944e-001
 -5.5062053e-001
 -5.6847842e-001
 -5.9343544e-001
 -6.2541750e-001
 -6.6106483e-001
 -6.9449892e-001
 -7.1902552e-001
 -7.2919686e-001
 -7.2255530e-001
 -7.0050638e-001
 -6.6806476e-001
 -6.3257561e-001
 -6.0181749e-001
 -5.8204913e-001
 -5.7653764e-001
 -5.8492392e-001
 -6.0351576e-001
 -6.2633996e-001
 -6.4660831e-001
 -6.5819783e-001
 -6.5680798e-001
 -6.4059445e-001
 -6.1023592e-001
 -5.6851565e-001
 -5.1957054e-001
 -4.6797712e-001
 -4.1782900e-001
 -3.7193680e-001
 -3.3126552e-001
 -2.9471135e-001
 -2.5929639e-001
 -2.2080963e-001
 -1.7484035e-001
 -1.1804923e-001
 -4.9430948e-002
  2.8729092e-002
  1.1048484e-001
  1.8663817e-001
  2.4596608e-001
  2.7712300e-001
  2.7089852e-001
  2.2238187e-001
  1.3254063e-001
  8.7852094e-003
 -1.3573279e-001
 -2.8407244e-001
 -4.1838508e-001
 -5.2313936e-001
 -5.8796055e-001
 -6.0939649e-001
 -5.9116075e-001
 -5.4278721e-001
 -4.7705177e-001
 -4.0684734e-001
 -3.4233025e-001
 -2.8904784e-001
 -2.4744620e-001
 -2.1374976e-001
 -1.8183416e-001
 -1.4548998e-001
 -1.0044828e-001
 -4.5687241e-002
  1.6211726e-002
  7.9631466e-002
  1.3718581e-001
  1.8135459e-001
  2.0613174e-001
  2.0836186e-001
  1.8850367e-001
  1.5064828e-001
  1.0174319e-001
  5.0133218e-002
  3.7060234e-003
 -3.1922069e-002
 -5.4688285e-002
 -6.6425673e-002
 -7.2088594e-002
 -7.8012898e-002
 -8.9688439e-002
 -1.0972898e-001
 -1.3672299e-001
 -1.6541403e-001
 -1.8825005e-001
 -1.9788425e-001
 -1.8986237e-001
 -1.6461802e-001
 -1.2807217e-001
 -9.0547543e-002
 -6.4233614e-002
 -5.9902371e-002
 -8.3827810e-002
 -1.3582176e-001
 -2.0897999e-001
 -2.9123693e-001
 -3.6830777e-001
 -4.2720563e-001
 -4.5936825e-001
 -4.6254954e-001
 -4.4098591e-001
 -4.0383308e-001
 -3.6235134e-001
 -3.2666227e-001
 -3.0301202e-001
 -2.9231981e-001
 -2.9040741e-001
 -2.8980179e-001
 -2.8252716e-001
 -2.6299937e-001
 -2.3010350e-001
 -1.8779238e-001
 -1.4401634e-001
 -1.0833508e-001
 -8.8996690e-002
 -9.0449890e-002
 -1.1211575e-001
 -1.4882425e-001
 -1.9275495e-001
 -2.3620022e-001
 -2.7417593e-001
 -3.0594551e-001
 -3.3489470e-001
 -3.6677389e-001
 -4.0691401e-001
 -4.5741173e-001
 -5.1532753e-001
 -5.7262060e-001
 -6.1796437e-001
 -6.3994360e-001
 -6.3065070e-001
 -5.8853877e-001
 -5.1960195e-001
 -4.3646240e-001
 -3.5557454e-001
 -2.9330886e-001
 -2.6198414e-001
 -2.6690434e-001
 -3.0515023e-001
 -3.6638661e-001
 -4.3542048e-001
 -4.9582424e-001
 -5.3371459e-001
 -5.4078775e-001
 -5.1593191e-001
 -4.6510303e-001
 -3.9957275e-001
 -3.3303995e-001
 -2.7835503e-001
 -2.4467492e-001
 -2.3572623e-001
 -2.4953595e-001
 -2.7957849e-001
 -3.1690439e-001
 -3.5257634e-001
 -3.7971575e-001
 -3.9465717e-001
 -3.9704127e-001
 -3.8902679e-001
 -3.7404429e-001
 -3.5557782e-001
 -3.3634436e-001
 -3.1801388e-001
 -3.0137804e-001
 -2.8672371e-001
 -2.7414737e-001
 -2.6364549e-001
 -2.5497548e-001
 -2.4742503e-001
 -2.3968983e-001
 -2.3001758e-001
 -2.1665026e-001
 -1.9844547e-001
 -1.7544866e-001
 -1.4917285e-001
 -1.2243283e-001
 -9.8743339e-002
 -8.1460926e-002
 -7.2954821e-002
 -7.4086471e-002
 -8.4157298e-002
 -1.0129727e-001
 -1.2309120e-001
 -1.4715373e-001
 -1.7141048e-001
 -1.9400736e-001
 -2.1298093e-001
 -2.2597955e-001
 -2.3034275e-001
 -2.2369526e-001
 -2.0494535e-001
 -1.7530767e-001
 -1.3883580e-001
 -1.0203774e-001
 -7.2459605e-002
 -5.6550247e-002
 -5.7490185e-002
 -7.3807185e-002
 -9.9417823e-002
 -1.2526500e-001
 -1.4212826e-001
 -1.4369601e-001
 -1.2881132e-001
 -1.0202991e-001
 -7.2199313e-002
 -4.9479195e-002
 -4.1808458e-002
 -5.2055866e-002
 -7.6869049e-002
 -1.0763682e-001
 -1.3322386e-001
 -1.4350939e-001
 -1.3249839e-001
 -9.9967744e-002
 -5.1176383e-002
  5.1202196e-003
  5.9530982e-002
  1.0471091e-001
  1.3698656e-001
  1.5653767e-001
  1.6632977e-001
  1.7042797e-001
  1.7244948e-001
  1.7471426e-001
  1.7824906e-001
  1.8338969e-001
  1.9049238e-001
  2.0029658e-001
  2.1373755e-001
  2.3134747e-001
  2.5263352e-001
  2.7585977e-001
  2.9846904e-001
  3.1805410e-001
  3.3348216e-001
  3.4564095e-001
  3.5737982e-001
  3.7253011e-001
  3.9427751e-001
  4.2346453e-001
  4.5749248e-001
  4.9032684e-001
  5.1374278e-001
