 -3.6522719e-001
 -3.6764435e-001
 -3.6898223e-001
 -3.6925082e-001
 -3.6917394e-001
 -3.7010823e-001
 -3.7369690e-001
 -3.8135136e-001
 -3.9372684e-001
 -4.1037749e-001
 -4.2973076e-001
 -4.4942229e-001
 -4.6691252e-001
 -4.8020410e-001
 -4.8843334e-001
 -4.9213677e-001
 -4.9309116e-001
 -4.9376136e-001
 -4.9652093e-001
 -5.0289017e-001
 -5.1303672e-001
 -5.2570223e-001
 -5.3858116e-001
 -5.4903045e-001
 -5.5488121e-001
 -5.5509246e-001
 -5.5004291e-001
 -5.4137948e-001
 -5.3148897e-001
 -5.2278085e-001
 -5.1702436e-001
 -5.1495430e-001
 -5.1625916e-001
 -5.1992899e-001
 -5.2481550e-001
 -5.3018773e-001
 -5.3607433e-001
 -5.4326527e-001
 -5.5297179e-001
 -5.6626895e-001
 -5.8352654e-001
 -6.0404297e-001
 -6.2602995e-001
 -6.4697537e-001
 -6.6428027e-001
 -6.7596707e-001
 -6.8122534e-001
 -6.8060965e-001
 -6.7581516e-001
 -6.6909464e-001
 -6.6249870e-001
 -6.5718040e-001
 -6.5298668e-001
 -6.4846827e-001
 -6.4130876e-001
 -6.2904325e-001
 -6.0984982e-001
 -5.8317864e-001
 -5.5003624e-001
 -5.1284809e-001
 -4.7494649e-001
 -4.3983572e-001
 -4.1044206e-001
 -3.8854978e-001
 -3.7455983e-001
 -3.6760732e-001
 -3.6596768e-001
 -3.6760189e-001
 -3.7066050e-001
 -3.7379424e-001
 -3.7619598e-001
 -3.7739933e-001
 -3.7695106e-001
 -3.7412379e-001
 -3.6782393e-001
 -3.5677654e-001
 -3.3995751e-001
 -3.1713189e-001
 -2.8928813e-001
 -2.5876313e-001
 -2.2893755e-001
 -2.0352377e-001
 -1.8562144e-001
 -1.7682344e-001
 -1.7667305e-001
 -1.8268598e-001
 -1.9098138e-001
 -1.9736745e-001
 -1.9856872e-001
 -1.9322107e-001
 -1.8232130e-001
 -1.6898482e-001
 -1.5758056e-001
 -1.5250624e-001
 -1.5697395e-001
 -1.7216334e-001
 -1.9697541e-001
 -2.2842985e-001
 -2.6255556e-001
 -2.9548962e-001
 -3.2445934e-001
 -3.4838149e-001
 -3.6794385e-001
 -3.8519283e-001
 -4.0278867e-001
 -4.2316911e-001
 -4.4786812e-001
 -4.7717199e-001
 -5.1018463e-001
 -5.4524926e-001
 -5.8056916e-001
 -6.1481349e-001
 -6.4750124e-001
 -6.7902707e-001
 -7.1030957e-001
 -7.4217450e-001
 -7.7469235e-001
 -8.0673398e-001
 -8.3596626e-001
 -8.5938251e-001
 -8.7427997e-001
 -8.7941270e-001
 -8.7592736e-001
 -8.6768541e-001
 -8.6071084e-001
 -8.6175478e-001
 -8.7627075e-001
 -9.0635041e-001
 -9.4928550e-001
 -9.9733412e-001
 -1.0389775e+000
 -1.0615231e+000
 -1.0544642e+000
 -1.0126886e+000
 -9.3856121e-001
 -8.4213733e-001
 -7.3925452e-001
 -6.4786912e-001
 -5.8356048e-001
 -5.5543821e-001
 -5.6363684e-001
 -5.9916461e-001
 -6.4620283e-001
 -6.8623685e-001
 -7.0286448e-001
 -6.8594523e-001
 -6.3397853e-001
 -5.5415188e-001
 -4.6019382e-001
 -3.6877474e-001
 -2.9553622e-001
 -2.5181242e-001
 -2.4277684e-001
 -2.6724689e-001
 -3.1888904e-001
 -3.8824312e-001
 -4.6489989e-001
 -5.3929975e-001
 -6.0387812e-001
 -6.5354574e-001
 -6.8566628e-001
 -6.9974420e-001
 -6.9698816e-001
 -6.7983150e-001
 -6.5143218e-001
 -6.1517057e-001
 -5.7420019e-001
 -5.3114276e-001
 -4.8800984e-001
 -4.4636428e-001
 -4.0762797e-001
 -3.7335389e-001
 -3.4526496e-001
 -3.2494731e-001
 -3.1324783e-001
 -3.0959968e-001
 -3.1160082e-001
 -3.1514003e-001
 -3.1519397e-001
 -3.0716431e-001
 -2.8838250e-001
 -2.5928366e-001
 -2.2380164e-001
 -1.8875957e-001
 -1.6235046e-001
 -1.5210927e-001
 -1.6295971e-001
 -1.9591121e-001
 -2.4778547e-001
 -3.1203472e-001
 -3.8038294e-001
 -4.4478459e-001
 -4.9912618e-001
 -5.4021057e-001
 -5.6781744e-001
 -5.8393896e-001
 -5.9154743e-001
 -5.9337839e-001
 -5.9117055e-001
 -5.8561010e-001
 -5.7694601e-001
 -5.6597360e-001
 -5.5491886e-001
 -5.4776186e-001
 -5.4972186e-001
 -5.6593697e-001
 -5.9970392e-001
 -6.5087781e-001
 -7.1506898e-001
 -7.8407658e-001
 -8.4761041e-001
 -8.9589497e-001
 -9.2238187e-001
 -9.2566631e-001
 -9.0988448e-001
 -8.8333048e-001
 -8.5563344e-001
 -8.3437321e-001
 -8.2228318e-001
 -8.1607018e-001
 -8.0738439e-001
 -7.8574584e-001
 -7.4252443e-001
 -6.7463174e-001
 -5.8659153e-001
 -4.9013422e-001
 -4.0126842e-001
 -3.3565149e-001
 -3.0371059e-001
 -3.0712523e-001
 -3.3789713e-001
 -3.8041717e-001
 -4.1595939e-001
 -4.2822156e-001
 -4.0817054e-001
 -3.5666754e-001
 -2.8407327e-001
 -2.0701627e-001
 -1.4341346e-001
 -1.0735276e-001
 -1.0541746e-001
 -1.3548011e-001
 -1.8813287e-001
 -2.5006134e-001
 -3.0810633e-001
 -3.5266454e-001
 -3.7945219e-001
 -3.8932287e-001
 -3.8653172e-001
 -3.7631867e-001
 -3.6279521e-001
 -3.4785996e-001
 -3.3137517e-001
 -3.1231657e-001
 -2.9026072e-001
 -2.6650936e-001
 -2.4436291e-001
 -2.2843681e-001
 -2.2330338e-001
 -2.3199117e-001
 -2.5490501e-001
 -2.8955107e-001
 -3.3114789e-001
 -3.7389610e-001
 -4.1247477e-001
 -4.4329106e-001
 -4.6512860e-001
 -4.7906164e-001
 -4.8774278e-001
 -4.9435249e-001
 -5.0156890e-001
 -5.1086843e-001
 -5.2233050e-001
 -5.3494536e-001
 -5.4726831e-001
 -5.5817009e-001
 -5.6742264e-001
 -5.7592686e-001
 -5.8551099e-001
 -5.9836648e-001
 -6.1630442e-001
 -6.4007685e-001
 -6.6899486e-001
 -7.0099133e-001
 -7.3314045e-001
 -7.6249748e-001
 -7.8700540e-001
 -8.0617078e-001
 -8.2126169e-001
 -8.3491763e-001
 -8.5025059e-001
 -8.6969674e-001
 -8.9398858e-001
 -9.2161185e-001
 -9.4898105e-001
 -9.7134465e-001
 -9.8418571e-001
 -9.8469816e-001
 -9.7286173e-001
 -9.5173891e-001
 -9.2684947e-001
 -9.0477018e-001
 -8.9136202e-001
 -8.9015621e-001
 -9.0138808e-001
 -9.2196559e-001
 -9.4636591e-001
 -9.6816778e-001
 -9.8174453e-001
 -9.8361997e-001
 -9.7312618e-001
 -9.5224369e-001
 -9.2476385e-001
 -8.9510154e-001
 -8.6715036e-001
 -8.4350081e-001
 -8.2517699e-001
 -8.1185437e-001
 -8.0237191e-001
 -7.9529163e-001
 -7.8929847e-001
 -7.8334354e-001
 -7.7656457e-001
 -7.6811363e-001
 -7.5704971e-001
 -7.4240529e-001
 -7.2343840e-001
 -6.9997721e-001
 -6.7269945e-001
 -6.4319236e-001
 -6.1371117e-001
 -5.8666942e-001
 -5.6400692e-001
 -5.4664664e-001
 -5.3424085e-001
 -5.2532013e-001
 -5.1782400e-001
 -5.0985684e-001
 -5.0042581e-001
 -4.8991088e-001
 -4.8009526e-001
 -4.7372167e-001
 -4.7369175e-001
 -4.8214090e-001
 -4.9966490e-001
 -5.2493267e-001
 -5.5480783e-001
 -5.8495529e-001
 -6.1077192e-001
 -6.2839276e-001
 -6.3550877e-001
 -6.3179100e-001
 -6.1882930e-001
 -5.9962740e-001
 -5.7781139e-001
 -5.5677341e-001
 -5.3897002e-001
 -5.2553037e-001
 -5.1622562e-001
 -5.0974525e-001
 -5.0415004e-001
 -4.9735070e-001
 -4.8749407e-001
 -4.7320725e-001
 -4.5372086e-001
 -4.2893324e-001
 -3.9947182e-001
 -3.6676082e-001
 -3.3304220e-001
 -3.0125671e-001
 -2.7470151e-001
 -2.5644862e-001
 -2.4861380e-001
 -2.5166562e-001
 -2.6401291e-001
 -2.8207219e-001
 -3.0089532e-001
 -3.1526407e-001
 -3.2099215e-001
 -3.1607752e-001
 -3.0135921e-001
 -2.8045799e-001
 -2.5898084e-001
 -2.4318347e-001
 -2.3844409e-001
 -2.4795560e-001
 -2.7197936e-001
 -3.0784347e-001
 -3.5066337e-001
 -3.9457335e-001
 -4.3413391e-001
 -4.6555258e-001
 -4.8742310e-001
 -5.0082743e-001
 -5.0881507e-001
 -5.1543072e-001
 -5.2456553e-001
 -5.3893588e-001
 -5.5944332e-001
 -5.8505626e-001
 -6.1320951e-001
 -6.4058181e-001
 -6.6401799e-001
 -6.8133692e-001
 -6.9181143e-001
 -6.9620828e-001
 -6.9640444e-001
 -6.9471469e-001
 -6.9314201e-001
 -6.9277713e-001
 -6.9352414e-001
 -6.9423018e-001
 -6.9317688e-001
 -6.8878262e-001
 -6.8029861e-001
 -6.6827597e-001
 -6.5463972e-001
 -6.4231318e-001
 -6.3446486e-001
 -6.3356502e-001
 -6.4050791e-001
 -6.5405850e-001
 -6.7081463e-001
 -6.8575218e-001
 -6.9327069e-001
 -6.8851697e-001
 -6.6867049e-001
 -6.3385468e-001
 -5.8740371e-001
 -5.3535769e-001
 -4.8525109e-001
 -4.4445473e-001
 -4.1847590e-001
 -4.0966748e-001
 -4.1671775e-001
 -4.3509696e-001
 -4.5837108e-001
 -4.8003289e-001
 -4.9532925e-001
 -5.0254470e-001
 -5.0335119e-001
 -5.0211537e-001
 -5.0437978e-001
 -5.1499761e-001
 -5.3651139e-001
 -5.6828466e-001
 -6.0664674e-001
 -6.4597897e-001
 -6.8036743e-001
 -7.0527622e-001
 -7.1871114e-001
 -7.2153616e-001
 -7.1690293e-001
 -7.0904982e-001
 -7.0191895e-001
 -6.9806559e-001
 -6.9819289e-001
 -7.0139585e-001
 -7.0593653e-001
 -7.1019441e-001
 -7.1340154e-001
 -7.1588704e-001
 -7.1876943e-001
 -7.2326147e-001
 -7.2990522e-001
 -7.3807723e-001
 -7.4599097e-001
 -7.5122143e-001
 -7.5156411e-001
 -7.4589867e-001
 -7.3471032e-001
 -7.2003598e-001
 -7.0480673e-001
 -6.9177997e-001
 -6.8241462e-001
 -6.7608533e-001
 -6.6994046e-001
 -6.5951326e-001
 -6.3995801e-001
 -6.0757704e-001
 -5.6119524e-001
 -5.0295806e-001
 -4.3827528e-001
 -3.7486477e-001
 -3.2110477e-001
 -2.8410849e-001
 -2.6803043e-001
 -2.7306880e-001
 -2.9544921e-001
 -3.2840801e-001
 -3.6391367e-001
 -3.9465538e-001
 -4.1575427e-001
 -4.2574020e-001
 -4.2656099e-001
 -4.2268012e-001
 -4.1958141e-001
 -4.2215152e-001
 -4.3340858e-001
 -4.5389674e-001
 -4.8183088e-001
 -5.1383877e-001
 -5.4598900e-001
 -5.7475928e-001
 -5.9768848e-001
 -6.1361905e-001
 -6.2260500e-001
 -6.2566549e-001
 -6.2457116e-001
 -6.2176348e-001
 -6.2037351e-001
 -6.2418934e-001
 -6.3738128e-001
 -6.6385802e-001
 -7.0628110e-001
 -7.6495308e-001
 -8.3693943e-001
 -9.1581563e-001
 -9.9231446e-001
 -1.0559026e+000
 -1.0970112e+000
 -1.1093846e+000
 -1.0918900e+000
 -1.0492127e+000
 -9.9113207e-001
 -9.3046433e-001
 -8.8014589e-001
 -8.5019675e-001
 -8.4535396e-001
 -8.6399022e-001
 -8.9858225e-001
 -9.3757943e-001
 -9.6816577e-001
 -9.7920708e-001
 -9.6367367e-001
 -9.2000914e-001
 -8.5221373e-001
 -7.6873519e-001
 -6.8052692e-001
 -5.9878366e-001
 -5.3287637e-001
 -4.8889663e-001
 -4.6902965e-001
 -4.7175977e-001
 -4.9272943e-001
 -5.2595951e-001
 -5.6511324e-001
 -6.0453865e-001
 -6.3992956e-001
 -6.6856624e-001
 -6.8920074e-001
 -7.0171719e-001
 -7.0671439e-001
 -7.0513587e-001
 -6.9802397e-001
 -6.8641928e-001
 -6.7137859e-001
 -6.5405398e-001
 -6.3576557e-001
 -6.1801014e-001
 -6.0237225e-001
 -5.9033803e-001
 -5.8304549e-001
 -5.8103232e-001
 -5.8405302e-001
 -5.9102841e-001
 -6.0016188e-001
 -6.0921382e-001
 -6.1588157e-001
 -6.1819999e-001
 -6.1486883e-001
 -6.0543219e-001
 -5.9027653e-001
 -5.7046486e-001
 -5.4746755e-001
 -5.2287187e-001
 -4.9814491e-001
 -4.7449284e-001
 -4.5281651e-001
 -4.3372664e-001
 -4.1756657e-001
 -4.0440227e-001
 -3.9397368e-001
 -3.8564136e-001
 -3.7838981e-001
 -3.7094559e-001
 -3.6203198e-001
 -3.5072202e-001
 -3.3679079e-001
 -3.2093504e-001
 -3.0474246e-001
 -2.9035909e-001
 -2.7990394e-001
 -2.7478094e-001
 -2.7509987e-001
 -2.7941157e-001
 -2.8488132e-001
 -2.8789100e-001
 -2.8491817e-001
 -2.7344054e-001
 -2.5259491e-001
 -2.2339065e-001
 -1.8841706e-001
 -1.5114305e-001
 -1.1503168e-001
 -8.2739055e-002
 -5.5623449e-002
 -3.3676391e-002
 -1.5846092e-002
 -6.0518229e-004
  1.3442372e-002
  2.7104039e-002
  4.0405057e-002
  5.2672562e-002
  6.2825090e-002
  6.9748311e-002
  7.2638382e-002
  7.1230602e-002
  6.5880714e-002
  5.7507765e-002
  4.7429293e-002
  3.7123139e-002
  2.7946187e-002
  2.0840700e-002
  1.6068972e-002
  1.3031973e-002
  1.0234871e-002
  5.4486731e-003
 -3.9226344e-003
 -2.0318587e-002
 -4.5449637e-002
 -7.9816563e-002
 -1.2245498e-001
 -1.7098498e-001
 -2.2196229e-001
 -2.7144141e-001
 -3.1560250e-001
 -3.5128430e-001
 -3.7630776e-001
 -3.8955238e-001
 -3.9083162e-001
 -3.8067131e-001
 -3.6010804e-001
 -3.3058750e-001
 -2.9397556e-001
 -2.5262469e-001
 -2.0939761e-001
 -1.6755611e-001
 -1.3047681e-001
 -1.0123417e-001
 -8.2162120e-002
 -7.4534256e-002
 -7.8472082e-002
 -9.3107247e-002
 -1.1691882e-001
 -1.4808612e-001
 -1.8468197e-001
 -2.2459829e-001
 -2.6522771e-001
 -3.0307133e-001
 -3.3353796e-001
 -3.5118918e-001
 -3.5054957e-001
 -3.2737738e-001
 -2.8005581e-001
 -2.1061968e-001
 -1.2495403e-001
 -3.1913698e-002
  5.8536038e-002
  1.3768511e-001
  2.0022599e-001
  2.4544217e-001
  2.7695331e-001
  3.0099718e-001
  3.2374814e-001
  3.4855906e-001
  3.7411174e-001
  3.9421017e-001
  3.9941735e-001
  3.8009570e-001
  3.2988676e-001
  2.4845450e-001
  1.4250445e-001
  2.4630320e-002
 -8.9748253e-002
 -1.8645006e-001
 -2.5633959e-001
 -2.9768047e-001
 -3.1629632e-001
 -3.2349894e-001
 -3.3244905e-001
 -3.5409221e-001
 -3.9391225e-001
 -4.5044693e-001
 -5.1592951e-001
 -5.7875646e-001
 -6.2695249e-001
 -6.5156486e-001
 -6.4901948e-001
 -6.2184938e-001
 -5.7771826e-001
 -5.2714173e-001
 -4.8062270e-001
 -4.4599900e-001
 -4.2666210e-001
 -4.2101661e-001
 -4.2320796e-001
 -4.2484193e-001
 -4.1721916e-001
 -3.9353748e-001
 -3.5056984e-001
 -2.8947756e-001
 -2.1562551e-001
 -1.3748344e-001
 -6.4883318e-002
 -7.0234368e-003
  2.9354153e-002
  4.1239296e-002
  2.9836407e-002
  1.8244331e-004
 -3.9987926e-002
 -8.1863334e-002
 -1.1730213e-001
 -1.4032876e-001
 -1.4807191e-001
 -1.4097008e-001
 -1.2224274e-001
 -9.6795238e-002
 -6.9856305e-002
 -4.5702487e-002
 -2.6790898e-002
 -1.3504339e-002
 -4.5408298e-003
  2.2021429e-003
  8.5391594e-003
  1.5053349e-002
  2.0604278e-002
  2.2459490e-002
  1.7033432e-002
  1.0292978e-003
 -2.7352506e-002
 -6.7510363e-002
 -1.1613804e-001
 -1.6765300e-001
 -2.1527957e-001
 -2.5251916e-001
 -2.7462227e-001
 -2.7966711e-001
 -2.6895167e-001
 -2.4659039e-001
 -2.1842190e-001
 -1.9052037e-001
 -1.6770792e-001
 -1.5246225e-001
 -1.4450244e-001
 -1.4114785e-001
 -1.3833161e-001
 -1.3196909e-001
 -1.1928448e-001
 -9.9712876e-002
 -7.5121112e-002
 -4.9291739e-002
 -2.6835476e-002
 -1.1869186e-002
 -6.8651972e-003
 -1.2018784e-002
 -2.5310451e-002
 -4.3213074e-002
 -6.1786575e-002
 -7.7785416e-002
 -8.9417268e-002
 -9.6528782e-002
 -1.0020593e-001
 -1.0198479e-001
 -1.0299875e-001
 -1.0339453e-001
 -1.0223398e-001
 -9.7906674e-002
 -8.8883310e-002
 -7.4512917e-002
 -5.5552559e-002
 -3.4217712e-002
 -1.3715978e-002
  2.5884410e-003
  1.2102198e-002
  1.3713545e-002
  8.0526479e-003
 -2.7794121e-003
 -1.5916785e-002
 -2.8632178e-002
 -3.9138997e-002
 -4.7032949e-002
 -5.3237714e-002
 -5.9486461e-002
 -6.7526453e-002
 -7.8326984e-002
 -9.1570889e-002
 -1.0561619e-001
 -1.1795682e-001
 -1.2604093e-001
 -1.2817808e-001
 -1.2422681e-001
 -1.1581688e-001
 -1.0600770e-001
 -9.8469534e-002
 -9.6433750e-002
 -1.0174002e-001
 -1.1428056e-001
 -1.3201425e-001
 -1.5153840e-001
 -1.6902713e-001
 -1.8123356e-001
 -1.8624610e-001
 -1.8378589e-001
 -1.7499748e-001
 -1.6185674e-001
 -1.4643828e-001
 -1.3031098e-001
 -1.1425721e-001
 -9.8372964e-002
 -8.2454515e-002
 -6.6471357e-002
 -5.0903267e-002
 -3.6788160e-002
 -2.5458336e-002
 -1.8083185e-002
 -1.5229684e-002
 -1.6658585e-002
 -2.1487708e-002
 -2.8703978e-002
 -3.7848804e-002
 -4.9598943e-002
 -6.5961801e-002
 -8.9910532e-002
 -1.2447097e-001
 -1.7147934e-001
 -2.3038586e-001
 -2.9752671e-001
 -3.6619912e-001
 -4.2766752e-001
 -4.7295671e-001
 -4.9502825e-001
 -4.9076829e-001
 -4.6219877e-001
 -4.1647867e-001
 -3.6456177e-001
 -3.1874791e-001
 -2.8970398e-001
 -2.8373333e-001
 -3.0106170e-001
 -3.3566761e-001
 -3.7676866e-001
 -4.1160017e-001
 -4.2873590e-001
 -4.2103102e-001
 -3.8737739e-001
 -3.3282228e-001
 -2.6709463e-001
 -2.0204508e-001
 -1.4878306e-001
 -1.1530322e-001
 -1.0515073e-001
 -1.1728676e-001
 -1.4693505e-001
 -1.8695397e-001
 -2.2925205e-001
 -2.6592391e-001
 -2.9002736e-001
 -2.9612623e-001
 -2.8079139e-001
 -2.4316351e-001
 -1.8549358e-001
 -1.1339959e-001
 -3.5521053e-002
  3.7629093e-002
  9.5548925e-002
  1.2998729e-001
  1.3693122e-001
  1.1770436e-001
  7.8746884e-002
  3.0033309e-002
 -1.7479757e-002
 -5.4656046e-002
 -7.6412487e-002
 -8.2731504e-002
 -7.8183174e-002
 -7.0151847e-002
 -6.6352799e-002
 -7.2416461e-002
 -9.0257250e-002
 -1.1766416e-001
 -1.4915415e-001
 -1.7774992e-001
 -1.9709779e-001
 -2.0329156e-001
 -1.9590969e-001
 -1.7804153e-001
 -1.5537903e-001
 -1.3469272e-001
 -1.2213481e-001
 -1.2180305e-001
 -1.3488157e-001
 -1.5949834e-001
 -1.9125816e-001
 -2.2426772e-001
 -2.5238965e-001
 -2.7044968e-001
 -2.7516401e-001
 -2.6563495e-001
 -2.4336070e-001
 -2.1180113e-001
 -1.7561998e-001
 -1.3977436e-001
 -1.0863817e-001
 -8.5325435e-002
 -7.1327691e-002
 -6.6505990e-002
 -6.9398843e-002
 -7.7739525e-002
 -8.9036575e-002
 -1.0106994e-001
 -1.1219273e-001
 -1.2139440e-001
 -1.2815660e-001
 -1.3219458e-001
 -1.3320682e-001
 -1.3074341e-001
 -1.2425395e-001
 -1.1330471e-001
 -9.7885638e-002
 -7.8685045e-002
 -5.7208158e-002
 -3.5658645e-002
 -1.6576582e-002
 -2.3094691e-003
  5.5432002e-003
  6.5489508e-003
  1.5911832e-003
 -7.3119571e-003
 -1.7481878e-002
 -2.6221275e-002
 -3.1445531e-002
 -3.2128632e-002
 -2.8445644e-002
 -2.1587264e-002
 -1.3321022e-002
 -5.4459813e-003
  6.8981418e-004
  4.4727067e-003
  6.0457729e-003
  6.0971472e-003
  5.5135366e-003
  5.0304250e-003
  4.9951999e-003
  5.3064048e-003
  5.5238706e-003
  5.0863228e-003
  3.5444658e-003
  7.2484480e-004
 -3.2245668e-003
 -7.9089653e-003
 -1.2843281e-002
 -1.7632095e-002
 -2.2116507e-002
 -2.6450138e-002
 -3.1090373e-002
 -3.6710714e-002
 -4.4051533e-002
 -5.3731878e-002
 -6.6049634e-002
 -8.0804989e-002
 -9.7191122e-002
 -1.1379912e-001
 -1.2877216e-001
 -1.4011245e-001
 -1.4609733e-001
 -1.4571333e-001
 -1.3898826e-001
 -1.2710880e-001
 -1.1225893e-001
 -9.7193033e-002
 -8.4639425e-002
 -7.6688083e-002
 -7.4325998e-002
 -7.7241025e-002
 -8.3935068e-002
 -9.2099647e-002
 -9.9142994e-002
 -1.0273805e-001
 -1.0128514e-001
 -9.4232933e-002
 -8.2248236e-002
 -6.7246497e-002
 -5.2285407e-002
 -4.1298417e-002
 -3.8631826e-002
 -4.8373412e-002
 -7.3528948e-002
 -1.1519518e-001
 -1.7195226e-001
 -2.3970979e-001
 -3.1216131e-001
 -3.8184225e-001
 -4.4159181e-001
 -4.8606159e-001
 -5.1285717e-001
 -5.2297636e-001
 -5.2040209e-001
 -5.1095637e-001
 -5.0073971e-001
 -4.9459269e-001
 -4.9498814e-001
 -5.0161032e-001
 -5.1165985e-001
 -5.2071897e-001
 -5.2388465e-001
 -5.1685765e-001
 -4.9675126e-001
 -4.6251032e-001
 -4.1495547e-001
 -3.5654899e-001
 -2.9100138e-001
 -2.2281476e-001
 -1.5681801e-001
 -9.7715464e-002
 -4.9661509e-002
 -1.5881681e-002
  1.6264194e-003
  2.2788251e-003
 -1.3039608e-002
 -4.2042605e-002
 -8.1207436e-002
 -1.2601628e-001
 -1.7127711e-001
 -2.1155460e-001
 -2.4174628e-001
 -2.5780063e-001
 -2.5749309e-001
 -2.4108170e-001
 -2.1160330e-001
 -1.7459297e-001
 -1.3713469e-001
 -1.0635972e-001
 -8.7734633e-002
 -8.3633616e-002
 -9.2689252e-002
 -1.1023146e-001
 -1.2979215e-001
 -1.4527768e-001
 -1.5312863e-001
 -1.5371524e-001
 -1.5140996e-001
 -1.5319227e-001
 -1.6614562e-001
 -1.9462698e-001
 -2.3806737e-001
 -2.9021782e-001
 -3.4021860e-001
 -3.7527919e-001
 -3.8420773e-001
 -3.6071386e-001
 -3.0544113e-001
 -2.2606388e-001
 -1.3538596e-001
 -4.8006533e-002
  2.3438077e-002
  7.1332224e-002
  9.4561057e-002
  9.8053240e-002
  9.0637373e-002
  8.1964212e-002
  7.9481813e-002
  8.6360788e-002
  1.0090415e-001
  1.1747828e-001
  1.2853878e-001
  1.2703995e-001
  1.0848094e-001
  7.2038100e-002
  2.0572928e-002
 -4.0336580e-002
 -1.0393007e-001
 -1.6385461e-001
 -2.1537146e-001
 -2.5593380e-001
 -2.8512075e-001
 -3.0410402e-001
 -3.1491812e-001
 -3.1979296e-001
 -3.2071423e-001
 -3.1925204e-001
 -3.1659366e-001
 -3.1366338e-001
 -3.1122003e-001
 -3.0987192e-001
 -3.1000987e-001
 -3.1170511e-001
 -3.1463281e-001
 -3.1806739e-001
 -3.2096493e-001
 -3.2211834e-001
 -3.2035383e-001
 -3.1473505e-001
 -3.0474657e-001
 -2.9043337e-001
 -2.7247197e-001
 -2.5214549e-001
 -2.3119682e-001
 -2.1155172e-001
 -1.9493840e-001
 -1.8247399e-001
 -1.7432488e-001
 -1.6955645e-001
 -1.6625672e-001
 -1.6194935e-001
 -1.5422263e-001
 -1.4142237e-001
 -1.2321709e-001
 -1.0086327e-001
 -7.7073383e-002
 -5.5501152e-002
 -3.9968653e-002
 -3.3635356e-002
 -3.8323350e-002
 -5.4163305e-002
 -7.9629401e-002
 -1.1192121e-001
 -1.4756239e-001
 -1.8304600e-001
 -2.1537263e-001
 -2.4238729e-001
 -2.6289818e-001
 -2.7662345e-001
 -2.8404083e-001
 -2.8620392e-001
 -2.8455227e-001
 -2.8070503e-001
 -2.7621383e-001
 -2.7227039e-001
 -2.6941071e-001
 -2.6730480e-001
 -2.6473911e-001
 -2.5986700e-001
 -2.5072207e-001
 -2.3588457e-001
 -2.1510606e-001
 -1.8967162e-001
 -1.6233473e-001
 -1.3678728e-001
 -1.1678519e-001
 -1.0518010e-001
 -1.0315878e-001
 -1.0993879e-001
 -1.2302559e-001
 -1.3895297e-001
 -1.5426997e-001
 -1.6646199e-001
 -1.7452676e-001
 -1.7905355e-001
 -1.8182459e-001
 -1.8510850e-001
 -1.9089189e-001
 -2.0027640e-001
 -2.1317454e-001
 -2.2831496e-001
 -2.4347366e-001
 -2.5581744e-001
 -2.6228225e-001
 -2.5997848e-001
 -2.4666624e-001
 -2.2133454e-001
 -1.8483918e-001
 -1.4043672e-001
 -9.3960283e-002
 -5.3381202e-002
 -2.7625700e-002
 -2.4748619e-002
 -4.9834888e-002
 -1.0319915e-001
 -1.7948961e-001
 -2.6812893e-001
 -3.5517353e-001
 -4.2624570e-001
 -4.6983144e-001
 -4.8007082e-001
 -4.5826377e-001
 -4.1265288e-001
 -3.5652021e-001
 -3.0509830e-001
 -2.7210044e-001
 -2.6673815e-001
 -2.9190879e-001
 -3.4388167e-001
 -4.1340750e-001
 -4.8784701e-001
 -5.5374066e-001
 -5.9924375e-001
 -6.1599087e-001
 -6.0015942e-001
 -5.5269937e-001
 -4.7883852e-001
 -3.8704465e-001
 -2.8764760e-001
 -1.9132194e-001
 -1.0762691e-001
 -4.3794983e-002
 -3.9386506e-003
  1.1210475e-002
  4.0115309e-003
 -2.0829079e-002
 -5.7255001e-002
 -9.8864261e-002
 -1.3970387e-001
 -1.7473811e-001
 -2.0000668e-001
 -2.1260081e-001
 -2.1063071e-001
 -1.9331727e-001
 -1.6123363e-001
 -1.1659624e-001
 -6.3417962e-002
 -7.3321975e-003
  4.5015752e-002
  8.6963662e-002
  1.1301277e-001
  1.1989518e-001
  1.0723077e-001
  7.7579251e-002
  3.5863019e-002
 -1.1686673e-002
 -5.8783032e-002
 -1.0022574e-001
 -1.3267928e-001
 -1.5495633e-001
 -1.6781134e-001
 -1.7335797e-001
 -1.7428128e-001
 -1.7302235e-001
 -1.7108776e-001
 -1.6860124e-001
 -1.6418089e-001
 -1.5519075e-001
 -1.3836592e-001
 -1.1073729e-001
 -7.0689939e-002
 -1.8904525e-002
  4.1105931e-002
  1.0310585e-001
  1.5899394e-001
  2.0029686e-001
  2.1997138e-001
  2.1404126e-001
  1.8258929e-001
  1.2978231e-001
  6.2890528e-002
 -9.4190465e-003
 -7.8997239e-002
 -1.3975358e-001
 -1.8838529e-001
 -2.2416016e-001
 -2.4796916e-001
 -2.6112455e-001
 -2.6444311e-001
 -2.5799708e-001
 -2.4160075e-001
 -2.1576147e-001
 -1.8260344e-001
 -1.4626543e-001
 -1.1248475e-001
 -8.7420705e-002
 -7.6098834e-002
 -8.1033905e-002
 -1.0154211e-001
 -1.3400081e-001
 -1.7296210e-001
 -2.1271730e-001
 -2.4876371e-001
 -2.7869409e-001
 -3.0227542e-001
 -3.2080179e-001
 -3.3606766e-001
 -3.4941611e-001
 -3.6123911e-001
 -3.7108800e-001
 -3.7828664e-001
 -3.8273413e-001
 -3.8551339e-001
 -3.8900619e-001
 -3.9641158e-001
 -4.1079400e-001
 -4.3396478e-001
 -4.6556526e-001
 -5.0266043e-001
 -5.3999720e-001
 -5.7089205e-001
 -5.8854719e-001
 -5.8749532e-001
 -5.6485042e-001
 -5.2108394e-001
 -4.6012994e-001
 -3.8873243e-001
 -3.1507953e-001
 -2.4692258e-001
 -1.8954344e-001
 -1.4407371e-001
 -1.0672515e-001
 -6.9392573e-002
 -2.1802773e-002
  4.5067205e-002
  1.3508210e-001
  2.4371249e-001
  3.5671310e-001
  4.5162124e-001
  5.0224625e-001
  4.8536346e-001
  3.8794506e-001
  2.1278571e-001
 -1.9449075e-002
 -2.7286860e-001
 -5.0347469e-001
 -6.6911098e-001
 -7.3958299e-001
 -7.0405121e-001
 -5.7348751e-001
 -3.7742255e-001
 -1.5594780e-001
  5.0607907e-002
  2.1123195e-001
  3.1025934e-001
  3.4837239e-001
  3.3876313e-001
  3.0021910e-001
  2.4977819e-001
  1.9751652e-001
  1.4505233e-001
  8.7860872e-002
  2.0062672e-002
 -6.0507471e-002
 -1.4913029e-001
 -2.3426890e-001
 -3.0088772e-001
 -3.3574564e-001
 -3.3260861e-001
 -2.9534175e-001
 -2.3762269e-001
 -1.7925530e-001
 -1.4028853e-001
 -1.3491163e-001
 -1.6714321e-001
 -2.2967106e-001
 -3.0609928e-001
 -3.7573264e-001
 -4.1926818e-001
 -4.2360975e-001
 -3.8447602e-001
 -3.0632520e-001
 -2.0003829e-001
 -7.9460843e-002
  4.1900011e-002
  1.5301324e-001
  2.4590050e-001
  3.1494201e-001
  3.5569586e-001
  3.6414061e-001
  3.3697697e-001
  2.7306830e-001
  1.7548270e-001
  5.3169783e-002
 -7.8751938e-002
 -2.0075101e-001
 -2.9263881e-001
 -3.3849005e-001
 -3.3129589e-001
 -2.7576325e-001
 -1.8807291e-001
 -9.2283088e-002
 -1.4151951e-002
  2.5912388e-002
  1.8631366e-002
 -3.1514740e-002
 -1.0776213e-001
 -1.8629081e-001
 -2.4360040e-001
 -2.6367997e-001
 -2.4265349e-001
 -1.8941610e-001
 -1.2213045e-001
 -6.1852224e-002
 -2.5502001e-002
 -2.0562433e-002
 -4.3209452e-002
 -8.0341989e-002
 -1.1461866e-001
 -1.3062911e-001
 -1.2005310e-001
 -8.4148316e-002
 -3.2935825e-002
  1.8385101e-002
  5.4384132e-002
  6.3991967e-002
  4.3330134e-002
 -3.8793757e-003
 -6.8110404e-002
 -1.3714812e-001
 -1.9937049e-001
 -2.4621139e-001
 -2.7328972e-001
 -2.8023402e-001
 -2.6964012e-001
 -2.4574832e-001
 -2.1332056e-001
 -1.7693964e-001
 -1.4068823e-001
 -1.0801118e-001
 -8.1565057e-002
 -6.2976320e-002
 -5.2579012e-002
 -4.9293927e-002
 -5.0797466e-002
 -5.4019016e-002
 -5.5860092e-002
 -5.3920761e-002
 -4.7003599e-002
 -3.5251290e-002
 -1.9922041e-002
 -2.9486657e-003
  1.3503245e-002
  2.7297910e-002
  3.6356106e-002
  3.8541605e-002
  3.1607278e-002
  1.3399621e-002
 -1.7596676e-002
 -6.1480346e-002
 -1.1620217e-001
 -1.7723598e-001
 -2.3793231e-001
 -2.9062219e-001
 -3.2826212e-001
 -3.4617774e-001
 -3.4337176e-001
 -3.2295822e-001
 -2.9154530e-001
 -2.5772338e-001
 -2.3010322e-001
 -2.1548390e-001
 -2.1766441e-001
 -2.3717072e-001
 -2.7184700e-001
 -3.1797467e-001
 -3.7144271e-001
 -4.2854091e-001
 -4.8615707e-001
 -5.4143765e-001
 -5.9120631e-001
 -6.3153360e-001
 -6.5778151e-001
 -6.6524383e-001
 -6.5025351e-001
 -6.1142895e-001
 -5.5065392e-001
 -4.7344733e-001
 -3.8854473e-001
 -3.0671800e-001
 -2.3903940e-001
 -1.9491178e-001
 -1.8023291e-001
 -1.9605098e-001
 -2.3801348e-001
 -2.9681229e-001
 -3.5967485e-001
 -4.1274051e-001
 -4.4392160e-001
 -4.4564144e-001
 -4.1675234e-001
 -3.6303669e-001
 -2.9599995e-001
 -2.3011768e-001
 -1.7916838e-001
 -1.5261175e-001
 -1.5302966e-001
 -1.7539046e-001
 -2.0839020e-001
 -2.3752311e-001
 -2.4902935e-001
 -2.3362210e-001
 -1.8897983e-001
 -1.2036748e-001
 -3.9290888e-002
  3.9375342e-002
  1.0097177e-001
  1.3440901e-001
  1.3448517e-001
  1.0268260e-001
  4.6374308e-002
 -2.3240880e-002
 -9.3880399e-002
 -1.5489319e-001
 -1.9930885e-001
 -2.2479242e-001
 -2.3337695e-001
 -2.3016155e-001
 -2.2141510e-001
 -2.1265155e-001
 -2.0720944e-001
 -2.0568709e-001
 -2.0631038e-001
 -2.0602670e-001
 -2.0191320e-001
 -1.9242014e-001
 -1.7805650e-001
 -1.6132792e-001
 -1.4598582e-001
 -1.3585915e-001
 -1.3365333e-001
 -1.4008843e-001
 -1.5362330e-001
 -1.7082278e-001
 -1.8723169e-001
 -1.9847960e-001
 -2.0129166e-001
 -1.9413113e-001
 -1.7732939e-001
 -1.5272499e-001
 -1.2298518e-001
 -9.0871205e-002
 -5.8706650e-002
 -2.8213726e-002
 -7.2756395e-004
  2.2363910e-002
  3.9215195e-002
  4.7420539e-002
  4.4370618e-002
  2.8030580e-002
 -2.1087482e-003
 -4.4291818e-002
 -9.4349246e-002
 -1.4634366e-001
 -1.9392507e-001
 -2.3200934e-001
 -2.5820845e-001
 -2.7346831e-001
 -2.8162136e-001
 -2.8795740e-001
 -2.9730280e-001
 -3.1231401e-001
 -3.3263455e-001
 -3.5524303e-001
 -3.7585415e-001
 -3.9081155e-001
 -3.9870525e-001
 -4.0104638e-001
 -4.0170302e-001
 -4.0529585e-001
 -4.1517598e-001
 -4.3178897e-001
 -4.5209855e-001
 -4.7034970e-001
 -4.7994610e-001
 -4.7579409e-001
 -4.5628264e-001
 -4.2419310e-001
 -3.8621286e-001
 -3.5121855e-001
 -3.2791461e-001
 -3.2261043e-001
 -3.3782933e-001
 -3.7211099e-001
 -4.2092936e-001
 -4.7826915e-001
 -5.3822495e-001
 -5.9606324e-001
 -6.4847270e-001
 -6.9309726e-001
 -7.2774548e-001
 -7.4978096e-001
 -7.5608282e-001
 -7.4368034e-001
 -7.1083422e-001
 -6.5810198e-001
 -5.8888527e-001
 -5.0913281e-001
 -4.2619455e-001
 -3.4716190e-001
 -2.7724806e-001
 -2.1877233e-001
 -1.7110440e-001
 -1.3157821e-001
 -9.7032932e-002
 -6.5416044e-002
 -3.6873332e-002
 -1.3953012e-002
 -8.8157388e-004
 -2.1981439e-003
 -2.1238021e-002
 -5.8967942e-002
 -1.1350884e-001
 -1.8041897e-001
 -2.5356291e-001
 -3.2624935e-001
 -3.9231725e-001
 -4.4695182e-001
 -4.8715108e-001
 -5.1186812e-001
 -5.2189141e-001
 -5.1951042e-001
 -5.0799144e-001
 -4.9090386e-001
 -4.7139822e-001
 -4.5161270e-001
 -4.3241296e-001
 -4.1360607e-001
 -3.9460968e-001
 -3.7535806e-001
 -3.5707944e-001
 -3.4256869e-001
 -3.3573753e-001
 -3.4050449e-001
 -3.5937993e-001
 -3.9227615e-001
 -4.3604214e-001
 -4.8497983e-001
 -5.3223292e-001
 -5.7159508e-001
 -5.9910594e-001
 -6.1386774e-001
 -6.1780272e-001
 -6.1446777e-001
 -6.0739287e-001
 -5.9857792e-001
 -5.8770939e-001
 -5.7237981e-001
 -5.4922178e-001
 -5.1554282e-001
 -4.7088014e-001
 -4.1793017e-001
 -3.6251809e-001
 -3.1257590e-001
 -2.7639165e-001
 -2.6059525e-001
 -2.6840914e-001
 -2.9861306e-001
 -3.4548187e-001
 -3.9970927e-001
 -4.5009175e-001
 -4.8557531e-001
 -4.9720504e-001
 -4.7957643e-001
 -4.3154585e-001
 -3.5616435e-001
 -2.5998681e-001
 -1.5201967e-001
 -4.2577196e-002
  5.7770224e-002
  1.3910228e-001
  1.9296615e-001
  2.1319691e-001
  1.9677359e-001
  1.4461319e-001
  6.2067948e-002
 -4.1179304e-002
 -1.5207072e-001
 -2.5603538e-001
 -3.3952796e-001
 -3.9273126e-001
 -4.1173858e-001
 -3.9955955e-001
 -3.6554206e-001
 -3.2322188e-001
 -2.8707745e-001
 -2.6902942e-001
 -2.7565107e-001
 -3.0688515e-001
 -3.5662827e-001
 -4.1497291e-001
 -4.7137109e-001
 -5.1768335e-001
 -5.5011676e-001
 -5.6944037e-001
 -5.7948000e-001
 -5.8452898e-001
 -5.8673814e-001
 -5.8459462e-001
 -5.7322307e-001
 -5.4655517e-001
 -5.0065478e-001
 -4.3694070e-001
 -3.6394400e-001
 -2.9664699e-001
 -2.5326065e-001
 -2.5023289e-001
 -2.9700266e-001
 -3.9224602e-001
 -5.2298789e-001
 -6.6708098e-001
 -7.9846647e-001
 -8.9370214e-001
 -9.3779700e-001
 -9.2758816e-001
 -8.7167718e-001
 -7.8704567e-001
 -6.9352269e-001
 -6.0792387e-001
 -5.3971536e-001
 -4.8947449e-001
 -4.5043825e-001
 -4.1239441e-001
 -3.6643096e-001
 -3.0885818e-001
 -2.4299618e-001
 -1.7832112e-001
 -1.2738873e-001
 -1.0167990e-001
 -1.0780630e-001
 -1.4530619e-001
 -2.0666244e-001
 -2.7942212e-001
 -3.4965408e-001
 -4.0564684e-001
 -4.4078997e-001
 -4.5493198e-001
 -4.5400626e-001
 -4.4818709e-001
 -4.4915229e-001
 -4.6713939e-001
 -5.0842202e-001
 -5.7367095e-001
 -6.5746959e-001
 -7.4906189e-001
 -8.3422481e-001
 -8.9796855e-001
 -9.2758398e-001
 -9.1541720e-001
 -8.6072057e-001
 -7.7006397e-001
 -6.5610050e-001
 -5.3490756e-001
 -4.2254476e-001
 -3.3173529e-001
 -2.6957389e-001
 -2.3686693e-001
 -2.2920077e-001
 -2.3928552e-001
 -2.5972847e-001
 -2.8529919e-001
 -3.1399040e-001
 -3.4665947e-001
 -3.8556850e-001
 -4.3252087e-001
 -4.8738018e-001
 -5.4753419e-001
 -6.0843789e-001
 -6.6492158e-001
 -7.1266399e-001
 -7.4921383e-001
 -7.7418425e-001
 -7.8862576e-001
 -7.9393585e-001
 -7.9084282e-001
 -7.7894189e-001
 -7.5700221e-001
 -7.2392060e-001
 -6.7991393e-001
 -6.2742876e-001
 -5.7134130e-001
 -5.1828036e-001
 -4.7522954e-001
 -4.4783119e-001
 -4.3893292e-001
 -4.4784779e-001
 -4.7057252e-001
 -5.0090257e-001
 -5.3210268e-001
 -5.5862750e-001
 -5.7738806e-001
 -5.8822015e-001
 -5.9347107e-001
 -5.9689304e-001
 -6.0222572e-001
 -6.1191092e-001
 -6.2630015e-001
 -6.4353162e-001
 -6.6003760e-001
 -6.7146934e-001
 -6.7374466e-001
 -6.6394160e-001
 -6.4085608e-001
 -6.0516260e-001
 -5.5922046e-001
 -5.0662499e-001
 -4.5161458e-001
 -3.9842704e-001
 -3.5067981e-001
 -3.1084091e-001
 -2.7986388e-001
 -2.5706231e-001
 -2.4028257e-001
 -2.2638635e-001
 -2.1198464e-001
 -1.9429262e-001
 -1.7192633e-001
 -1.4545514e-001
 -1.1756392e-001
 -9.2755198e-002
 -7.6614825e-002
 -7.4756124e-002
 -9.1630303e-002
 -1.2943528e-001
 -1.8736115e-001
 -2.6136995e-001
 -3.4461517e-001
 -4.2846862e-001
 -5.0396494e-001
 -5.6334125e-001
 -6.0129378e-001
 -6.1563125e-001
 -6.0717612e-001
 -5.7900087e-001
 -5.3530290e-001
 -4.8032941e-001
 -4.1771238e-001
 -3.5037539e-001
 -2.8091030e-001
 -2.1210774e-001
 -1.4726053e-001
 -8.9980360e-002
 -4.3524573e-002
 -9.9036770e-003
  1.0801163e-002
  2.0525388e-002
  2.2567658e-002
  2.0385968e-002
  1.6311109e-002
  1.0729106e-002
  2.1202724e-003
 -1.2010610e-002
 -3.3671798e-002
 -6.3006558e-002
 -9.7616443e-002
 -1.3293218e-001
 -1.6354435e-001
 -1.8499083e-001
 -1.9528114e-001
 -1.9551933e-001
 -1.8934012e-001
 -1.8135726e-001
 -1.7523958e-001
 -1.7220480e-001
 -1.7057720e-001
 -1.6664372e-001
 -1.5652364e-001
 -1.3834319e-001
 -1.1384638e-001
 -8.8743123e-002
 -7.1535433e-002
 -7.1112719e-002
 -9.3866971e-002
 -1.4128412e-001
 -2.0884707e-001
 -2.8668140e-001
 -3.6182402e-001
 -4.2147833e-001
 -4.5630228e-001
 -4.6275509e-001
 -4.4380709e-001
 -4.0780950e-001
 -3.6587481e-001
 -3.2856682e-001
 -3.0290468e-001
 -2.9058323e-001
 -2.8793103e-001
 -2.8758242e-001
 -2.8130108e-001
 -2.6302884e-001
 -2.3116571e-001
 -1.8934014e-001
 -1.4542492e-001
 -1.0913419e-001
 -8.9009070e-002
 -8.9803802e-002
 -1.1114844e-001
 -1.4792857e-001
 -1.9223243e-001
 -2.3617094e-001
 -2.7456709e-001
 -3.0654941e-001
 -3.3546418e-001
 -3.6711547e-001
 -4.0694653e-001
 -4.5717585e-001
 -5.1495097e-001
 -5.7225879e-001
 -6.1774141e-001
 -6.3991411e-001
 -6.3079242e-001
 -5.8877329e-001
 -5.1983161e-001
 -4.3660767e-001
 -3.5559881e-001
 -2.9322402e-001
 -2.6183825e-001
 -2.6675871e-001
 -3.0505575e-001
 -3.6636772e-001
 -4.3547106e-001
 -4.9591490e-001
 -5.3380686e-001
 -5.4084909e-001
 -5.1594606e-001
 -4.6507300e-001
 -3.9951648e-001
 -3.3298154e-001
 -2.7831528e-001
 -2.4466458e-001
 -2.3574398e-001
 -2.4957084e-001
 -2.7961543e-001
 -3.1693011e-001
 -3.5258374e-001
 -3.7970533e-001
 -3.9463556e-001
 -3.9701792e-001
 -3.8901016e-001
 -3.7403907e-001
 -3.5558391e-001
 -3.3635772e-001
 -3.1802861e-001
 -3.0138876e-001
 -2.8672734e-001
 -2.7414384e-001
 -2.6363723e-001
 -2.5496619e-001
 -2.4741812e-001
 -2.3968732e-001
 -2.3001960e-001
 -2.1665535e-001
 -1.9845133e-001
 -1.7545311e-001
 -1.4917457e-001
 -1.2243167e-001
 -9.8740202e-002
 -8.1457237e-002
 -7.2951963e-002
 -7.4085304e-002
 -8.4157946e-002
 -1.0129920e-001
 -1.2309352e-001
 -1.4715556e-001
 -1.7141127e-001
 -1.9400701e-001
 -2.1297974e-001
 -2.2597810e-001
 -2.3034157e-001
 -2.2369473e-001
 -2.0494554e-001
 -1.7530840e-001
 -1.3883672e-001
 -1.0203850e-001
 -7.2459960e-002
 -5.6550146e-002
 -5.7489740e-002
 -7.3806609e-002
 -9.9417341e-002
 -1.2526476e-001
 -1.4212831e-001
 -1.4369629e-001
 -1.2881168e-001
 -1.0203022e-001
 -7.2199470e-002
 -4.9479171e-002
 -4.1808292e-002
 -5.2055640e-002
 -7.6868852e-002
 -1.0763672e-001
 -1.3322387e-001
 -1.4350949e-001
 -1.3249853e-001
 -9.9967869e-002
 -5.1176451e-002
  5.1202227e-003
  5.9531043e-002
  1.0471100e-001
  1.3698664e-001
  1.5653771e-001
  1.6632977e-001
  1.7042794e-001
  1.7244943e-001
  1.7471421e-001
  1.7824903e-001
  1.8338968e-001
  1.9049241e-001
  2.0029662e-001
  2.1373758e-001
  2.3134749e-001
  2.5263352e-001
  2.7585975e-001
  2.9846902e-001
  3.1805408e-001
  3.3348215e-001
  3.4564095e-001
  3.5737983e-001
  3.7253013e-001
  3.9427752e-001
  4.2346453e-001
  4.5749248e-001
  4.9032684e-001
  5.1374277e-001
