 -3.5536078e-001
 -3.5615209e-001
 -3.5652555e-001
 -3.5666948e-001
 -3.5712865e-001
 -3.5873369e-001
 -3.6240096e-001
 -3.6885434e-001
 -3.7835591e-001
 -3.9054047e-001
 -4.0442375e-001
 -4.1860169e-001
 -4.3159553e-001
 -4.4224409e-001
 -4.5002203e-001
 -4.5517834e-001
 -4.5864241e-001
 -4.6171836e-001
 -4.6565825e-001
 -4.7124760e-001
 -4.7853652e-001
 -4.8680483e-001
 -4.9477471e-001
 -5.0100363e-001
 -5.0433186e-001
 -5.0424147e-001
 -5.0101482e-001
 -4.9564780e-001
 -4.8955459e-001
 -4.8416773e-001
 -4.8056793e-001
 -4.7926209e-001
 -4.8017271e-001
 -4.8282611e-001
 -4.8665809e-001
 -4.9131719e-001
 -4.9684981e-001
 -5.0369707e-001
 -5.1250291e-001
 -5.2380282e-001
 -5.3770770e-001
 -5.5370226e-001
 -5.7064013e-001
 -5.8695109e-001
 -6.0100220e-001
 -6.1150006e-001
 -6.1780368e-001
 -6.2004440e-001
 -6.1901073e-001
 -6.1583287e-001
 -6.1156745e-001
 -6.0681594e-001
 -6.0150026e-001
 -5.9486904e-001
 -5.8573468e-001
 -5.7286969e-001
 -5.5544191e-001
 -5.3335757e-001
 -5.0741098e-001
 -4.7919756e-001
 -4.5081675e-001
 -4.2444946e-001
 -4.0192657e-001
 -3.8440163e-001
 -3.7220532e-001
 -3.6490321e-001
 -3.6151878e-001
 -3.6083875e-001
 -3.6169995e-001
 -3.6317211e-001
 -3.6459359e-001
 -3.6547292e-001
 -3.6532084e-001
 -3.6350493e-001
 -3.5921286e-001
 -3.5156938e-001
 -3.3988989e-001
 -3.2399062e-001
 -3.0443723e-001
 -2.8261613e-001
 -2.6056059e-001
 -2.4054417e-001
 -2.2453973e-001
 -2.1370343e-001
 -2.0805317e-001
 -2.0646269e-001
 -2.0699714e-001
 -2.0750496e-001
 -2.0629180e-001
 -2.0266770e-001
 -1.9719340e-001
 -1.9154421e-001
 -1.8803121e-001
 -1.8892763e-001
 -1.9580729e-001
 -2.0909405e-001
 -2.2795052e-001
 -2.5052655e-001
 -2.7447974e-001
 -2.9760455e-001
 -3.1838559e-001
 -3.3632482e-001
 -3.5196831e-001
 -3.6664858e-001
 -3.8203711e-001
 -3.9964683e-001
 -4.2042731e-001
 -4.4455832e-001
 -4.7148386e-001
 -5.0015667e-001
 -5.2940262e-001
 -5.5828081e-001
 -5.8631879e-001
 -6.1354216e-001
 -6.4028560e-001
 -6.6684872e-001
 -6.9312272e-001
 -7.1834051e-001
 -7.4107902e-001
 -7.5956917e-001
 -7.7226266e-001
 -7.7849779e-001
 -7.7903564e-001
 -7.7623600e-001
 -7.7372128e-001
 -7.7552447e-001
 -7.8489393e-001
 -8.0307752e-001
 -8.2847639e-001
 -8.5650707e-001
 -8.8033956e-001
 -8.9242703e-001
 -8.8648138e-001
 -8.5936359e-001
 -8.1231713e-001
 -7.5110894e-001
 -6.8492947e-001
 -6.2426464e-001
 -5.7827829e-001
 -5.5242610e-001
 -5.4699233e-001
 -5.5699665e-001
 -5.7352678e-001
 -5.8613555e-001
 -5.8562863e-001
 -5.6646358e-001
 -5.2811308e-001
 -4.7506832e-001
 -4.1556422e-001
 -3.5946265e-001
 -3.1592655e-001
 -2.9150603e-001
 -2.8906417e-001
 -3.0767628e-001
 -3.4335017e-001
 -3.9022581e-001
 -4.4186398e-001
 -4.9231240e-001
 -5.3678909e-001
 -5.7197655e-001
 -5.9602185e-001
 -6.0836679e-001
 -6.0950394e-001
 -6.0070488e-001
 -5.8373279e-001
 -5.6054940e-001
 -5.3304919e-001
 -5.0287535e-001
 -4.7136730e-001
 -4.3964876e-001
 -4.0880204e-001
 -3.8002093e-001
 -3.5462481e-001
 -3.3386622e-001
 -3.1856005e-001
 -3.0866685e-001
 -3.0302390e-001
 -2.9940212e-001
 -2.9496628e-001
 -2.8706495e-001
 -2.7413102e-001
 -2.5639513e-001
 -2.3614063e-001
 -2.1735813e-001
 -2.0484874e-001
 -2.0301123e-001
 -2.1466229e-001
 -2.4024085e-001
 -2.7763389e-001
 -3.2267135e-001
 -3.7013482e-001
 -4.1497423e-001
 -4.5337682e-001
 -4.8339566e-001
 -5.0499766e-001
 -5.1958133e-001
 -5.2918065e-001
 -5.3565962e-001
 -5.4018449e-001
 -5.4314509e-001
 -5.4452083e-001
 -5.4451254e-001
 -5.4414872e-001
 -5.4556778e-001
 -5.5178486e-001
 -5.6594151e-001
 -5.9024564e-001
 -6.2496151e-001
 -6.6784256e-001
 -7.1428956e-001
 -7.5828693e-001
 -7.9389468e-001
 -8.1684880e-001
 -8.2573652e-001
 -8.2231199e-001
 -8.1078359e-001
 -7.9625488e-001
 -7.8281713e-001
 -7.7195271e-001
 -7.6184575e-001
 -7.4791262e-001
 -7.2444907e-001
 -6.8688193e-001
 -6.3386049e-001
 -5.6842520e-001
 -4.9776418e-001
 -4.3152834e-001
 -3.7917272e-001
 -3.4715113e-001
 -3.3688292e-001
 -3.4419221e-001
 -3.6045551e-001
 -3.7513664e-001
 -3.7892645e-001
 -3.6649913e-001
 -3.3801954e-001
 -2.9894649e-001
 -2.5823446e-001
 -2.2554909e-001
 -2.0840642e-001
 -2.1012759e-001
 -2.2918785e-001
 -2.6005023e-001
 -2.9508827e-001
 -3.2688454e-001
 -3.5014168e-001
 -3.6265546e-001
 -3.6517986e-001
 -3.6041152e-001
 -3.5159260e-001
 -3.4129286e-001
 -3.3078269e-001
 -3.2012737e-001
 -3.0883732e-001
 -2.9671190e-001
 -2.8447832e-001
 -2.7394942e-001
 -2.6764149e-001
 -2.6801383e-001
 -2.7663233e-001
 -2.9357539e-001
 -3.1729696e-001
 -3.4498853e-001
 -3.7330687e-001
 -3.9922042e-001
 -4.2070633e-001
 -4.3710088e-001
 -4.4903392e-001
 -4.5801451e-001
 -4.6583486e-001
 -4.7399592e-001
 -4.8332586e-001
 -4.9388234e-001
 -5.0513035e-001
 -5.1630271e-001
 -5.2680331e-001
 -5.3651339e-001
 -5.4590353e-001
 -5.5592181e-001
 -5.6770143e-001
 -5.8218621e-001
 -5.9979714e-001
 -6.2024981e-001
 -6.4258669e-001
 -6.6542174e-001
 -6.8732808e-001
 -7.0725058e-001
 -7.2481220e-001
 -7.4040967e-001
 -7.5505690e-001
 -7.7001414e-001
 -7.8631420e-001
 -8.0433805e-001
 -8.2358610e-001
 -8.4273630e-001
 -8.5999050e-001
 -8.7361493e-001
 -8.8250925e-001
 -8.8661875e-001
 -8.8704378e-001
 -8.8579147e-001
 -8.8522746e-001
 -8.8738504e-001
 -8.9334002e-001
 -9.0284497e-001
 -9.1433849e-001
 -9.2532973e-001
 -9.3304289e-001
 -9.3512994e-001
 -9.3024602e-001
 -9.1833319e-001
 -9.0055548e-001
 -8.7893574e-001
 -8.5582762e-001
 -8.3338816e-001
 -8.1319292e-001
 -7.9606893e-001
 -7.8214072e-001
 -7.7101780e-001
 -7.6202319e-001
 -7.5437491e-001
 -7.4727696e-001
 -7.3993100e-001
 -7.3152097e-001
 -7.2123344e-001
 -7.0835379e-001
 -6.9243275e-001
 -6.7347037e-001
 -6.5203724e-001
 -6.2925890e-001
 -6.0663092e-001
 -5.8569369e-001
 -5.6765499e-001
 -5.5308099e-001
 -5.4176604e-001
 -5.3284039e-001
 -5.2509713e-001
 -5.1744322e-001
 -5.0933102e-001
 -5.0102557e-001
 -4.9360960e-001
 -4.8870994e-001
 -4.8801700e-001
 -4.9273630e-001
 -5.0313515e-001
 -5.1832182e-001
 -5.3632813e-001
 -5.5447941e-001
 -5.6995547e-001
 -5.8039441e-001
 -5.8438233e-001
 -5.8170668e-001
 -5.7331803e-001
 -5.6102406e-001
 -5.4700896e-001
 -5.3331063e-001
 -5.2138909e-001
 -5.1188234e-001
 -5.0458513e-001
 -4.9862153e-001
 -4.9273419e-001
 -4.8559660e-001
 -4.7607043e-001
 -4.6336907e-001
 -4.4713224e-001
 -4.2744554e-001
 -4.0484259e-001
 -3.8030538e-001
 -3.5524558e-001
 -3.3142377e-001
 -3.1076311e-001
 -2.9504490e-001
 -2.8552649e-001
 -2.8257601e-001
 -2.8544797e-001
 -2.9230888e-001
 -3.0056167e-001
 -3.0742646e-001
 -3.1064442e-001
 -3.0911402e-001
 -3.0326914e-001
 -2.9507042e-001
 -2.8758742e-001
 -2.8426736e-001
 -2.8807882e-001
 -3.0075706e-001
 -3.2235087e-001
 -3.5118818e-001
 -3.8426442e-001
 -4.1794632e-001
 -4.4880489e-001
 -4.7436444e-001
 -4.9358379e-001
 -5.0696152e-001
 -5.1625789e-001
 -5.2392455e-001
 -5.3240400e-001
 -5.4348696e-001
 -5.5789095e-001
 -5.7515605e-001
 -5.9386363e-001
 -6.1209608e-001
 -6.2799462e-001
 -6.4025420e-001
 -6.4842245e-001
 -6.5293325e-001
 -6.5488541e-001
 -6.5564880e-001
 -6.5642509e-001
 -6.5789641e-001
 -6.6006272e-001
 -6.6230977e-001
 -6.6367993e-001
 -6.6325905e-001
 -6.6055822e-001
 -6.5576996e-001
 -6.4981209e-001
 -6.4413112e-001
 -6.4030507e-001
 -6.3954466e-001
 -6.4222790e-001
 -6.4760439e-001
 -6.5377221e-001
 -6.5796720e-001
 -6.5712690e-001
 -6.4861535e-001
 -6.3094089e-001
 -6.0428149e-001
 -5.7066022e-001
 -5.3368666e-001
 -4.9788548e-001
 -4.6774746e-001
 -4.4672877e-001
 -4.3646232e-001
 -4.3640968e-001
 -4.4407463e-001
 -4.5574385e-001
 -4.6756109e-001
 -4.7662945e-001
 -4.8181376e-001
 -4.8399588e-001
 -4.8570025e-001
 -4.9020499e-001
 -5.0041939e-001
 -5.1788519e-001
 -5.4221839e-001
 -5.7116266e-001
 -6.0122374e-001
 -6.2866555e-001
 -6.5053783e-001
 -6.6540766e-001
 -6.7358071e-001
 -6.7677892e-001
 -6.7742488e-001
 -6.7780490e-001
 -6.7940280e-001
 -6.8261253e-001
 -6.8688536e-001
 -6.9120513e-001
 -6.9467273e-001
 -6.9695753e-001
 -6.9844256e-001
 -7.0002223e-001
 -7.0265233e-001
 -7.0684961e-001
 -7.1235474e-001
 -7.1810555e-001
 -7.2254327e-001
 -7.2414222e-001
 -7.2196242e-001
 -7.1600953e-001
 -7.0725207e-001
 -6.9726832e-001
 -6.8763021e-001
 -6.7923181e-001
 -6.7179997e-001
 -6.6377486e-001
 -6.5263448e-001
 -6.3559655e-001
 -6.1050739e-001
 -5.7665901e-001
 -5.3528305e-001
 -4.8955212e-001
 -4.4405299e-001
 -4.0384502e-001
 -3.7333918e-001
 -3.5529285e-001
 -3.5019383e-001
 -3.5620660e-001
 -3.6970074e-001
 -3.8621839e-001
 -4.0161326e-001
 -4.1304672e-001
 -4.1957291e-001
 -4.2217105e-001
 -4.2325008e-001
 -4.2580342e-001
 -4.3248336e-001
 -4.4486669e-001
 -4.6310032e-001
 -4.8598154e-001
 -5.1138949e-001
 -5.3689087e-001
 -5.6031909e-001
 -5.8017427e-001
 -5.9578329e-001
 -6.0725615e-001
 -6.1533768e-001
 -6.2126163e-001
 -6.2666865e-001
 -6.3357580e-001
 -6.4431983e-001
 -6.6137165e-001
 -6.8695404e-001
 -7.2247848e-001
 -7.6792176e-001
 -8.2134319e-001
 -8.7876120e-001
 -9.3454205e-001
 -9.8231495e-001
 -1.0162560e+000
 -1.0324361e+000
 -1.0298595e+000
 -1.0108685e+000
 -9.8074073e-001
 -9.4653275e-001
 -9.1544045e-001
 -8.9309781e-001
 -8.8226151e-001
 -8.8222539e-001
 -8.8910626e-001
 -8.9690545e-001
 -8.9904917e-001
 -8.9000229e-001
 -8.6655758e-001
 -8.2851477e-001
 -7.7863900e-001
 -7.2197359e-001
 -6.6472754e-001
 -6.1303146e-001
 -5.7184762e-001
 -5.4424466e-001
 -5.3113283e-001
 -5.3143713e-001
 -5.4259292e-001
 -5.6120021e-001
 -5.8367364e-001
 -6.0676385e-001
 -6.2788591e-001
 -6.4525031e-001
 -6.5783647e-001
 -6.6526993e-001
 -6.6766376e-001
 -6.6546885e-001
 -6.5935698e-001
 -6.5014105e-001
 -6.3872495e-001
 -6.2606950e-001
 -6.1316012e-001
 -6.0096452e-001
 -5.9037225e-001
 -5.8211483e-001
 -5.7667261e-001
 -5.7418417e-001
 -5.7438164e-001
 -5.7657711e-001
 -5.7971977e-001
 -5.8252829e-001
 -5.8368268e-001
 -5.8204051e-001
 -5.7683045e-001
 -5.6777752e-001
 -5.5513007e-001
 -5.3958376e-001
 -5.2212532e-001
 -5.0383915e-001
 -4.8572630e-001
 -4.6857581e-001
 -4.5290682e-001
 -4.3897481e-001
 -4.2681564e-001
 -4.1629505e-001
 -4.0714039e-001
 -3.9895104e-001
 -3.9120524e-001
 -3.8329285e-001
 -3.7459845e-001
 -3.6463789e-001
 -3.5321999e-001
 -3.4057938e-001
 -3.2741791e-001
 -3.1481034e-001
 -3.0397160e-001
 -2.9593512e-001
 -2.9123457e-001
 -2.8969608e-001
 -2.9042470e-001
 -2.9201177e-001
 -2.9291672e-001
 -2.9191388e-001
 -2.8846537e-001
 -2.8289849e-001
 -2.7632592e-001
 -2.7032957e-001
 -2.6650531e-001
 -2.6600987e-001
 -2.6924758e-001
 -2.7578598e-001
 -2.8451414e-001
 -2.9398207e-001
 -3.0280968e-001
 -3.1004266e-001
 -3.1536103e-001
 -3.1909913e-001
 -3.2209356e-001
 -3.2541981e-001
 -3.3009674e-001
 -3.3683281e-001
 -3.4586439e-001
 -3.5690826e-001
 -3.6922469e-001
 -3.8177084e-001
 -3.9341330e-001
 -4.0316311e-001
 -4.1039154e-001
 -4.1498371e-001
 -4.1739116e-001
 -4.1855912e-001
 -4.1972981e-001
 -4.2215488e-001
 -4.2677960e-001
 -4.3397702e-001
 -4.4340462e-001
 -4.5402663e-001
 -4.6430119e-001
 -4.7248512e-001
 -4.7697665e-001
 -4.7660855e-001
 -4.7082350e-001
 -4.5970276e-001
 -4.4386484e-001
 -4.2428578e-001
 -4.0210704e-001
 -3.7848602e-001
 -3.5451525e-001
 -3.3120146e-001
 -3.0946983e-001
 -2.9015288e-001
 -2.7393865e-001
 -2.6128260e-001
 -2.5231736e-001
 -2.4680854e-001
 -2.4419470e-001
 -2.4371531e-001
 -2.4458672e-001
 -2.4615203e-001
 -2.4792666e-001
 -2.4949607e-001
 -2.5028786e-001
 -2.4931310e-001
 -2.4501846e-001
 -2.3538246e-001
 -2.1831736e-001
 -1.9231818e-001
 -1.5717538e-001
 -1.1448938e-001
 -6.7737405e-002
 -2.1759500e-002
  1.8277193e-002
  4.8171378e-002
  6.5834455e-002
  7.1880023e-002
  6.9389477e-002
  6.2849255e-002
  5.6549665e-002
  5.2955216e-002
  5.1612836e-002
  4.9022126e-002
  3.9587015e-002
  1.7399884e-002
 -2.1694211e-002
 -7.8432664e-002
 -1.4944706e-001
 -2.2782465e-001
 -3.0478610e-001
 -3.7197471e-001
 -4.2364413e-001
 -4.5805803e-001
 -4.7766870e-001
 -4.8803483e-001
 -4.9584022e-001
 -5.0665173e-001
 -5.2311813e-001
 -5.4415017e-001
 -5.6529649e-001
 -5.8015408e-001
 -5.8234741e-001
 -5.6746805e-001
 -5.3441750e-001
 -4.8580678e-001
 -4.2735900e-001
 -3.6653956e-001
 -3.1082634e-001
 -2.6608628e-001
 -2.3545124e-001
 -2.1892012e-001
 -2.1371413e-001
 -2.1523100e-001
 -2.1832193e-001
 -2.1857175e-001
 -2.1329477e-001
 -2.0205037e-001
 -1.8660544e-001
 -1.7039668e-001
 -1.5764879e-001
 -1.5236479e-001
 -1.5741472e-001
 -1.7391116e-001
 -2.0098571e-001
 -2.3598954e-001
 -2.7505160e-001
 -3.1385859e-001
 -3.4848235e-001
 -3.7607889e-001
 -3.9531693e-001
 -4.0645568e-001
 -4.1107028e-001
 -4.1150209e-001
 -4.1017516e-001
 -4.0895177e-001
 -4.0869084e-001
 -4.0912179e-001
 -4.0906251e-001
 -4.0691602e-001
 -4.0129960e-001
 -3.9161901e-001
 -3.7841179e-001
 -3.6334729e-001
 -3.4887130e-001
 -3.3758934e-001
 -3.3156539e-001
 -3.3174364e-001
 -3.3767081e-001
 -3.4761200e-001
 -3.5903815e-001
 -3.6935282e-001
 -3.7665254e-001
 -3.8030103e-001
 -3.8114800e-001
 -3.8132305e-001
 -3.8365559e-001
 -3.9087827e-001
 -4.0483322e-001
 -4.2590110e-001
 -4.5281175e-001
 -4.8289040e-001
 -5.1267297e-001
 -5.3872228e-001
 -5.5842207e-001
 -5.7053377e-001
 -5.7537035e-001
 -5.7455352e-001
 -5.7044169e-001
 -5.6541110e-001
 -5.6121013e-001
 -5.5857561e-001
 -5.5720917e-001
 -5.5609059e-001
 -5.5399553e-001
 -5.5002391e-001
 -5.4395244e-001
 -5.3629858e-001
 -5.2809308e-001
 -5.2046610e-001
 -5.1421618e-001
 -5.0953114e-001
 -5.0596671e-001
 -5.0268737e-001
 -4.9887464e-001
 -4.9414512e-001
 -4.8881883e-001
 -4.8393332e-001
 -4.8099171e-001
 -4.8152711e-001
 -4.8662980e-001
 -4.9659555e-001
 -5.1081173e-001
 -5.2791790e-001
 -5.4618733e-001
 -5.6400534e-001
 -5.8029105e-001
 -5.9472999e-001
 -6.0774804e-001
 -6.2024162e-001
 -6.3315821e-001
 -6.4707019e-001
 -6.6188769e-001
 -6.7681133e-001
 -6.9054710e-001
 -7.0171748e-001
 -7.0933388e-001
 -7.1316931e-001
 -7.1389745e-001
 -7.1293734e-001
 -7.1204031e-001
 -7.1274387e-001
 -7.1586679e-001
 -7.2121133e-001
 -7.2757391e-001
 -7.3306629e-001
 -7.3564751e-001
 -7.3369960e-001
 -7.2646883e-001
 -7.1424270e-001
 -6.9822366e-001
 -6.8016005e-001
 -6.6186905e-001
 -6.4481040e-001
 -6.2983752e-001
 -6.1717878e-001
 -6.0661514e-001
 -5.9775340e-001
 -5.9027071e-001
 -5.8403262e-001
 -5.7905045e-001
 -5.7531872e-001
 -5.7262847e-001
 -5.7046492e-001
 -5.6806367e-001
 -5.6462966e-001
 -5.5964597e-001
 -5.5314592e-001
 -5.4581494e-001
 -5.3883500e-001
 -5.3347160e-001
 -5.3050234e-001
 -5.2966345e-001
 -5.2931652e-001
 -5.2649932e-001
 -5.1742628e-001
 -4.9837181e-001
 -4.6673943e-001
 -4.2203198e-001
 -3.6642422e-001
 -3.0471292e-001
 -2.4357070e-001
 -1.9022204e-001
 -1.5084204e-001
 -1.2909051e-001
 -1.2519555e-001
 -1.3587534e-001
 -1.5516419e-001
 -1.7594869e-001
 -1.9180580e-001
 -1.9863673e-001
 -1.9564889e-001
 -1.8543478e-001
 -1.7317050e-001
 -1.6521309e-001
 -1.6753043e-001
 -1.8440162e-001
 -2.1768899e-001
 -2.6676423e-001
 -3.2895879e-001
 -4.0027918e-001
 -4.7611946e-001
 -5.5180049e-001
 -6.2291107e-001
 -6.8554466e-001
 -7.3656274e-001
 -7.7395711e-001
 -7.9726407e-001
 -8.0786751e-001
 -8.0898266e-001
 -8.0517307e-001
 -8.0140695e-001
 -8.0184886e-001
 -8.0872762e-001
 -8.2165445e-001
 -8.3765928e-001
 -8.5199764e-001
 -8.5952701e-001
 -8.5625359e-001
 -8.4057920e-001
 -8.1386337e-001
 -7.8012848e-001
 -7.4500347e-001
 -7.1423466e-001
 -6.9221356e-001
 -6.8094746e-001
 -6.7974420e-001
 -6.8565428e-001
 -6.9448947e-001
 -7.0208508e-001
 -7.0543393e-001
 -7.0339217e-001
 -6.9680760e-001
 -6.8809479e-001
 -6.8042612e-001
 -6.7678742e-001
 -6.7915059e-001
 -6.8795474e-001
 -7.0198951e-001
 -7.1866963e-001
 -7.3460340e-001
 -7.4630575e-001
 -7.5089284e-001
 -7.4661594e-001
 -7.3313900e-001
 -7.1152384e-001
 -6.8394867e-001
 -6.5323677e-001
 -6.2230538e-001
 -5.9365328e-001
 -5.6898925e-001
 -5.4906590e-001
 -5.3373272e-001
 -5.2217105e-001
 -5.1323306e-001
 -5.0578775e-001
 -4.9898373e-001
 -4.9236857e-001
 -4.8585033e-001
 -4.7953427e-001
 -4.7350415e-001
 -4.6763124e-001
 -4.6148296e-001
 -4.5436820e-001
 -4.4551079e-001
 -4.3429827e-001
 -4.2052531e-001
 -4.0454761e-001
 -3.8728652e-001
 -3.7006813e-001
 -3.5433219e-001
 -3.4128914e-001
 -3.3162327e-001
 -3.2533043e-001
 -3.2174078e-001
 -3.1972200e-001
 -3.1800405e-001
 -3.1552956e-001
 -3.1172752e-001
 -3.0663318e-001
 -3.0082687e-001
 -2.9522055e-001
 -2.9076585e-001
 -2.8817610e-001
 -2.8774276e-001
 -2.8928975e-001
 -2.9226171e-001
 -2.9590130e-001
 -2.9944930e-001
 -3.0230470e-001
 -3.0410584e-001
 -3.0472682e-001
 -3.0421262e-001
 -3.0269162e-001
 -3.0030286e-001
 -2.9716036e-001
 -2.9335734e-001
 -2.8899692e-001
 -2.8422898e-001
 -2.7927508e-001
 -2.7443153e-001
 -2.7004861e-001
 -2.6648954e-001
 -2.6407366e-001
 -2.6300878e-001
 -2.6331933e-001
 -2.6478300e-001
 -2.6689557e-001
 -2.6888717e-001
 -2.6980866e-001
 -2.6869002e-001
 -2.6474802e-001
 -2.5759526e-001
 -2.4738856e-001
 -2.3485965e-001
 -2.2119841e-001
 -2.0780081e-001
 -1.9593728e-001
 -1.8642598e-001
 -1.7939826e-001
 -1.7421818e-001
 -1.6957388e-001
 -1.6371160e-001
 -1.5475030e-001
 -1.4100632e-001
 -1.2127209e-001
 -9.5019820e-002
 -6.2524597e-002
 -2.4910591e-002
  1.5883861e-002
  5.7241123e-002
  9.6124342e-002
  1.2947204e-001
  1.5469559e-001
  1.7019394e-001
  1.7575601e-001
  1.7271322e-001
  1.6374717e-001
  1.5234567e-001
  1.4201007e-001
  1.3540786e-001
  1.3370248e-001
  1.3625634e-001
  1.4080172e-001
  1.4403834e-001
  1.4249269e-001
  1.3340276e-001
  1.1539553e-001
  8.8797234e-002
  5.5530563e-002
  1.8666465e-002
 -1.8222085e-002
 -5.1732130e-002
 -7.9182665e-002
 -9.8959457e-002
 -1.1063139e-001
 -1.1486803e-001
 -1.1321451e-001
 -1.0778454e-001
 -1.0092395e-001
 -9.4887443e-002
 -9.1563536e-002
 -9.2276735e-002
 -9.7686084e-002
 -1.0778257e-001
 -1.2196674e-001
 -1.3917062e-001
 -1.5798452e-001
 -1.7676428e-001
 -1.9372447e-001
 -2.0705189e-001
 -2.1508576e-001
 -2.1659050e-001
 -2.1109729e-001
 -1.9922775e-001
 -1.8286763e-001
 -1.6506018e-001
 -1.4955138e-001
 -1.4003320e-001
 -1.3925907e-001
 -1.4829683e-001
 -1.6619211e-001
 -1.9021959e-001
 -2.1671920e-001
 -2.4230570e-001
 -2.6507907e-001
 -2.8541716e-001
 -3.0603290e-001
 -3.3120430e-001
 -3.6536601e-001
 -4.1148949e-001
 -4.6978533e-001
 -5.3718921e-001
 -6.0785733e-001
 -6.7457093e-001
 -7.3064346e-001
 -7.7174263e-001
 -7.9704993e-001
 -8.0938252e-001
 -8.1423114e-001
 -8.1801374e-001
 -8.2609220e-001
 -8.4116669e-001
 -8.6253054e-001
 -8.8638485e-001
 -9.0707572e-001
 -9.1883863e-001
 -9.1750234e-001
 -9.0165109e-001
 -8.7294349e-001
 -8.3556148e-001
 -7.9502217e-001
 -7.5674748e-001
 -7.2481300e-001
 -7.0119475e-001
 -6.8564869e-001
 -6.7616014e-001
 -6.6975004e-001
 -6.6336124e-001
 -6.5457510e-001
 -6.4200389e-001
 -6.2532546e-001
 -6.0503383e-001
 -5.8204241e-001
 -5.5728729e-001
 -5.3144480e-001
 -5.0481999e-001
 -4.7740327e-001
 -4.4904608e-001
 -4.1968238e-001
 -3.8951897e-001
 -3.5913231e-001
 -3.2943547e-001
 -3.0151386e-001
 -2.7636508e-001
 -2.5461099e-001
 -2.3626925e-001
 -2.2066712e-001
 -2.0654934e-001
 -1.9237716e-001
 -1.7675253e-001
 -1.5885063e-001
 -1.3872556e-001
 -1.1738010e-001
 -9.6555914e-002
 -7.8286876e-002
 -6.4336312e-002
 -5.5681372e-002
 -5.2199126e-002
 -5.2650988e-002
 -5.4974143e-002
 -5.6799610e-002
 -5.6054649e-002
 -5.1489888e-002
 -4.3000624e-002
 -3.1674163e-002
 -1.9569138e-002
 -9.2962001e-003
 -3.5069219e-003
 -4.4038499e-003
 -1.3363968e-002
 -3.0731042e-002
 -5.5791856e-002
 -8.6917380e-002
 -1.2182798e-001
 -1.5793277e-001
 -1.9269373e-001
 -2.2397038e-001
 -2.5030571e-001
 -2.7111700e-001
 -2.8675769e-001
 -2.9842347e-001
 -3.0789305e-001
 -3.1712444e-001
 -3.2776775e-001
 -3.4069390e-001
 -3.5566128e-001
 -3.7123220e-001
 -3.8500327e-001
 -3.9413338e-001
 -3.9606180e-001
 -3.8923570e-001
 -3.7364030e-001
 -3.5096096e-001
 -3.2430133e-001
 -2.9750875e-001
 -2.7427841e-001
 -2.5728127e-001
 -2.4756089e-001
 -2.4436863e-001
 -2.4547742e-001
 -2.4787329e-001
 -2.4861564e-001
 -2.4561702e-001
 -2.3813110e-001
 -2.2683837e-001
 -2.1354582e-001
 -2.0062578e-001
 -1.9037582e-001
 -1.8447367e-001
 -1.8364142e-001
 -1.8755243e-001
 -1.9494759e-001
 -2.0389676e-001
 -2.1214797e-001
 -2.1753203e-001
 -2.1840659e-001
 -2.1411027e-001
 -2.0535504e-001
 -1.9443519e-001
 -1.8511123e-001
 -1.8206696e-001
 -1.8994676e-001
 -2.1213220e-001
 -2.4955961e-001
 -2.9994939e-001
 -3.5776954e-001
 -4.1508197e-001
 -4.6316556e-001
 -4.9455152e-001
 -5.0493779e-001
 -4.9443406e-001
 -4.6774683e-001
 -4.3320102e-001
 -4.0082307e-001
 -3.7997730e-001
 -3.7716780e-001
 -3.9456019e-001
 -4.2956361e-001
 -4.7551792e-001
 -5.2324557e-001
 -5.6303459e-001
 -5.8656337e-001
 -5.8835679e-001
 -5.6653469e-001
 -5.2281361e-001
 -4.6189144e-001
 -3.9044316e-001
 -3.1597643e-001
 -2.4575557e-001
 -1.8593237e-001
 -1.4095108e-001
 -1.1324077e-001
 -1.0317402e-001
 -1.0925130e-001
 -1.2845739e-001
 -1.5672622e-001
 -1.8944585e-001
 -2.2194020e-001
 -2.4988077e-001
 -2.6960670e-001
 -2.7835663e-001
 -2.7443084e-001
 -2.5730121e-001
 -2.2767176e-001
 -1.8747112e-001
 -1.3974440e-001
 -8.8414242e-002
 -3.7903544e-002
  7.3516898e-003
  4.3432896e-002
  6.7422456e-002
  7.7748881e-002
  7.4327042e-002
  5.8469574e-002
  3.2593640e-002
 -2.1297200e-004
 -3.6679947e-002
 -7.3807819e-002
 -1.0921204e-001
 -1.4130827e-001
 -1.6931964e-001
 -1.9311834e-001
 -2.1294416e-001
 -2.2906918e-001
 -2.4149511e-001
 -2.4977160e-001
 -2.5300375e-001
 -2.5007396e-001
 -2.4004303e-001
 -2.2263318e-001
 -1.9865153e-001
 -1.7020449e-001
 -1.4059360e-001
 -1.1386484e-001
 -9.4087673e-002
 -8.4533330e-002
 -8.6971841e-002
 -1.0128952e-001
 -1.2554331e-001
 -1.5643756e-001
 -1.9007713e-001
 -2.2276441e-001
 -2.5160389e-001
 -2.7475854e-001
 -2.9134109e-001
 -3.0106441e-001
 -3.0386144e-001
 -2.9967910e-001
 -2.8855353e-001
 -2.7092720e-001
 -2.4803594e-001
 -2.2213772e-001
 -1.9640242e-001
 -1.7441883e-001
 -1.5944259e-001
 -1.5363611e-001
 -1.5757912e-001
 -1.7024024e-001
 -1.8942884e-001
 -2.1256022e-001
 -2.3744428e-001
 -2.6279938e-001
 -2.8830554e-001
 -3.1420141e-001
 -3.4062040e-001
 -3.6697772e-001
 -3.9171056e-001
 -4.1253965e-001
 -4.2720891e-001
 -4.3445088e-001
 -4.3479992e-001
 -4.3088647e-001
 -4.2699786e-001
 -4.2793861e-001
 -4.3748240e-001
 -4.5688848e-001
 -4.8398747e-001
 -5.1320511e-001
 -5.3662097e-001
 -5.4583536e-001
 -5.3414513e-001
 -4.9839968e-001
 -4.3997157e-001
 -3.6452082e-001
 -2.8058585e-001
 -1.9738969e-001
 -1.2249443e-001
 -5.9991745e-002
 -9.7626882e-003
  3.1977958e-002
  7.1021339e-002
  1.1289096e-001
  1.6064234e-001
  2.1340290e-001
  2.6610370e-001
  3.1050874e-001
  3.3727170e-001
  3.3845258e-001
  3.0979215e-001
  2.5210719e-001
  1.7141456e-001
  7.7747571e-002
 -1.7008480e-002
 -1.0166602e-001
 -1.6797766e-001
 -2.1198188e-001
 -2.3413544e-001
 -2.3827861e-001
 -2.2982471e-001
 -2.1378668e-001
 -1.9328263e-001
 -1.6898670e-001
 -1.3966569e-001
 -1.0356890e-001
 -6.0141458e-002
 -1.1409461e-002
  3.7516178e-002
  7.9081690e-002
  1.0495651e-001
  1.0824655e-001
  8.5572054e-002
  3.8340880e-002
 -2.7220504e-002
 -1.0134111e-001
 -1.7294749e-001
 -2.3224038e-001
 -2.7287343e-001
 -2.9312957e-001
 -2.9580308e-001
 -2.8689088e-001
 -2.7354584e-001
 -2.6193996e-001
 -2.5566747e-001
 -2.5510387e-001
 -2.5780745e-001
 -2.5972048e-001
 -2.5670580e-001
 -2.4590510e-001
 -2.2652550e-001
 -1.9989259e-001
 -1.6886032e-001
 -1.3685570e-001
 -1.0690839e-001
 -8.0967081e-002
 -5.9671391e-002
 -4.2585317e-002
 -2.8757387e-002
 -1.7389272e-002
 -8.3795939e-003
 -2.5576289e-003
 -1.5157282e-003
 -7.0682013e-003
 -2.0483043e-002
 -4.1722925e-002
 -6.8964305e-002
 -9.8616732e-002
 -1.2593562e-001
 -1.4613619e-001
 -1.5572723e-001
 -1.5365899e-001
 -1.4187821e-001
 -1.2502797e-001
 -1.0928947e-001
 -1.0065746e-001
 -1.0316526e-001
 -1.1763767e-001
 -1.4141297e-001
 -1.6917136e-001
 -1.9463732e-001
 -2.1261634e-001
 -2.2069624e-001
 -2.2004024e-001
 -2.1499445e-001
 -2.1162541e-001
 -2.1565839e-001
 -2.3048509e-001
 -2.5588537e-001
 -2.8787472e-001
 -3.1972799e-001
 -3.4386158e-001
 -3.5399635e-001
 -3.4695189e-001
 -3.2355192e-001
 -2.8840412e-001
 -2.4865928e-001
 -2.1214752e-001
 -1.8544483e-001
 -1.7240330e-001
 -1.7350000e-001
 -1.8609222e-001
 -2.0540100e-001
 -2.2586421e-001
 -2.4245150e-001
 -2.5161356e-001
 -2.5170299e-001
 -2.4288608e-001
 -2.2670218e-001
 -2.0548308e-001
 -1.8181815e-001
 -1.5816946e-001
 -1.3664729e-001
 -1.1888967e-001
 -1.0597041e-001
 -9.8288650e-002
 -9.5448034e-002
 -9.6187496e-002
 -9.8450651e-002
 -9.9664061e-002
 -9.7237687e-002
 -8.9221376e-002
 -7.4975482e-002
 -5.5668388e-002
 -3.4418612e-002
 -1.5960667e-002
 -5.8231307e-003
 -9.1405350e-003
 -2.9343669e-002
 -6.7048718e-002
 -1.1946448e-001
 -1.8054600e-001
 -2.4195415e-001
 -2.9467096e-001
 -3.3092619e-001
 -3.4597060e-001
 -3.3923146e-001
 -3.1451863e-001
 -2.7918944e-001
 -2.4246321e-001
 -2.1332037e-001
 -1.9854725e-001
 -2.0145047e-001
 -2.2156685e-001
 -2.5539136e-001
 -2.9783091e-001
 -3.4386827e-001
 -3.8986673e-001
 -4.3408560e-001
 -4.7626872e-001
 -5.1651436e-001
 -5.5391572e-001
 -5.8557180e-001
 -6.0646233e-001
 -6.1038608e-001
 -5.9177561e-001
 -5.4785733e-001
 -4.8044445e-001
 -3.9670095e-001
 -3.0848530e-001
 -2.3029039e-001
 -1.7621304e-001
 -1.5668666e-001
 -1.7580823e-001
 -2.2996502e-001
 -3.0815922e-001
 -3.9402560e-001
 -4.6913957e-001
 -5.1690845e-001
 -5.2619043e-001
 -4.9382024e-001
 -4.2543461e-001
 -3.3434678e-001
 -2.3865475e-001
 -1.5719048e-001
 -1.0522787e-001
 -9.0972636e-002
 -1.1370950e-001
 -1.6409354e-001
 -2.2653359e-001
 -2.8306802e-001
 -3.1773715e-001
 -3.2033107e-001
 -2.8857963e-001
 -2.2829508e-001
 -1.5154356e-001
 -7.3438251e-002
 -8.4689672e-003
  3.2671227e-002
  4.5021527e-002
  2.9709639e-002
 -7.1643293e-003
 -5.6641834e-002
 -1.0934743e-001
 -1.5759494e-001
 -1.9667755e-001
 -2.2514612e-001
 -2.4417926e-001
 -2.5638028e-001
 -2.6444666e-001
 -2.7013202e-001
 -2.7377805e-001
 -2.7448739e-001
 -2.7079939e-001
 -2.6158222e-001
 -2.4680548e-001
 -2.2791782e-001
 -2.0769894e-001
 -1.8963492e-001
 -1.7702193e-001
 -1.7208542e-001
 -1.7538837e-001
 -1.8570072e-001
 -2.0035012e-001
 -2.1592438e-001
 -2.2909593e-001
 -2.3731962e-001
 -2.3921752e-001
 -2.3458409e-001
 -2.2407649e-001
 -2.0875450e-001
 -1.8966796e-001
 -1.6764989e-001
 -1.4337751e-001
 -1.1764752e-001
 -9.1719937e-002
 -6.7548336e-002
 -4.7748500e-002
 -3.5249920e-002
 -3.2694011e-002
 -4.1747244e-002
 -6.2548540e-002
 -9.3486745e-002
 -1.3140974e-001
 -1.7223066e-001
 -2.1176541e-001
 -2.4655651e-001
 -2.7444381e-001
 -2.9473390e-001
 -3.0796596e-001
 -3.1541665e-001
 -3.1857256e-001
 -3.1878846e-001
 -3.1724519e-001
 -3.1516466e-001
 -3.1409930e-001
 -3.1605371e-001
 -3.2325186e-001
 -3.3751863e-001
 -3.5944113e-001
 -3.8762958e-001
 -4.1843745e-001
 -4.4639350e-001
 -4.6536958e-001
 -4.7023202e-001
 -4.5850377e-001
 -4.3148677e-001
 -3.9440572e-001
 -3.5541255e-001
 -3.2365342e-001
 -3.0692482e-001
 -3.0961780e-001
 -3.3159612e-001
 -3.6838107e-001
 -4.1260292e-001
 -4.5626320e-001
 -4.9307609e-001
 -5.2012308e-001
 -5.3828120e-001
 -5.5130053e-001
 -5.6386998e-001
 -5.7936108e-001
 -5.9805528e-001
 -6.1649738e-001
 -6.2823408e-001
 -6.2572196e-001
 -6.0278825e-001
 -5.5683529e-001
 -4.9005879e-001
 -4.0927064e-001
 -3.2436761e-001
 -2.4591639e-001
 -1.8259289e-001
 -1.3923752e-001
 -1.1606983e-001
 -1.0922703e-001
 -1.1238034e-001
 -1.1887507e-001
 -1.2372456e-001
 -1.2488808e-001
 -1.2352766e-001
 -1.2327163e-001
 -1.2880274e-001
 -1.4425204e-001
 -1.7188209e-001
 -2.1140391e-001
 -2.6005055e-001
 -3.1330081e-001
 -3.6597475e-001
 -4.1334869e-001
 -4.5197109e-001
 -4.7998373e-001
 -4.9692689e-001
 -5.0318148e-001
 -4.9932476e-001
 -4.8570542e-001
 -4.6246118e-001
 -4.3002310e-001
 -3.8992943e-001
 -3.4558863e-001
 -3.0256702e-001
 -2.6808070e-001
 -2.4963104e-001
 -2.5306149e-001
 -2.8060446e-001
 -3.2960660e-001
 -3.9249480e-001
 -4.5818823e-001
 -5.1468405e-001
 -5.5211212e-001
 -5.6533379e-001
 -5.5524772e-001
 -5.2834884e-001
 -4.9464229e-001
 -4.6455189e-001
 -4.4579410e-001
 -4.4119834e-001
 -4.4813919e-001
 -4.5971653e-001
 -4.6725739e-001
 -4.6330476e-001
 -4.4413233e-001
 -4.1100863e-001
 -3.6985612e-001
 -3.2946315e-001
 -2.9884638e-001
 -2.8459429e-001
 -2.8899003e-001
 -3.0943858e-001
 -3.3930372e-001
 -3.6983006e-001
 -3.9251406e-001
 -4.0118846e-001
 -3.9321935e-001
 -3.6953609e-001
 -3.3361429e-001
 -2.8987733e-001
 -2.4215712e-001
 -1.9279818e-001
 -1.4271930e-001
 -9.2356900e-002
 -4.3043681e-002
  1.8348889e-003
  3.6527580e-002
  5.3782756e-002
  4.6781030e-002
  1.1574770e-002
 -5.0809329e-002
 -1.3344462e-001
 -2.2428050e-001
 -3.0860601e-001
 -3.7260163e-001
 -4.0695441e-001
 -4.0940866e-001
 -3.8540167e-001
 -3.4651514e-001
 -3.0717144e-001
 -2.8058149e-001
 -2.7520411e-001
 -2.9280955e-001
 -3.2870108e-001
 -3.7392030e-001
 -4.1859528e-001
 -4.5522006e-001
 -4.8071331e-001
 -4.9657465e-001
 -5.0717462e-001
 -5.1692218e-001
 -5.2749211e-001
 -5.3629622e-001
 -5.3693398e-001
 -5.2160956e-001
 -4.8472126e-001
 -4.2630325e-001
 -3.5393675e-001
 -2.8219287e-001
 -2.2948708e-001
 -2.1313730e-001
 -2.4410412e-001
 -3.2310102e-001
 -4.3940578e-001
 -5.7288834e-001
 -6.9876224e-001
 -7.9370238e-001
 -8.4153984e-001
 -8.3688486e-001
 -7.8569169e-001
 -7.0273716e-001
 -6.0692229e-001
 -5.1592002e-001
 -4.4179747e-001
 -3.8882763e-001
 -3.5393308e-001
 -3.2934407e-001
 -3.0638902e-001
 -2.7907071e-001
 -2.4627261e-001
 -2.1198981e-001
 -1.8367910e-001
 -1.6942965e-001
 -1.7498095e-001
 -2.0157889e-001
 -2.4531295e-001
 -2.9806434e-001
 -3.4969677e-001
 -3.9079087e-001
 -4.1513485e-001
 -4.2132398e-001
 -4.1311111e-001
 -3.9848339e-001
 -3.8772823e-001
 -3.9094246e-001
 -4.1552236e-001
 -4.6416071e-001
 -5.3378718e-001
 -6.1572849e-001
 -6.9714170e-001
 -7.6350593e-001
 -8.0168771e-001
 -8.0289532e-001
 -7.6478450e-001
 -6.9212677e-001
 -5.9579476e-001
 -4.9027938e-001
 -3.9039165e-001
 -3.0806614e-001
 -2.5016483e-001
 -2.1786550e-001
 -2.0770114e-001
 -2.1377456e-001
 -2.3029866e-001
 -2.5354805e-001
 -2.8257508e-001
 -3.1854301e-001
 -3.6306793e-001
 -4.1633357e-001
 -4.7580781e-001
 -5.3612796e-001
 -5.9024167e-001
 -6.3138559e-001
 -6.5515090e-001
 -6.6085017e-001
 -6.5166820e-001
 -6.3353923e-001
 -6.1316217e-001
 -5.9586909e-001
 -5.8409214e-001
 -5.7693469e-001
 -5.7094114e-001
 -5.6173600e-001
 -5.4591536e-001
 -5.2251629e-001
 -4.9356844e-001
 -4.6356989e-001
 -4.3810252e-001
 -4.2208268e-001
 -4.1824249e-001
 -4.2633544e-001
 -4.4330110e-001
 -4.6430275e-001
 -4.8427318e-001
 -4.9945606e-001
 -5.0845068e-001
 -5.1244298e-001
 -5.1457306e-001
 -5.1866323e-001
 -5.2772662e-001
 -5.4273781e-001
 -5.6205824e-001
 -5.8170233e-001
 -5.9636820e-001
 -6.0092186e-001
 -5.9188617e-001
 -5.6848600e-001
 -5.3293872e-001
 -4.8990864e-001
 -4.4529457e-001
 -4.0471276e-001
 -3.7211554e-001
 -3.4892788e-001
 -3.3391346e-001
 -3.2375675e-001
 -3.1414100e-001
 -3.0097907e-001
 -2.8144751e-001
 -2.5457852e-001
 -2.2133473e-001
 -1.8426296e-001
 -1.4693362e-001
 -1.1338481e-001
 -8.7709592e-002
 -7.3793166e-002
 -7.5089561e-002
 -9.4285208e-002
 -1.3275689e-001
 -1.8987507e-001
 -2.6236692e-001
 -3.4405469e-001
 -4.2625761e-001
 -4.9897369e-001
 -5.5268802e-001
 -5.8038543e-001
 -5.7919061e-001
 -5.5109778e-001
 -5.0249373e-001
 -4.4254928e-001
 -3.8092506e-001
 -3.2546935e-001
 -2.8058893e-001
 -2.4674327e-001
 -2.2113297e-001
 -1.9926489e-001
 -1.7681798e-001
 -1.5119119e-001
 -1.2228553e-001
 -9.2376896e-002
 -6.5249984e-002
 -4.4973434e-002
 -3.4742548e-002
 -3.6109386e-002
 -4.8729496e-002
 -7.0568896e-002
 -9.8403270e-002
 -1.2842632e-001
 -1.5684046e-001
 -1.8037742e-001
 -1.9674028e-001
 -2.0495085e-001
 -2.0554551e-001
 -2.0052934e-001
 -1.9301371e-001
 -1.8654192e-001
 -1.8422844e-001
 -1.8794621e-001
 -1.9783547e-001
 -2.1233982e-001
 -2.2880966e-001
 -2.4450361e-001
 -2.5764686e-001
 -2.6814689e-001
 -2.7765849e-001
 -2.8891048e-001
 -3.0448262e-001
 -3.2545171e-001
 -3.5041944e-001
 -3.7534669e-001
 -3.9436726e-001
 -4.0141857e-001
 -3.9221954e-001
 -3.6595775e-001
 -3.2608565e-001
 -2.7987053e-001
 -2.3672560e-001
 -2.0574944e-001
 -1.9318630e-001
 -2.0058734e-001
 -2.2427008e-001
 -2.5628744e-001
 -2.8664872e-001
 -3.0613505e-001
 -3.0885691e-001
 -2.9378101e-001
 -2.6478675e-001
 -2.2928836e-001
 -1.9591646e-001
 -1.7203562e-001
 -1.6188715e-001
 -1.6588972e-001
 -1.8120319e-001
 -2.0322076e-001
 -2.2736104e-001
 -2.5048486e-001
 -2.7146665e-001
 -2.9081704e-001
 -3.0963398e-001
 -3.2840761e-001
 -3.4622898e-001
 -3.6075555e-001
 -3.6895498e-001
 -3.6831986e-001
 -3.5805185e-001
 -3.3972720e-001
 -3.1716402e-001
 -2.9552516e-001
 -2.7997929e-001
 -2.7439306e-001
 -2.8048626e-001
 -2.9767783e-001
 -3.2357613e-001
 -3.5483847e-001
 -3.8803257e-001
 -4.2020112e-001
 -4.4901588e-001
 -4.7261696e-001
 -4.8936950e-001
 -4.9777787e-001
 -4.9668162e-001
 -4.8568210e-001
 -4.6559946e-001
 -4.3870920e-001
 -4.0857591e-001
 -3.7945702e-001
 -3.5541980e-001
 -3.3942986e-001
 -3.3268454e-001
 -3.3438351e-001
 -3.4199001e-001
 -3.5189558e-001
 -3.6030307e-001
 -3.6410845e-001
 -3.6158434e-001
 -3.5272688e-001
 -3.3920017e-001
 -3.2388596e-001
 -3.1011753e-001
 -3.0074373e-001
 -2.9722673e-001
 -2.9900780e-001
 -3.0335591e-001
 -3.0582851e-001
 -3.0132292e-001
 -2.8551301e-001
 -2.5630381e-001
 -2.1486225e-001
 -1.6584252e-001
 -1.1662571e-001
 -7.5688361e-002
 -5.0511425e-002
 -4.5632790e-002
 -6.1450218e-002
 -9.4175124e-002
 -1.3697573e-001
 -1.8194961e-001
 -2.2227472e-001
 -2.5381936e-001
 -2.7568526e-001
 -2.8955359e-001
 -2.9815923e-001
 -3.0355827e-001
 -3.0593683e-001
 -3.0349000e-001
 -2.9345196e-001
 -2.7385676e-001
 -2.4525697e-001
 -2.1158284e-001
 -1.7962335e-001
 -1.5715027e-001
 -1.5027905e-001
 -1.6103268e-001
 -1.8608418e-001
 -2.1727612e-001
 -2.4388019e-001
 -2.5590438e-001
 -2.4733091e-001
 -2.1814551e-001
 -1.7441758e-001
 -1.2636971e-001
 -8.5084616e-002
 -5.8976530e-002
 -5.1224990e-002
 -5.9010938e-002
 -7.4745003e-002
 -8.8780696e-002
 -9.2616385e-002
 -8.1479425e-002
 -5.5475828e-002
 -1.9050734e-002
  2.0884969e-002
  5.7376618e-002
  8.5505972e-002
  1.0346954e-001
  1.1244208e-001
  1.1548494e-001
  1.1607291e-001
  1.1686565e-001
  1.1914940e-001
  1.2303231e-001
  1.2814651e-001
  1.3442764e-001
  1.4256528e-001
  1.5391595e-001
  1.6993966e-001
  1.9144156e-001
  2.1797982e-001
  2.4771817e-001
  2.7780339e-001
  3.0512693e-001
  3.2717871e-001
  3.4267764e-001
  3.5176685e-001
  3.5574079e-001
  3.5644855e-001
  3.5562406e-001
  3.5439231e-001
