 -3.1607740e-001
 -3.2176779e-001
 -3.2620621e-001
 -3.2915702e-001
 -3.3109628e-001
 -3.3316306e-001
 -3.3683881e-001
 -3.4344486e-001
 -3.5362379e-001
 -3.6699100e-001
 -3.8209830e-001
 -3.9675364e-001
 -4.0862002e-001
 -4.1591563e-001
 -4.1799012e-001
 -4.1557990e-001
 -4.1064120e-001
 -4.0579491e-001
 -4.0354644e-001
 -4.0552341e-001
 -4.1197459e-001
 -4.2169383e-001
 -4.3239632e-001
 -4.4142864e-001
 -4.4658556e-001
 -4.4677401e-001
 -4.4231742e-001
 -4.3481412e-001
 -4.2661048e-001
 -4.2007291e-001
 -4.1690213e-001
 -4.1770965e-001
 -4.2197989e-001
 -4.2840683e-001
 -4.3546734e-001
 -4.4201772e-001
 -4.4770043e-001
 -4.5302116e-001
 -4.5907735e-001
 -4.6704401e-001
 -4.7760881e-001
 -4.9056607e-001
 -5.0472385e-001
 -5.1816841e-001
 -5.2880502e-001
 -5.3499585e-001
 -5.3607857e-001
 -5.3258602e-001
 -5.2608513e-001
 -5.1867950e-001
 -5.1233183e-001
 -5.0822277e-001
 -5.0635206e-001
 -5.0551025e-001
 -5.0363173e-001
 -4.9842048e-001
 -4.8805765e-001
 -4.7177899e-001
 -4.5015488e-001
 -4.2499945e-001
 -3.9894717e-001
 -3.7483009e-001
 -3.5503963e-001
 -3.4104943e-001
 -3.3321658e-001
 -3.3088733e-001
 -3.3273951e-001
 -3.3722681e-001
 -3.4296996e-001
 -3.4897215e-001
 -3.5460896e-001
 -3.5943258e-001
 -3.6290339e-001
 -3.6419376e-001
 -3.6218402e-001
 -3.5569584e-001
 -3.4390777e-001
 -3.2680881e-001
 -3.0550329e-001
 -2.8220663e-001
 -2.5986403e-001
 -2.4145550e-001
 -2.2917537e-001
 -2.2374512e-001
 -2.2410311e-001
 -2.2761110e-001
 -2.3075548e-001
 -2.3015431e-001
 -2.2357037e-001
 -2.1061547e-001
 -1.9292288e-001
 -1.7373234e-001
 -1.5701794e-001
 -1.4643055e-001
 -1.4437417e-001
 -1.5147862e-001
 -1.6659222e-001
 -1.8725037e-001
 -2.1043675e-001
 -2.3338638e-001
 -2.5419894e-001
 -2.7211894e-001
 -2.8745971e-001
 -3.0125627e-001
 -3.1479671e-001
 -3.2918979e-001
 -3.4508621e-001
 -3.6260435e-001
 -3.8144311e-001
 -4.0111339e-001
 -4.2119522e-001
 -4.4152957e-001
 -4.6227731e-001
 -4.8381663e-001
 -5.0649756e-001
 -5.3032217e-001
 -5.5465908e-001
 -5.7811816e-001
 -5.9869129e-001
 -6.1420012e-001
 -6.2299069e-001
 -6.2470225e-001
 -6.2085364e-001
 -6.1497696e-001
 -6.1211050e-001
 -6.1763718e-001
 -6.3567995e-001
 -6.6747200e-001
 -7.1022670e-001
 -7.5698225e-001
 -7.9767293e-001
 -8.2132965e-001
 -8.1893322e-001
 -7.8616033e-001
 -7.2518386e-001
 -6.4487097e-001
 -5.5913781e-001
 -4.8375788e-001
 -4.3241805e-001
 -4.1310529e-001
 -4.2587711e-001
 -4.6270883e-001
 -5.0951944e-001
 -5.4983728e-001
 -5.6908235e-001
 -5.5826997e-001
 -5.1613539e-001
 -4.4917193e-001
 -3.6969828e-001
 -2.9262120e-001
 -2.3186639e-001
 -1.9743783e-001
 -1.9376858e-001
 -2.1957300e-001
 -2.6896580e-001
 -3.3331791e-001
 -4.0324141e-001
 -4.7021661e-001
 -5.2760972e-001
 -5.7107160e-001
 -5.9847102e-001
 -6.0956640e-001
 -6.0557957e-001
 -5.8875684e-001
 -5.6194307e-001
 -5.2817909e-001
 -4.9035570e-001
 -4.5098208e-001
 -4.1211917e-001
 -3.7547616e-001
 -3.4259073e-001
 -3.1495429e-001
 -2.9394537e-001
 -2.8051334e-001
 -2.7468719e-001
 -2.7511244e-001
 -2.7887679e-001
 -2.8183039e-001
 -2.7944301e-001
 -2.6802625e-001
 -2.4596746e-001
 -2.1455514e-001
 -1.7806191e-001
 -1.4297019e-001
 -1.1650353e-001
 -1.0486370e-001
 -1.1168323e-001
 -1.3714586e-001
 -1.7802118e-001
 -2.2857773e-001
 -2.8207467e-001
 -3.3237155e-001
 -3.7518703e-001
 -4.0867550e-001
 -4.3322592e-001
 -4.5064074e-001
 -4.6304310e-001
 -4.7192949e-001
 -4.7771218e-001
 -4.7990619e-001
 -4.7787062e-001
 -4.7179440e-001
 -4.6349874e-001
 -4.5665953e-001
 -4.5623468e-001
 -4.6716283e-001
 -4.9269163e-001
 -5.3289124e-001
 -5.8392834e-001
 -6.3848815e-001
 -6.8737788e-001
 -7.2193139e-001
 -7.3650535e-001
 -7.3024090e-001
 -7.0742969e-001
 -6.7624130e-001
 -6.4611617e-001
 -6.2461957e-001
 -6.1480520e-001
 -6.1403862e-001
 -6.1478722e-001
 -6.0722624e-001
 -5.8286052e-001
 -5.3795024e-001
 -4.7551978e-001
 -4.0514748e-001
 -3.4045833e-001
 -2.9503103e-001
 -2.7801355e-001
 -2.9090360e-001
 -3.2662017e-001
 -3.7126669e-001
 -4.0810331e-001
 -4.2250554e-001
 -4.0634547e-001
 -3.6041057e-001
 -2.9411512e-001
 -2.2264137e-001
 -1.6246839e-001
 -1.2672834e-001
 -1.2181955e-001
 -1.4622328e-001
 -1.9170423e-001
 -2.4629875e-001
 -2.9797686e-001
 -3.3776261e-001
 -3.6141443e-001
 -3.6935608e-001
 -3.6517810e-001
 -3.5347369e-001
 -3.3789364e-001
 -3.2009429e-001
 -2.9982458e-001
 -2.7593273e-001
 -2.4774590e-001
 -2.1619073e-001
 -1.8418391e-001
 -1.5614199e-001
 -1.3680534e-001
 -1.2981369e-001
 -1.3653678e-001
 -1.5554920e-001
 -1.8290460e-001
 -2.1310183e-001
 -2.4043381e-001
 -2.6032192e-001
 -2.7027668e-001
 -2.7025964e-001
 -2.6240227e-001
 -2.5021130e-001
 -2.3751450e-001
 -2.2745250e-001
 -2.2179358e-001
 -2.2074907e-001
 -2.2331939e-001
 -2.2803839e-001
 -2.3385033e-001
 -2.4079288e-001
 -2.5020220e-001
 -2.6430593e-001
 -2.8529270e-001
 -3.1417200e-001
 -3.4987875e-001
 -3.8906043e-001
 -4.2678549e-001
 -4.5807513e-001
 -4.7979702e-001
 -4.9221303e-001
 -4.9946688e-001
 -5.0858099e-001
 -5.2704170e-001
 -5.5962487e-001
 -6.0553172e-001
 -6.5697760e-001
 -7.0002480e-001
 -7.1774914e-001
 -6.9500206e-001
 -6.2337293e-001
 -5.0473183e-001
 -3.5206416e-001
 -1.8711507e-001
 -3.5383514e-002
  8.0113746e-002
  1.4446274e-001
  1.5419863e-001
  1.1745240e-001
  5.0992685e-002
 -2.4791736e-002
 -9.1360312e-002
 -1.3632294e-001
 -1.5546874e-001
 -1.5222927e-001
 -1.3510576e-001
 -1.1414539e-001
 -9.7687384e-002
 -9.0323413e-002
 -9.2473820e-002
 -1.0139017e-001
 -1.1296085e-001
 -1.2354297e-001
 -1.3118009e-001
 -1.3590004e-001
 -1.3917257e-001
 -1.4289991e-001
 -1.4842345e-001
 -1.5594520e-001
 -1.6454039e-001
 -1.7267899e-001
 -1.7897937e-001
 -1.8285113e-001
 -1.8475938e-001
 -1.8601502e-001
 -1.8819417e-001
 -1.9243564e-001
 -1.9890840e-001
 -2.0667037e-001
 -2.1398707e-001
 -2.1900381e-001
 -2.2053102e-001
 -2.1865714e-001
 -2.1495815e-001
 -2.1220761e-001
 -2.1365677e-001
 -2.2209615e-001
 -2.3898234e-001
 -2.6389722e-001
 -2.9450774e-001
 -3.2704697e-001
 -3.5718556e-001
 -3.8105211e-001
 -3.9612159e-001
 -4.0173265e-001
 -3.9910392e-001
 -3.9086330e-001
 -3.8024084e-001
 -3.7016520e-001
 -3.6251997e-001
 -3.5775553e-001
 -3.5493554e-001
 -3.5216236e-001
 -3.4721779e-001
 -3.3820883e-001
 -3.2403505e-001
 -3.0458021e-001
 -2.8063951e-001
 -2.5368155e-001
 -2.2557678e-001
 -1.9839353e-001
 -1.7428697e-001
 -1.5542541e-001
 -1.4385417e-001
 -1.4121570e-001
 -1.4832209e-001
 -1.6468030e-001
 -1.8815154e-001
 -2.1494091e-001
 -2.4004148e-001
 -2.5811724e-001
 -2.6464755e-001
 -2.5703591e-001
 -2.3535627e-001
 -2.0249065e-001
 -1.6357940e-001
 -1.2490682e-001
 -9.2512251e-002
 -7.0896011e-002
 -6.2156937e-002
 -6.5767541e-002
 -7.9008829e-002
 -9.7907307e-002
 -1.1839316e-001
 -1.3736082e-001
 -1.5336339e-001
 -1.6678785e-001
 -1.7950265e-001
 -1.9410298e-001
 -2.1297171e-001
 -2.3740687e-001
 -2.6703896e-001
 -2.9968283e-001
 -3.3166123e-001
 -3.5852368e-001
 -3.7599026e-001
 -3.8089582e-001
 -3.7190750e-001
 -3.4984050e-001
 -3.1749344e-001
 -2.7904433e-001
 -2.3916249e-001
 -2.0206889e-001
 -1.7079389e-001
 -1.4682630e-001
 -1.3023327e-001
 -1.2018651e-001
 -1.1570078e-001
 -1.1631784e-001
 -1.2248105e-001
 -1.3544253e-001
 -1.5670041e-001
 -1.8712829e-001
 -2.2608048e-001
 -2.7079213e-001
 -3.1632954e-001
 -3.5619758e-001
 -3.8352047e-001
 -3.9253487e-001
 -3.8002081e-001
 -3.4628203e-001
 -2.9537993e-001
 -2.3450488e-001
 -1.7259044e-001
 -1.1848339e-001
 -7.9116384e-002
 -5.8150063e-002
 -5.5441500e-002
 -6.7479551e-002
 -8.8659461e-002
 -1.1302656e-001
 -1.3597756e-001
 -1.5541802e-001
 -1.7204009e-001
 -1.8865967e-001
 -2.0885044e-001
 -2.3533661e-001
 -2.6868087e-001
 -3.0670258e-001
 -3.4481618e-001
 -3.7717528e-001
 -3.9824558e-001
 -4.0429975e-001
 -3.9436879e-001
 -3.7038059e-001
 -3.3649305e-001
 -2.9789061e-001
 -2.5946741e-001
 -2.2482135e-001
 -1.9583665e-001
 -1.7289994e-001
 -1.5556355e-001
 -1.4332417e-001
 -1.3617471e-001
 -1.3470805e-001
 -1.3975234e-001
 -1.5171855e-001
 -1.6996389e-001
 -1.9247494e-001
 -2.1605234e-001
 -2.3698312e-001
 -2.5199240e-001
 -2.5914629e-001
 -2.5837794e-001
 -2.5143058e-001
 -2.4121009e-001
 -2.3074681e-001
 -2.2210750e-001
 -2.1562658e-001
 -2.0973074e-001
 -2.0144473e-001
 -1.8744892e-001
 -1.6537900e-001
 -1.3496988e-001
 -9.8675181e-002
 -6.1532307e-002
 -3.0252247e-002
 -1.1734747e-002
 -1.1382700e-002
 -3.1664178e-002
 -7.1322474e-002
 -1.2547166e-001
 -1.8657881e-001
 -2.4608933e-001
 -2.9627036e-001
 -3.3178651e-001
 -3.5060291e-001
 -3.5401147e-001
 -3.4583410e-001
 -3.3108891e-001
 -3.1453909e-001
 -2.9953874e-001
 -2.8745582e-001
 -2.7774263e-001
 -2.6851704e-001
 -2.5738357e-001
 -2.4220259e-001
 -2.2160060e-001
 -1.9516054e-001
 -1.6337054e-001
 -1.2748608e-001
 -8.9446141e-002
 -5.1892658e-002
 -1.8222336e-002
  7.4885809e-003
  2.0853263e-002
  1.7914802e-002
 -3.8229441e-003
 -4.4324643e-002
 -1.0027124e-001
 -1.6497503e-001
 -2.2916705e-001
 -2.8261603e-001
 -3.1626473e-001
 -3.2436085e-001
 -3.0599503e-001
 -2.6557205e-001
 -2.1201094e-001
 -1.5681657e-001
 -1.1148399e-001
 -8.4887363e-002
 -8.1309529e-002
 -9.9588144e-002
 -1.3354969e-001
 -1.7356808e-001
 -2.0881707e-001
 -2.2965213e-001
 -2.2957941e-001
 -2.0642064e-001
 -1.6250768e-001
 -1.0397148e-001
 -3.9373549e-002
  2.1971736e-002
  7.1623392e-002
  1.0329296e-001
  1.1359328e-001
  1.0220384e-001
  7.1517193e-002
  2.5915540e-002
 -2.9132805e-002
 -8.7970795e-002
 -1.4549549e-001
 -1.9765687e-001
 -2.4168661e-001
 -2.7608640e-001
 -3.0044244e-001
 -3.1514950e-001
 -3.2112356e-001
 -3.1956216e-001
 -3.1178303e-001
 -2.9914178e-001
 -2.8300585e-001
 -2.6474921e-001
 -2.4573377e-001
 -2.2725586e-001
 -2.1045568e-001
 -1.9620634e-001
 -1.8501105e-001
 -1.7693769e-001
 -1.7161097e-001
 -1.6826683e-001
 -1.6585946e-001
 -1.6320226e-001
 -1.5912274e-001
 -1.5261519e-001
 -1.4297906e-001
 -1.2993127e-001
 -1.1367684e-001
 -9.4916922e-002
 -7.4774445e-002
 -5.4628987e-002
 -3.5876086e-002
 -1.9655211e-002
 -6.6144663e-003
  3.2137483e-003
  1.0371033e-002
  1.5753692e-002
  2.0261255e-002
  2.4410514e-002
  2.8040473e-002
  3.0222836e-002
  2.9440695e-002
  2.4016866e-002
  1.2686829e-002
 -4.8512539e-003
 -2.7590361e-002
 -5.3206947e-002
 -7.8429892e-002
 -9.9705935e-002
 -1.1398128e-001
 -1.1937351e-001
 -1.1553707e-001
 -1.0362250e-001
 -8.5862755e-002
 -6.4940573e-002
 -4.3355776e-002
 -2.2994249e-002
 -5.0092345e-003
  1.0003970e-002
  2.1674506e-002
  2.9553147e-002
  3.3001939e-002
  3.1339886e-002
  2.4181999e-002
  1.1809295e-002
 -4.6217150e-003
 -2.3165315e-002
 -4.1484109e-002
 -5.7439249e-002
 -6.9663458e-002
 -7.7898519e-002
 -8.2960198e-002
 -8.6334188e-002
 -8.9551283e-002
 -9.3580324e-002
 -9.8475973e-002
 -1.0342369e-001
 -1.0717171e-001
 -1.0868759e-001
 -1.0778405e-001
 -1.0546088e-001
 -1.0380747e-001
 -1.0546754e-001
 -1.1282676e-001
 -1.2718760e-001
 -1.4820655e-001
 -1.7378584e-001
 -2.0046373e-001
 -2.2418836e-001
 -2.4124225e-001
 -2.4904617e-001
 -2.4662082e-001
 -2.3460201e-001
 -2.1484820e-001
 -1.8980115e-001
 -1.6182239e-001
 -1.3271396e-001
 -1.0354954e-001
 -7.4823692e-002
 -4.6813660e-002
 -1.9980381e-002
  4.7652171e-003
  2.6040150e-002
  4.2218346e-002
  5.1817745e-002
  5.3895799e-002
  4.8311678e-002
  3.5781344e-002
  1.7747544e-002
 -3.8340243e-003
 -2.6667476e-002
 -4.8169445e-002
 -6.5418666e-002
 -7.5118651e-002
 -7.3737708e-002
 -5.7950706e-002
 -2.5380738e-002
  2.4528940e-002
  8.9818134e-002
  1.6582464e-001
  2.4573569e-001
  3.2186561e-001
  3.8736773e-001
  4.3787040e-001
  4.7247267e-001
  4.9369027e-001
  5.0627535e-001
  5.1523332e-001
  5.2368244e-001
  5.3131340e-001
  5.3404927e-001
  5.2511758e-001
  4.9725587e-001
  4.4535276e-001
  3.6863477e-001
  2.7162199e-001
  1.6346401e-001
  5.5801152e-002
 -4.0208081e-002
 -1.1676581e-001
 -1.7131450e-001
 -2.0683515e-001
 -2.3049301e-001
 -2.5108657e-001
 -2.7612092e-001
 -3.0941659e-001
 -3.4996093e-001
 -3.9229276e-001
 -4.2822910e-001
 -4.4935263e-001
 -4.4949526e-001
 -4.2651255e-001
 -3.8290296e-001
 -3.2518363e-001
 -2.6227536e-001
 -2.0338055e-001
 -1.5591489e-001
 -1.2398145e-001
 -1.0769944e-001
 -1.0347761e-001
 -1.0510956e-001
 -1.0540542e-001
 -9.7982324e-002
 -7.8821851e-002
 -4.7262642e-002
 -6.2176381e-003
  3.8431241e-002
  7.9131923e-002
  1.0837020e-001
  1.2040338e-001
  1.1261904e-001
  8.6194380e-002
  4.5888603e-002
 -9.9361906e-004
 -4.6224828e-002
 -8.2468854e-002
 -1.0483650e-001
 -1.1179504e-001
 -1.0521257e-001
 -8.9551842e-002
 -7.0462364e-002
 -5.3185033e-002
 -4.1228703e-002
 -3.5685201e-002
 -3.5345394e-002
 -3.7527067e-002
 -3.9306422e-002
 -3.8729582e-002
 -3.5604563e-002
 -3.1626709e-002
 -2.9817389e-002
 -3.3479900e-002
 -4.5024949e-002
 -6.5046981e-002
 -9.1939935e-002
 -1.2216419e-001
 -1.5107678e-001
 -1.7407702e-001
 -1.8774317e-001
 -1.9065704e-001
 -1.8371475e-001
 -1.6986754e-001
 -1.5338140e-001
 -1.3881449e-001
 -1.2996418e-001
 -1.2902893e-001
 -1.3617201e-001
 -1.4957990e-001
 -1.6599748e-001
 -1.8161240e-001
 -1.9307512e-001
 -1.9839696e-001
 -1.9748529e-001
 -1.9215705e-001
 -1.8560778e-001
 -1.8147010e-001
 -1.8272679e-001
 -1.9080184e-001
 -2.0511019e-001
 -2.2320877e-001
 -2.4149901e-001
 -2.5625024e-001
 -2.6460930e-001
 -2.6527484e-001
 -2.5864115e-001
 -2.4640938e-001
 -2.3085108e-001
 -2.1402071e-001
 -1.9721004e-001
 -1.8082411e-001
 -1.6468352e-001
 -1.4858984e-001
 -1.3289431e-001
 -1.1881710e-001
 -1.0836861e-001
 -1.0388070e-001
 -1.0730529e-001
 -1.1952519e-001
 -1.3992013e-001
 -1.6634425e-001
 -1.9553480e-001
 -2.2383357e-001
 -2.4800718e-001
 -2.6592885e-001
 -2.7693295e-001
 -2.8175804e-001
 -2.8211788e-001
 -2.8004767e-001
 -2.7723338e-001
 -2.7453071e-001
 -2.7181716e-001
 -2.6821563e-001
 -2.6261054e-001
 -2.5428179e-001
 -2.4343967e-001
 -2.3146777e-001
 -2.2076940e-001
 -2.1423828e-001
 -2.1449865e-001
 -2.2314133e-001
 -2.4019244e-001
 -2.6398383e-001
 -2.9146994e-001
 -3.1889647e-001
 -3.4261839e-001
 -3.5982666e-001
 -3.6898604e-001
 -3.6989423e-001
 -3.6340507e-001
 -3.5096670e-001
 -3.3417076e-001
 -3.1447630e-001
 -2.9317624e-001
 -2.7155632e-001
 -2.5110363e-001
 -2.3359436e-001
 -2.2094142e-001
 -2.1479436e-001
 -2.1601156e-001
 -2.2421513e-001
 -2.3764825e-001
 -2.5347108e-001
 -2.6847745e-001
 -2.8004456e-001
 -2.8700692e-001
 -2.9012630e-001
 -2.9192969e-001
 -2.9588307e-001
 -3.0509954e-001
 -3.2096647e-001
 -3.4215180e-001
 -3.6437737e-001
 -3.8114058e-001
 -3.8528101e-001
 -3.7101049e-001
 -3.3584138e-001
 -2.8182205e-001
 -2.1564030e-001
 -1.4745223e-001
 -8.8656623e-002
 -4.9160135e-002
 -3.4863910e-002
 -4.6083155e-002
 -7.7378286e-002
 -1.1888880e-001
 -1.5883058e-001
 -1.8647670e-001
 -1.9480146e-001
 -1.8207575e-001
 -1.5202495e-001
 -1.1259241e-001
 -7.3747193e-002
 -4.5007380e-002
 -3.3353580e-002
 -4.2000714e-002
 -7.0173845e-002
 -1.1372304e-001
 -1.6622236e-001
 -2.2017723e-001
 -2.6808601e-001
 -3.0328060e-001
 -3.2060981e-001
 -3.1705975e-001
 -2.9232317e-001
 -2.4919239e-001
 -1.9354738e-001
 -1.3372167e-001
 -7.9178547e-002
 -3.8675752e-002
 -1.8339928e-002
 -2.0200732e-002
 -4.1674639e-002
 -7.6237049e-002
 -1.1515593e-001
 -1.4980951e-001
 -1.7390516e-001
 -1.8493709e-001
 -1.8446431e-001
 -1.7717263e-001
 -1.6907130e-001
 -1.6543254e-001
 -1.6912865e-001
 -1.7985211e-001
 -1.9439057e-001
 -2.0778620e-001
 -2.1495361e-001
 -2.1223662e-001
 -1.9846211e-001
 -1.7525069e-001
 -1.4658607e-001
 -1.1784399e-001
 -9.4586366e-002
 -8.1424806e-002
 -8.1179557e-002
 -9.4448937e-002
 -1.1960292e-001
 -1.5314448e-001
 -1.9034489e-001
 -2.2604128e-001
 -2.5547501e-001
 -2.7504174e-001
 -2.8282734e-001
 -2.7882817e-001
 -2.6480641e-001
 -2.4380716e-001
 -2.1944457e-001
 -1.9512504e-001
 -1.7339413e-001
 -1.5555996e-001
 -1.4166782e-001
 -1.3080045e-001
 -1.2158853e-001
 -1.1276302e-001
 -1.0358188e-001
 -9.4015920e-002
 -8.4663431e-002
 -7.6452184e-002
 -7.0251211e-002
 -6.6534176e-002
 -6.5207024e-002
 -6.5647364e-002
 -6.6925657e-002
 -6.8115827e-002
 -6.8576186e-002
 -6.8098580e-002
 -6.6876702e-002
 -6.5313817e-002
 -6.3750413e-002
 -6.2222024e-002
 -6.0346390e-002
 -5.7391667e-002
 -5.2510944e-002
 -4.5066934e-002
 -3.4936128e-002
 -2.2685598e-002
 -9.5558667e-003
  2.7550664e-003
  1.2449860e-002
  1.8033919e-002
  1.8653573e-002
  1.4284922e-002
  5.7323812e-003
 -5.5528784e-003
 -1.7781639e-002
 -2.9184997e-002
 -3.8341638e-002
 -4.4408275e-002
 -4.7214164e-002
 -4.7211693e-002
 -4.5304121e-002
 -4.2594252e-002
 -4.0111069e-002
 -3.8573900e-002
 -3.8245236e-002
 -3.8905362e-002
 -3.9956979e-002
 -4.0639649e-002
 -4.0306741e-002
 -3.8696546e-002
 -3.6120182e-002
 -3.3497106e-002
 -3.2197930e-002
 -3.3702326e-002
 -3.9138261e-002
 -4.8821326e-002
 -6.1939272e-002
 -7.6510282e-002
 -8.9679217e-002
 -9.8316894e-002
 -9.9783014e-002
 -9.2640957e-002
 -7.7103669e-002
 -5.5055449e-002
 -2.9618627e-002
 -4.3768773e-003
  1.7521674e-002
  3.4119520e-002
  4.5049611e-002
  5.1485103e-002
  5.5688127e-002
  6.0322992e-002
  6.7747346e-002
  7.9463969e-002
  9.5828146e-002
  1.1600544e-001
  1.3810742e-001
  1.5942349e-001
  1.7670774e-001
  1.8653652e-001
  1.8577949e-001
  1.7219721e-001
  1.4509452e-001
  1.0586083e-001
  5.8173124e-002
  7.6711884e-003
 -3.8951200e-002
 -7.5298545e-002
 -9.6742212e-002
 -1.0158243e-001
 -9.1527406e-002
 -7.1299900e-002
 -4.7448790e-002
 -2.6696626e-002
 -1.4300915e-002
 -1.2893688e-002
 -2.2097242e-002
 -3.8957172e-002
 -5.8980906e-002
 -7.7408385e-002
 -9.0319679e-002
 -9.5295777e-002
 -9.1539522e-002
 -7.9556264e-002
 -6.0619357e-002
 -3.6268544e-002
 -8.0169232e-003
  2.2683404e-002
  5.4289563e-002
  8.4976176e-002
  1.1255394e-001
  1.3459291e-001
  1.4875898e-001
  1.5329110e-001
  1.4749560e-001
  1.3212180e-001
  1.0950351e-001
  8.3393261e-002
  5.8470508e-002
  3.9567819e-002
  3.0727884e-002
  3.4270640e-002
  5.0095656e-002
  7.5444147e-002
  1.0527548e-001
  1.3327145e-001
  1.5329468e-001
  1.6095025e-001
  1.5480166e-001
  1.3682805e-001
  1.1189540e-001
  8.6309243e-002
  6.5830413e-002
  5.3756943e-002
  4.9711758e-002
  4.9593351e-002
  4.6788863e-002
  3.4328420e-002
  7.3204038e-003
 -3.5125972e-002
 -8.9154393e-002
 -1.4689481e-001
 -1.9850441e-001
 -2.3491209e-001
 -2.5042046e-001
 -2.4435169e-001
 -2.2122127e-001
 -1.8938911e-001
 -1.5861584e-001
 -1.3728664e-001
 -1.3014929e-001
 -1.3722652e-001
 -1.5417577e-001
 -1.7391473e-001
 -1.8895792e-001
 -1.9373098e-001
 -1.8618724e-001
 -1.6830870e-001
 -1.4543263e-001
 -1.2468704e-001
 -1.1304157e-001
 -1.1553342e-001
 -1.3411718e-001
 -1.6736698e-001
 -2.1100778e-001
 -2.5904452e-001
 -3.0514216e-001
 -3.4390129e-001
 -3.7175518e-001
 -3.8734732e-001
 -3.9139102e-001
 -3.8612809e-001
 -3.7457164e-001
 -3.5973209e-001
 -3.4399413e-001
 -3.2875073e-001
 -3.1432721e-001
 -3.0016145e-001
 -2.8515724e-001
 -2.6810439e-001
 -2.4806131e-001
 -2.2461839e-001
 -1.9799763e-001
 -1.6898564e-001
 -1.3873585e-001
 -1.0850471e-001
 -7.9398974e-002
 -5.2203839e-002
 -2.7334861e-002
 -4.9149272e-003
  1.5066525e-002
  3.2587609e-002
  4.7504089e-002
  5.9593298e-002
  6.8737376e-002
  7.5188304e-002
  7.9807216e-002
  8.4155925e-002
  9.0350893e-002
  1.0066330e-001
  1.1694046e-001
  1.4000130e-001
  1.6919099e-001
  2.0225227e-001
  2.3558726e-001
  2.6487095e-001
  2.8587240e-001
  2.9527733e-001
  2.9130702e-001
  2.7399182e-001
  2.4506019e-001
  2.0751129e-001
  1.6501541e-001
  1.2131048e-001
  7.9730201e-002
  4.2930079e-002
  1.2799353e-002
 -9.5086867e-003
 -2.3509796e-002
 -2.9340086e-002
 -2.7729895e-002
 -1.9958907e-002
 -7.7355936e-003
  7.0310054e-003
  2.2543410e-002
  3.7428398e-002
  5.0935531e-002
  6.2925676e-002
  7.3623409e-002
  8.3203666e-002
  9.1366332e-002
  9.7083359e-002
  9.8660382e-002
  9.4147172e-002
  8.1995490e-002
  6.1751060e-002
  3.4525260e-002
  3.0437803e-003
 -2.8799125e-002
 -5.6785382e-002
 -7.7379028e-002
 -8.8589940e-002
 -9.0428046e-002
 -8.4806590e-002
 -7.4924308e-002
 -6.4313834e-002
 -5.5835504e-002
 -5.0896248e-002
 -4.9090741e-002
 -4.8332278e-002
 -4.5410844e-002
 -3.6824206e-002
 -1.9691419e-002
  7.4302902e-003
  4.3966660e-002
  8.7085332e-002
  1.3185595e-001
  1.7183719e-001
  2.0006219e-001
  2.1031430e-001
  1.9848756e-001
  1.6374359e-001
  1.0914833e-001
  4.1534643e-002
 -2.9504132e-002
 -9.3360595e-002
 -1.4054718e-001
 -1.6471808e-001
 -1.6406843e-001
 -1.4174005e-001
 -1.0511727e-001
 -6.4188491e-002
 -2.9386064e-002
 -9.4296385e-003
 -9.6585238e-003
 -3.1173003e-002
 -7.0876955e-002
 -1.2230003e-001
 -1.7693580e-001
 -2.2578567e-001
 -2.6083277e-001
 -2.7624694e-001
 -2.6920169e-001
 -2.4024126e-001
 -1.9317230e-001
 -1.3448697e-001
 -7.2373117e-002
 -1.5438710e-002
  2.8644646e-002
  5.4324242e-002
  5.8930950e-002
  4.2869255e-002
  9.2216455e-003
 -3.7085458e-002
 -9.0294408e-002
 -1.4472534e-001
 -1.9537623e-001
 -2.3815437e-001
 -2.6983279e-001
 -2.8792333e-001
 -2.9065986e-001
 -2.7719492e-001
 -2.4797088e-001
 -2.0509976e-001
 -1.5253003e-001
 -9.5823271e-002
 -4.1490925e-002
  3.9983374e-003
  3.5302727e-002
  4.9100540e-002
  4.4564917e-002
  2.3322744e-002
 -1.1046432e-002
 -5.3796347e-002
 -9.9863037e-002
 -1.4458673e-001
 -1.8420014e-001
 -2.1606953e-001
 -2.3873744e-001
 -2.5183098e-001
 -2.5587581e-001
 -2.5202328e-001
 -2.4168771e-001
 -2.2611951e-001
 -2.0599659e-001
 -1.8117022e-001
 -1.5070995e-001
 -1.1333017e-001
 -6.8152925e-002
 -1.5607884e-002
  4.1843348e-002
  9.9485831e-002
  1.5084420e-001
  1.8887815e-001
  2.0761007e-001
  2.0371824e-001
  1.7758239e-001
  1.3340566e-001
  7.8325084e-002
  2.0760407e-002
 -3.1485845e-002
 -7.2782155e-002
 -1.0041658e-001
 -1.1438703e-001
 -1.1643788e-001
 -1.0881491e-001
 -9.3280493e-002
 -7.0776817e-002
 -4.1812917e-002
 -7.3147483e-003
  3.0539957e-002
  6.7985052e-002
  1.0009929e-001
  1.2194285e-001
  1.3000842e-001
  1.2343000e-001
  1.0445211e-001
  7.7927651e-002
  4.9978127e-002
  2.6268808e-002
  1.0496508e-002
  3.6042461e-003
  3.9604299e-003
  8.3811990e-003
  1.3571761e-002
  1.7428598e-002
  1.9723168e-002
  2.1941463e-002
  2.6381238e-002
  3.4886465e-002
  4.7727414e-002
  6.3074444e-002
  7.7293478e-002
  8.5995141e-002
  8.5502937e-002
  7.4257449e-002
  5.3686566e-002
  2.8233855e-002
  4.4896804e-003
 -1.0368050e-002
 -1.0419579e-002
  7.3526387e-003
  4.2068610e-002
  8.8903829e-002
  1.4007346e-001
  1.8668779e-001
  2.2109329e-001
  2.3914689e-001
  2.4180433e-001
  2.3547491e-001
  2.3082340e-001
  2.4007097e-001
  2.7329352e-001
  3.3462282e-001
  4.1948024e-001
  5.1389268e-001
  5.9650729e-001
  6.4319861e-001
  6.3333336e-001
  5.5608367e-001
  4.1491513e-001
  2.2867913e-001
  2.8590515e-002
 -1.4844175e-001
 -2.6850186e-001
 -3.0900037e-001
 -2.6424451e-001
 -1.4657293e-001
  1.7307511e-002
  1.9367393e-001
  3.5057919e-001
  4.6542106e-001
  5.2909317e-001
  5.4571192e-001
  5.2841246e-001
  4.9298695e-001
  4.5175558e-001
  4.0981213e-001
  3.6478559e-001
  3.0989199e-001
  2.3882518e-001
  1.5039653e-001
  5.0998189e-002
 -4.6150393e-002
 -1.2475541e-001
 -1.7082853e-001
 -1.7769429e-001
 -1.4874712e-001
 -9.6890099e-002
 -4.0774696e-002
  9.1321442e-004
  1.5213730e-002
 -1.1857430e-003
 -4.1082732e-002
 -8.9104991e-002
 -1.2637624e-001
 -1.3592346e-001
 -1.0713583e-001
 -3.8042844e-002
  6.5000117e-002
  1.8975957e-001
  3.2162775e-001
  4.4692606e-001
  5.5502785e-001
  6.3890685e-001
  6.9437446e-001
  7.1874968e-001
  7.0984632e-001
  6.6592847e-001
  5.8678191e-001
  4.7547517e-001
  3.3996327e-001
  1.9359185e-001
  5.3847562e-002
 -6.0706598e-002
 -1.3467048e-001
 -1.6001972e-001
 -1.3889569e-001
 -8.3856262e-002
 -1.5180565e-002
  4.4246865e-002
  7.5098644e-002
  6.6980887e-002
  2.1315409e-002
 -4.9268813e-002
 -1.2494098e-001
 -1.8486424e-001
 -2.1362780e-001
 -2.0585403e-001
 -1.6750950e-001
 -1.1354624e-001
 -6.2725312e-002
 -3.1402257e-002
 -2.8359320e-002
 -5.2355368e-002
 -9.3091586e-002
 -1.3511506e-001
 -1.6321990e-001
 -1.6747994e-001
 -1.4627758e-001
 -1.0646056e-001
 -6.0765812e-002
 -2.3535667e-002
 -6.2274598e-003
 -1.4157432e-002
 -4.5392902e-002
 -9.1932647e-002
 -1.4257487e-001
 -1.8640448e-001
 -2.1575936e-001
 -2.2783691e-001
 -2.2463643e-001
 -2.1149860e-001
 -1.9491433e-001
 -1.8041607e-001
 -1.7122235e-001
 -1.6795955e-001
 -1.6936985e-001
 -1.7357658e-001
 -1.7932175e-001
 -1.8665493e-001
 -1.9679927e-001
 -2.1125681e-001
 -2.3052181e-001
 -2.5294313e-001
 -2.7425629e-001
 -2.8809692e-001
 -2.8747570e-001
 -2.6684899e-001
 -2.2417180e-001
 -1.6225919e-001
 -8.8936380e-002
 -1.5788412e-002
  4.4269284e-002
  8.0013847e-002
  8.4740990e-002
  5.8124213e-002
  6.5795040e-003
 -5.7999658e-002
 -1.2084389e-001
 -1.6760961e-001
 -1.8757614e-001
 -1.7597649e-001
 -1.3493048e-001
 -7.2799106e-002
 -2.1565809e-003
  6.3105185e-002
  1.1083516e-001
  1.3311568e-001
  1.2760562e-001
  9.7439526e-002
  4.9760587e-002
 -6.6632216e-003
 -6.4018355e-002
 -1.1741737e-001
 -1.6562030e-001
 -2.1024948e-001
 -2.5375745e-001
 -2.9689291e-001
 -3.3668347e-001
 -3.6588545e-001
 -3.7441421e-001
 -3.5257662e-001
 -2.9520454e-001
 -2.0530081e-001
 -9.5766153e-002
  1.1760310e-002
  9.1058455e-002
  1.1761505e-001
  7.5399620e-002
 -3.7814787e-002
 -2.0823751e-001
 -4.0779934e-001
 -5.9961426e-001
 -7.4590824e-001
 -8.1648017e-001
 -7.9560787e-001
 -6.8570664e-001
 -5.0686373e-001
 -2.9238274e-001
 -8.1423459e-002
  8.9510410e-002
  1.9424488e-001
  2.2201749e-001
  1.7886421e-001
  8.5116444e-002
 -3.0240844e-002
 -1.3685114e-001
 -2.1005457e-001
 -2.3602104e-001
 -2.1381037e-001
 -1.5408853e-001
 -7.5128598e-002
  2.6004103e-003
  6.1689524e-002
  9.1521837e-002
  8.9682344e-002
  6.0990604e-002
  1.4780116e-002
 -3.8533650e-002
 -9.0494562e-002
 -1.3642902e-001
 -1.7570952e-001
 -2.1064119e-001
 -2.4455266e-001
 -2.7984214e-001
 -3.1664730e-001
 -3.5253048e-001
 -3.8320462e-001
 -4.0398928e-001
 -4.1147603e-001
 -4.0484735e-001
 -3.8642761e-001
 -3.6129715e-001
 -3.3608982e-001
 -3.1733527e-001
 -3.0983103e-001
 -3.1550519e-001
 -3.3306838e-001
 -3.5850871e-001
 -3.8623219e-001
 -4.1047376e-001
 -4.2655572e-001
 -4.3166123e-001
 -4.2498477e-001
 -4.0734548e-001
 -3.8052141e-001
 -3.4662198e-001
 -3.0774528e-001
 -2.6600061e-001
 -2.2378649e-001
 -1.8408062e-001
 -1.5047838e-001
 -1.2682065e-001
 -1.1643819e-001
 -1.2123170e-001
 -1.4092064e-001
 -1.7277749e-001
 -2.1201518e-001
 -2.5276571e-001
 -2.8936718e-001
 -3.1755033e-001
 -3.3514130e-001
 -3.4206954e-001
 -3.3972849e-001
 -3.2998343e-001
 -3.1425888e-001
 -2.9310778e-001
 -2.6646983e-001
 -2.3453546e-001
 -1.9885198e-001
 -1.6315184e-001
 -1.3341844e-001
 -1.1693734e-001
 -1.2044005e-001
 -1.4781489e-001
 -1.9810389e-001
 -2.6452952e-001
 -3.3507073e-001
 -3.9468448e-001
 -4.2876452e-001
 -4.2699486e-001
 -3.8653167e-001
 -3.1352313e-001
 -2.2235616e-001
 -1.3261940e-001
 -6.4434469e-002
 -3.3340732e-002
 -4.6149665e-002
 -9.9012626e-002
 -1.7838420e-001
 -2.6474736e-001
 -3.3812753e-001
 -3.8382137e-001
 -3.9661487e-001
 -3.8214669e-001
 -3.5490458e-001
 -3.3338501e-001
 -3.3387218e-001
 -3.6479158e-001
 -4.2347904e-001
 -4.9648545e-001
 -5.6342462e-001
 -6.0321851e-001
 -6.0078384e-001
 -5.5201523e-001
 -4.6543103e-001
 -3.5990485e-001
 -2.5916530e-001
 -1.8479373e-001
 -1.4993499e-001
 -1.5569717e-001
 -1.9133258e-001
 -2.3806093e-001
 -2.7522840e-001
 -2.8677899e-001
 -2.6597672e-001
 -2.1695737e-001
 -1.5277467e-001
 -9.0765363e-002
 -4.6897650e-002
 -3.1017879e-002
 -4.4502855e-002
 -8.0921452e-002
 -1.2923329e-001
 -1.7818284e-001
 -2.2018494e-001
 -2.5326196e-001
 -2.8038432e-001
 -3.0659473e-001
 -3.3518701e-001
 -3.6462727e-001
 -3.8767672e-001
 -3.9336102e-001
 -3.7130768e-001
 -3.1695121e-001
 -2.3557924e-001
 -1.4340117e-001
 -6.4741447e-002
 -2.5806420e-002
 -4.6779170e-002
 -1.3477679e-001
 -2.8013771e-001
 -4.5756066e-001
 -6.3207976e-001
 -7.6824781e-001
 -8.3977595e-001
 -8.3664985e-001
 -7.6750849e-001
 -6.5657969e-001
 -5.3620470e-001
 -4.3736148e-001
 -3.8115619e-001
 -3.7382908e-001
 -4.0658912e-001
 -4.5999391e-001
 -5.1117138e-001
 -5.4139415e-001
 -5.4158464e-001
 -5.1417159e-001
 -4.7101173e-001
 -4.2838304e-001
 -4.0093160e-001
 -3.9665931e-001
 -4.1455330e-001
 -4.4548178e-001
 -4.7585818e-001
 -4.9267637e-001
 -4.8812360e-001
 -4.6219094e-001
 -4.2243222e-001
 -3.8101813e-001
 -3.5015917e-001
 -3.3752493e-001
 -3.4328834e-001
 -3.5987108e-001
 -3.7454505e-001
 -3.7405849e-001
 -3.4973475e-001
 -3.0128333e-001
 -2.3794396e-001
 -1.7644009e-001
 -1.3626763e-001
 -1.3374407e-001
 -1.7668791e-001
 -2.6143885e-001
 -3.7321120e-001
 -4.8973035e-001
 -5.8707582e-001
 -6.4597683e-001
 -6.5669406e-001
 -6.2110041e-001
 -5.5147758e-001
 -4.6656946e-001
 -3.8624311e-001
 -3.2644655e-001
 -2.9592872e-001
 -2.9549846e-001
 -3.1969810e-001
 -3.5996928e-001
 -4.0796509e-001
 -4.5774838e-001
 -5.0616402e-001
 -5.5147263e-001
 -5.9108260e-001
 -6.1963133e-001
 -6.2857762e-001
 -6.0788870e-001
 -5.4953685e-001
 -4.5167952e-001
 -3.2191304e-001
 -1.7808125e-001
 -4.5806239e-002
  4.7011669e-002
  7.7366596e-002
  3.3893367e-002
 -7.8985702e-002
 -2.4101947e-001
 -4.2047692e-001
 -5.8179089e-001
 -6.9433008e-001
 -7.3974666e-001
 -7.1578872e-001
 -6.3559216e-001
 -5.2288977e-001
 -4.0481113e-001
 -3.0458377e-001
 -2.3629469e-001
 -2.0302714e-001
 -1.9848275e-001
 -2.1107354e-001
 -2.2880064e-001
 -2.4321351e-001
 -2.5130422e-001
 -2.5507387e-001
 -2.5935912e-001
 -2.6902685e-001
 -2.8668681e-001
 -3.1168769e-001
 -3.4055201e-001
 -3.6843366e-001
 -3.9086115e-001
 -4.0504782e-001
 -4.1034895e-001
 -4.0786284e-001
 -3.9952120e-001
 -3.8715861e-001
 -3.7196319e-001
 -3.5446180e-001
 -3.3491684e-001
 -3.1383450e-001
 -2.9227452e-001
 -2.7179349e-001
 -2.5406370e-001
 -2.4038224e-001
 -2.3133845e-001
 -2.2682321e-001
 -2.2638759e-001
 -2.2977738e-001
 -2.3737041e-001
 -2.5027326e-001
 -2.6997853e-001
 -2.9768115e-001
 -3.3351278e-001
 -3.7600854e-001
 -4.2204366e-001
 -4.6730301e-001
 -5.0714507e-001
 -5.3757818e-001
 -5.5603603e-001
 -5.6172967e-001
 -5.5552177e-001
 -5.3944254e-001
 -5.1607516e-001
 -4.8804285e-001
 -4.5773833e-001
 -4.2729835e-001
 -3.9870676e-001
 -3.7386209e-001
 -3.5448702e-001
 -3.4186202e-001
 -3.3648208e-001
 -3.3780600e-001
 -3.4425764e-001
 -3.5355014e-001
 -3.6327259e-001
 -3.7156124e-001
 -3.7762372e-001
 -3.8192032e-001
 -3.8592151e-001
 -3.9151171e-001
 -4.0023962e-001
 -4.1267453e-001
 -4.2809313e-001
 -4.4460507e-001
 -4.5967206e-001
 -4.7084085e-001
 -4.7644419e-001
 -4.7604603e-001
 -4.7050573e-001
 -4.6166967e-001
 -4.5181822e-001
 -4.4305877e-001
 -4.3684671e-001
 -4.3374740e-001
 -4.3345572e-001
 -4.3500672e-001
 -4.3706772e-001
 -4.3820935e-001
 -4.3709668e-001
 -4.3259606e-001
 -4.2383191e-001
 -4.1023606e-001
 -3.9161025e-001
 -3.6818715e-001
 -3.4064741e-001
 -3.1004728e-001
 -2.7763815e-001
 -2.4460608e-001
 -2.1180587e-001
 -1.7958853e-001
 -1.4780811e-001
 -1.1604289e-001
 -8.3991261e-002
 -5.1930726e-002
 -2.1086297e-002
  6.2378608e-003
  2.6849686e-002
  3.7173976e-002
  3.3961020e-002
  1.5019659e-002
 -2.0218716e-002
 -7.0450922e-002
 -1.3262005e-001
 -2.0234811e-001
 -2.7455031e-001
 -3.4407003e-001
 -4.0620296e-001
 -4.5704895e-001
 -4.9370658e-001
 -5.1437392e-001
 -5.1841921e-001
 -5.0644040e-001
 -4.8027200e-001
 -4.4285799e-001
 -3.9792269e-001
 -3.4944064e-001
 -3.0100599e-001
 -2.5528176e-001
 -2.1372200e-001
 -1.7668363e-001
 -1.4389836e-001
 -1.1511801e-001
 -9.0651491e-002
 -7.1533683e-002
 -5.9211566e-002
 -5.4850497e-002
 -5.8561059e-002
 -6.8930544e-002
 -8.3159432e-002
 -9.7868921e-002
 -1.1034705e-001
 -1.1976282e-001
 -1.2781143e-001
 -1.3840802e-001
 -1.5638273e-001
 -1.8552730e-001
 -2.2664939e-001
 -2.7637600e-001
 -3.2725995e-001
 -3.6933406e-001
 -3.9276264e-001
 -3.9083196e-001
 -3.6234952e-001
 -3.1265063e-001
 -2.5280445e-001
 -1.9714341e-001
 -1.5973951e-001
 -1.5076710e-001
 -1.7373362e-001
 -2.2432907e-001
 -2.9121885e-001
 -3.5860701e-001
 -4.0995817e-001
 -4.3198535e-001
 -4.1794268e-001
 -3.6941197e-001
 -2.9610684e-001
 -2.1367293e-001
 -1.3994851e-001
 -9.0561366e-002
 -7.4967379e-002
 -9.3998017e-002
 -1.3964967e-001
 -1.9726947e-001
 -2.4961096e-001
 -2.8164897e-001
 -2.8475550e-001
 -2.5897459e-001
 -2.1268615e-001
 -1.5976334e-001
 -1.1514104e-001
 -9.0242107e-002
 -8.9754580e-002
 -1.1078412e-001
 -1.4457701e-001
 -1.8011162e-001
 -2.0821424e-001
 -2.2470273e-001
 -2.3145187e-001
 -2.3506151e-001
 -2.4369908e-001
 -2.6335247e-001
 -2.9492823e-001
 -3.3329771e-001
 -3.6866464e-001
 -3.8977726e-001
 -3.8784950e-001
 -3.5982121e-001
 -3.0984411e-001
 -2.4851511e-001
 -1.9014592e-001
 -1.4898192e-001
 -1.3555711e-001
 -1.5423252e-001
 -2.0250193e-001
 -2.7205484e-001
 -3.5107964e-001
 -4.2702630e-001
 -4.8907293e-001
 -5.2979016e-001
 -5.4583642e-001
 -5.3780826e-001
 -5.0952607e-001
 -4.6704465e-001
 -4.1759375e-001
 -3.6855226e-001
 -3.2650068e-001
 -2.9639712e-001
 -2.8095733e-001
 -2.8034505e-001
 -2.9226130e-001
 -3.1245349e-001
 -3.3556998e-001
 -3.5619884e-001
 -3.6988284e-001
 -3.7390887e-001
 -3.6772270e-001
 -3.5290012e-001
 -3.3269211e-001
 -3.1123836e-001
 -2.9260212e-001
 -2.7981384e-001
 -2.7411908e-001
 -2.7460190e-001
 -2.7829527e-001
 -2.8079726e-001
 -2.7729701e-001
 -2.6380133e-001
 -2.3827348e-001
 -2.0138090e-001
 -1.5661820e-001
 -1.0971932e-001
 -6.7466560e-002
 -3.6187865e-002
 -2.0345676e-002
 -2.1614354e-002
 -3.8707115e-002
 -6.7981725e-002
 -1.0459997e-001
 -1.4382962e-001
 -1.8203428e-001
 -2.1702409e-001
 -2.4770190e-001
 -2.7324009e-001
 -2.9223986e-001
 -3.0235796e-001
 -3.0070142e-001
 -2.8494741e-001
 -2.5477840e-001
 -2.1299260e-001
 -1.6567751e-001
 -1.2113906e-001
 -8.7762091e-002
 -7.1451965e-002
 -7.3571124e-002
 -9.0205597e-002
 -1.1317546e-001
 -1.3257977e-001
 -1.4007363e-001
 -1.3174765e-001
 -1.0956195e-001
 -8.0766745e-002
 -5.5453274e-002
 -4.3058823e-002
 -4.9040433e-002
 -7.2880407e-002
 -1.0810946e-001
 -1.4430942e-001
 -1.7036086e-001
 -1.7779177e-001
 -1.6310633e-001
 -1.2839983e-001
 -8.0216174e-002
 -2.7217025e-002
  2.2421717e-002
  6.2998435e-002
  9.2124953e-002
  1.1038570e-001
  1.2022219e-001
  1.2464970e-001
  1.2633115e-001
  1.2724560e-001
  1.2885344e-001
  1.3243825e-001
  1.3928517e-001
  1.5052257e-001
  1.6670338e-001
  1.8739665e-001
  2.1109737e-001
  2.3562196e-001
  2.5890900e-001
  2.7991045e-001
  2.9915684e-001
  3.1866769e-001
  3.4112808e-001
  3.6856325e-001
  4.0098569e-001
  4.3555939e-001
  4.6668720e-001
  4.8712467e-001
