 -3.5781573e-001
 -3.6212143e-001
 -3.6586245e-001
 -3.6909916e-001
 -3.7227332e-001
 -3.7614662e-001
 -3.8159423e-001
 -3.8930834e-001
 -3.9950753e-001
 -4.1175772e-001
 -4.2498296e-001
 -4.3768651e-001
 -4.4833229e-001
 -4.5577727e-001
 -4.5961897e-001
 -4.6033992e-001
 -4.5918986e-001
 -4.5782920e-001
 -4.5783614e-001
 -4.6022908e-001
 -4.6515575e-001
 -4.7185094e-001
 -4.7887937e-001
 -4.8458839e-001
 -4.8762707e-001
 -4.8736688e-001
 -4.8409266e-001
 -4.7890870e-001
 -4.7339849e-001
 -4.6915532e-001
 -4.6733979e-001
 -4.6840495e-001
 -4.7206909e-001
 -4.7752926e-001
 -4.8382751e-001
 -4.9023299e-001
 -4.9650253e-001
 -5.0292984e-001
 -5.1017066e-001
 -5.1891191e-001
 -5.2950838e-001
 -5.4172232e-001
 -5.5466542e-001
 -5.6697226e-001
 -5.7715304e-001
 -5.8401034e-001
 -5.8698004e-001
 -5.8628014e-001
 -5.8281401e-001
 -5.7785586e-001
 -5.7261852e-001
 -5.6784285e-001
 -5.6354152e-001
 -5.5898041e-001
 -5.5290525e-001
 -5.4394387e-001
 -5.3106130e-001
 -5.1393053e-001
 -4.9311018e-001
 -4.6998049e-001
 -4.4646147e-001
 -4.2459899e-001
 -4.0613794e-001
 -3.9219854e-001
 -3.8313360e-001
 -3.7858602e-001
 -3.7770459e-001
 -3.7943126e-001
 -3.8275938e-001
 -3.8688176e-001
 -3.9119492e-001
 -3.9518349e-001
 -3.9825771e-001
 -3.9963785e-001
 -3.9836389e-001
 -3.9346055e-001
 -3.8422167e-001
 -3.7051941e-001
 -3.5301529e-001
 -3.3316650e-001
 -3.1298134e-001
 -2.9456379e-001
 -2.7956941e-001
 -2.6874232e-001
 -2.6169385e-001
 -2.5701651e-001
 -2.5272091e-001
 -2.4687416e-001
 -2.3824479e-001
 -2.2674898e-001
 -2.1355260e-001
 -2.0079288e-001
 -1.9100621e-001
 -1.8644072e-001
 -1.8846425e-001
 -1.9723988e-001
 -2.1174922e-001
 -2.3013202e-001
 -2.5021734e-001
 -2.7007678e-001
 -2.8844228e-001
 -3.0489075e-001
 -3.1977882e-001
 -3.3398560e-001
 -3.4856651e-001
 -3.6442876e-001
 -3.8211340e-001
 -4.0172404e-001
 -4.2299457e-001
 -4.4545148e-001
 -4.6860642e-001
 -4.9211333e-001
 -5.1583867e-001
 -5.3981969e-001
 -5.6411909e-001
 -5.8862004e-001
 -6.1283507e-001
 -6.3581537e-001
 -6.5623419e-001
 -6.7267442e-001
 -6.8408146e-001
 -6.9026702e-001
 -6.9229235e-001
 -6.9255073e-001
 -6.9442402e-001
 -7.0150459e-001
 -7.1652427e-001
 -7.4026815e-001
 -7.7082260e-001
 -8.0347192e-001
 -8.3141042e-001
 -8.4720448e-001
 -8.4468894e-001
 -8.2079482e-001
 -7.7675462e-001
 -7.1825187e-001
 -6.5435611e-001
 -5.9543879e-001
 -5.5059246e-001
 -5.2526454e-001
 -5.1979663e-001
 -5.2932208e-001
 -5.4508610e-001
 -5.5683263e-001
 -5.5558487e-001
 -5.3603658e-001
 -4.9790076e-001
 -4.4588840e-001
 -3.8839989e-001
 -3.3537228e-001
 -2.9592563e-001
 -2.7644016e-001
 -2.7949759e-001
 -3.0382005e-001
 -3.4504572e-001
 -3.9698645e-001
 -4.5296277e-001
 -5.0689330e-001
 -5.5397377e-001
 -5.9094210e-001
 -6.1603474e-001
 -6.2877298e-001
 -6.2968936e-001
 -6.2005092e-001
 -6.0159399e-001
 -5.7627377e-001
 -5.4604641e-001
 -5.1271855e-001
 -4.7789680e-001
 -4.4303694e-001
 -4.0954304e-001
 -3.7882804e-001
 -3.5224745e-001
 -3.3086876e-001
 -3.1512550e-001
 -3.0448991e-001
 -2.9733714e-001
 -2.9114008e-001
 -2.8302713e-001
 -2.7059392e-001
 -2.5273717e-001
 -2.3023093e-001
 -2.0581696e-001
 -1.8372294e-001
 -1.6870571e-001
 -1.6487733e-001
 -1.7465209e-001
 -1.9812209e-001
 -2.3303908e-001
 -2.7539486e-001
 -3.2041309e-001
 -3.6365066e-001
 -4.0188982e-001
 -4.3358579e-001
 -4.5878651e-001
 -4.7861288e-001
 -4.9452240e-001
 -5.0763668e-001
 -5.1837541e-001
 -5.2651946e-001
 -5.3166255e-001
 -5.3385862e-001
 -5.3418307e-001
 -5.3493567e-001
 -5.3932530e-001
 -5.5066018e-001
 -5.7126337e-001
 -6.0147122e-001
 -6.3909592e-001
 -6.7961885e-001
 -7.1715575e-001
 -7.4596502e-001
 -7.6205204e-001
 -7.6433903e-001
 -7.5496832e-001
 -7.3856957e-001
 -7.2067059e-001
 -7.0574705e-001
 -6.9557257e-001
 -6.8847317e-001
 -6.7981231e-001
 -6.6361810e-001
 -6.3485171e-001
 -5.9155456e-001
 -5.3610307e-001
 -4.7506282e-001
 -4.1759009e-001
 -3.7282779e-001
 -3.4711090e-001
 -3.4190153e-001
 -3.5316658e-001
 -3.7245523e-001
 -3.8937694e-001
 -3.9471354e-001
 -3.8318228e-001
 -3.5497694e-001
 -3.1561530e-001
 -2.7417524e-001
 -2.4051811e-001
 -2.2240263e-001
 -2.2338646e-001
 -2.4211105e-001
 -2.7308229e-001
 -3.0857121e-001
 -3.4093160e-001
 -3.6456674e-001
 -3.7697651e-001
 -3.7868851e-001
 -3.7227558e-001
 -3.6094566e-001
 -3.4726989e-001
 -3.3248375e-001
 -3.1652603e-001
 -2.9868210e-001
 -2.7848502e-001
 -2.5646599e-001
 -2.3444160e-001
 -2.1522672e-001
 -2.0188467e-001
 -1.9679061e-001
 -2.0083831e-001
 -2.1305852e-001
 -2.3077208e-001
 -2.5022785e-001
 -2.6753122e-001
 -2.7959299e-001
 -2.8483495e-001
 -2.8346798e-001
 -2.7728382e-001
 -2.6903720e-001
 -2.6160807e-001
 -2.5719457e-001
 -2.5678049e-001
 -2.6004302e-001
 -2.6573247e-001
 -2.7239977e-001
 -2.7921487e-001
 -2.8656058e-001
 -2.9613333e-001
 -3.1043873e-001
 -3.3179532e-001
 -3.6118064e-001
 -3.9738055e-001
 -4.3686646e-001
 -4.7460759e-001
 -5.0568004e-001
 -5.2717672e-001
 -5.3969567e-001
 -5.4770714e-001
 -5.5840815e-001
 -5.7919631e-001
 -6.1446097e-001
 -6.6278305e-001
 -7.1567312e-001
 -7.5859360e-001
 -7.7429187e-001
 -7.4764876e-001
 -6.7061571e-001
 -5.4562945e-001
 -3.8626169e-001
 -2.1468997e-001
 -5.6593845e-002
  6.5066959e-002
  1.3555402e-001
  1.5152086e-001
  1.2099945e-001
  6.0365110e-002
 -1.0637111e-002
 -7.4204371e-002
 -1.1855979e-001
 -1.3977528e-001
 -1.4111187e-001
 -1.3044889e-001
 -1.1688562e-001
 -1.0769538e-001
 -1.0651205e-001
 -1.1308636e-001
 -1.2438003e-001
 -1.3636448e-001
 -1.4576835e-001
 -1.5117298e-001
 -1.5319074e-001
 -1.5383333e-001
 -1.5545042e-001
 -1.5971217e-001
 -1.6701693e-001
 -1.7648820e-001
 -1.8647864e-001
 -1.9531746e-001
 -2.0197753e-001
 -2.0640771e-001
 -2.0943283e-001
 -2.1230143e-001
 -2.1609211e-001
 -2.2122938e-001
 -2.2730198e-001
 -2.3325111e-001
 -2.3785109e-001
 -2.4029667e-001
 -2.4067358e-001
 -2.4013264e-001
 -2.4069200e-001
 -2.4471935e-001
 -2.5425168e-001
 -2.7036227e-001
 -2.9276825e-001
 -3.1979744e-001
 -3.4872459e-001
 -3.7638027e-001
 -3.9986036e-001
 -4.1714151e-001
 -4.2744157e-001
 -4.3124127e-001
 -4.2998235e-001
 -4.2554649e-001
 -4.1967588e-001
 -4.1350270e-001
 -4.0731186e-001
 -4.0058358e-001
 -3.9227497e-001
 -3.8123175e-001
 -3.6659305e-001
 -3.4807207e-001
 -3.2605193e-001
 -3.0150690e-001
 -2.7581530e-001
 -2.5055191e-001
 -2.2732764e-001
 -2.0769607e-001
 -1.9309398e-001
 -1.8475388e-001
 -1.8353624e-001
 -1.8967710e-001
 -2.0251118e-001
 -2.2028223e-001
 -2.4016205e-001
 -2.5855607e-001
 -2.7168601e-001
 -2.7633908e-001
 -2.7059649e-001
 -2.5433426e-001
 -2.2933736e-001
 -1.9897277e-001
 -1.6749326e-001
 -1.3915072e-001
 -1.1735096e-001
 -1.0406480e-001
 -9.9631223e-002
 -1.0297379e-001
 -1.1213823e-001
 -1.2497878e-001
 -1.3979424e-001
 -1.5574390e-001
 -1.7294529e-001
 -1.9224738e-001
 -2.1475945e-001
 -2.4127558e-001
 -2.7175678e-001
 -3.0501360e-001
 -3.3868002e-001
 -3.6949690e-001
 -3.9384857e-001
 -4.0843485e-001
 -4.1092681e-001
 -4.0045602e-001
 -3.7782346e-001
 -3.4537893e-001
 -3.0659988e-001
 -2.6547201e-001
 -2.2582238e-001
 -1.9076610e-001
 -1.6239289e-001
 -1.4174910e-001
 -1.2908198e-001
 -1.2423284e-001
 -1.2702074e-001
 -1.3746374e-001
 -1.5574219e-001
 -1.8190055e-001
 -2.1538278e-001
 -2.5456853e-001
 -2.9649846e-001
 -3.3693839e-001
 -3.7084192e-001
 -3.9315584e-001
 -3.9980408e-001
 -3.8861627e-001
 -3.5995733e-001
 -3.1687095e-001
 -2.6466069e-001
 -2.0997166e-001
 -1.5956792e-001
 -1.1908950e-001
 -9.2090376e-002
 -7.9594174e-002
 -8.0270366e-002
 -9.1163545e-002
 -1.0875133e-001
 -1.3001115e-001
 -1.5317595e-001
 -1.7795907e-001
 -2.0519971e-001
 -2.3607032e-001
 -2.7113183e-001
 -3.0957366e-001
 -3.4891339e-001
 -3.8527727e-001
 -4.1418766e-001
 -4.3161574e-001
 -4.3497195e-001
 -4.2373244e-001
 -3.9952490e-001
 -3.6567571e-001
 -3.2639058e-001
 -2.8584321e-001
 -2.4744982e-001
 -2.1351572e-001
 -1.8529085e-001
 -1.6332248e-001
 -1.4789767e-001
 -1.3935936e-001
 -1.3815562e-001
 -1.4460871e-001
 -1.5851869e-001
 -1.7879403e-001
 -2.0330156e-001
 -2.2904868e-001
 -2.5268500e-001
 -2.7118525e-001
 -2.8249815e-001
 -2.8594653e-001
 -2.8224201e-001
 -2.7310570e-001
 -2.6061926e-001
 -2.4652190e-001
 -2.3168781e-001
 -2.1595929e-001
 -1.9839451e-001
 -1.7785354e-001
 -1.5373469e-001
 -1.2661973e-001
 -9.8605985e-002
 -7.3188899e-002
 -5.4686485e-002
 -4.7329943e-002
 -5.4247031e-002
 -7.6606793e-002
 -1.1316310e-001
 -1.6033618e-001
 -2.1283103e-001
 -2.6464751e-001
 -3.1023050e-001
 -3.4547242e-001
 -3.6832555e-001
 -3.7889658e-001
 -3.7904313e-001
 -3.7162691e-001
 -3.5965838e-001
 -3.4557078e-001
 -3.3079330e-001
 -3.1568063e-001
 -2.9974345e-001
 -2.8204735e-001
 -2.6162982e-001
 -2.3782223e-001
 -2.1043321e-001
 -1.7981785e-001
 -1.4689411e-001
 -1.1315984e-001
 -8.0718767e-002
 -5.2266795e-002
 -3.0952737e-002
 -2.0034926e-002
 -2.2314245e-002
 -3.9418259e-002
 -7.1106388e-002
 -1.1482150e-001
 -1.6569746e-001
 -2.1713635e-001
 -2.6191370e-001
 -2.9360058e-001
 -3.0796382e-001
 -3.0396941e-001
 -2.8408919e-001
 -2.5378446e-001
 -2.2026188e-001
 -1.9080075e-001
 -1.7107242e-001
 -1.6387487e-001
 -1.6858865e-001
 -1.8146350e-001
 -1.9662767e-001
 -2.0753846e-001
 -2.0850637e-001
 -1.9594035e-001
 -1.6906260e-001
 -1.2998906e-001
 -8.3224503e-002
 -3.4739880e-002
  9.1364429e-003
  4.2777981e-002
  6.2080136e-002
  6.4927888e-002
  5.1283805e-002
  2.2944317e-002
 -1.6936335e-002
 -6.4433014e-002
 -1.1543168e-001
 -1.6611688e-001
 -2.1331211e-001
 -2.5465800e-001
 -2.8864486e-001
 -3.1453619e-001
 -3.3222861e-001
 -3.4209184e-001
 -3.4482246e-001
 -3.4133142e-001
 -3.3266942e-001
 -3.1998185e-001
 -3.0447622e-001
 -2.8738389e-001
 -2.6990285e-001
 -2.5311845e-001
 -2.3791052e-001
 -2.2486405e-001
 -2.1420462e-001
 -2.0577590e-001
 -1.9906884e-001
 -1.9330075e-001
 -1.8753319e-001
 -1.8081131e-001
 -1.7230487e-001
 -1.6143217e-001
 -1.4794998e-001
 -1.3199607e-001
 -1.1407484e-001
 -9.4984099e-002
 -7.5690958e-002
 -5.7177233e-002
 -4.0285756e-002
 -2.5603626e-002
 -1.3413532e-002
 -3.7284868e-003
  3.5979668e-003
  8.7183034e-003
  1.1643576e-002
  1.2154410e-002
  9.8091962e-003
  4.0603411e-003
 -5.5452384e-003
 -1.9135944e-002
 -3.6326587e-002
 -5.6136775e-002
 -7.7055978e-002
 -9.7253051e-002
 -1.1488401e-001
 -1.2841994e-001
 -1.3690847e-001
 -1.4010161e-001
 -1.3842340e-001
 -1.3280107e-001
 -1.2442315e-001
 -1.1450581e-001
 -1.0413579e-001
 -9.4221138e-002
 -8.5534111e-002
 -7.8791699e-002
 -7.4706157e-002
 -7.3954762e-002
 -7.7059545e-002
 -8.4216274e-002
 -9.5146520e-002
 -1.0905078e-001
 -1.2470998e-001
 -1.4072755e-001
 -1.5584590e-001
 -1.6923412e-001
 -1.8064534e-001
 -1.9038420e-001
 -1.9909332e-001
 -2.0743679e-001
 -2.1580035e-001
 -2.2412527e-001
 -2.3194416e-001
 -2.3861017e-001
 -2.4363454e-001
 -2.4700033e-001
 -2.4932208e-001
 -2.5177155e-001
 -2.5577164e-001
 -2.6254491e-001
 -2.7265833e-001
 -2.8571434e-001
 -3.0029490e-001
 -3.1418697e-001
 -3.2483081e-001
 -3.2986521e-001
 -3.2761827e-001
 -3.1741379e-001
 -2.9962435e-001
 -2.7548014e-001
 -2.4671338e-001
 -2.1515928e-001
 -1.8243435e-001
 -1.4977403e-001
 -1.1804861e-001
 -8.7911961e-002
 -5.9994780e-002
 -3.5046477e-002
 -1.3960182e-002
  2.3311986e-003
  1.3044972e-002
  1.7748875e-002
  1.6498371e-002
  9.8738449e-003
 -1.0680588e-003
 -1.4874030e-002
 -2.9742137e-002
 -4.3508636e-002
 -5.3603704e-002
 -5.7063335e-002
 -5.0705057e-002
 -3.1537453e-002
  2.6187171e-003
  5.2435072e-002
  1.1653162e-001
  1.9132404e-001
  2.7141790e-001
  3.5053820e-001
  4.2278536e-001
  4.8385710e-001
  5.3183724e-001
  5.6725861e-001
  5.9237600e-001
  6.0986198e-001
  6.2136342e-001
  6.2643992e-001
  6.2230344e-001
  6.0451727e-001
  5.6847565e-001
  5.1119435e-001
  4.3280298e-001
  3.3719959e-001
  2.3158921e-001
  1.2499402e-001
  2.6168601e-002
 -5.8441238e-002
 -1.2606432e-001
 -1.7787969e-001
 -2.1813867e-001
 -2.5243740e-001
 -2.8570314e-001
 -3.2052689e-001
 -3.5633921e-001
 -3.8963894e-001
 -4.1514920e-001
 -4.2750070e-001
 -4.2291257e-001
 -4.0038120e-001
 -3.6206996e-001
 -3.1284444e-001
 -2.5913728e-001
 -2.0748665e-001
 -1.6314019e-001
 -1.2905748e-001
 -1.0551224e-001
 -9.0334666e-002
 -7.9687707e-002
 -6.9166336e-002
 -5.4959371e-002
 -3.4819668e-002
 -8.6419939e-003
  2.1464208e-002
  5.1613739e-002
  7.6996526e-002
  9.2953659e-002
  9.6041704e-002
  8.4847728e-002
  6.0369312e-002
  2.5869631e-002
 -1.3762346e-002
 -5.2999854e-002
 -8.6783443e-002
 -1.1148286e-001
 -1.2549136e-001
 -1.2932249e-001
 -1.2520941e-001
 -1.1633686e-001
 -1.0593076e-001
 -9.6460499e-002
 -8.9166410e-002
 -8.4020130e-002
 -8.0092336e-002
 -7.6180056e-002
 -7.1473225e-002
 -6.6038062e-002
 -6.0961929e-002
 -5.8117039e-002
 -5.9621759e-002
 -6.7170601e-002
 -8.1440739e-002
 -1.0175615e-001
 -1.2611202e-001
 -1.5155774e-001
 -1.7483781e-001
 -1.9312267e-001
 -2.0464224e-001
 -2.0906419e-001
 -2.0752724e-001
 -2.0232652e-001
 -1.9633281e-001
 -1.9229051e-001
 -1.9216705e-001
 -1.9671386e-001
 -2.0534820e-001
 -2.1638620e-001
 -2.2756726e-001
 -2.3673049e-001
 -2.4245602e-001
 -2.4448539e-001
 -2.4379094e-001
 -2.4226279e-001
 -2.4209823e-001
 -2.4507562e-001
 -2.5193898e-001
 -2.6209145e-001
 -2.7370044e-001
 -2.8418389e-001
 -2.9092151e-001
 -2.9196187e-001
 -2.8650301e-001
 -2.7500780e-001
 -2.5894596e-001
 -2.4028248e-001
 -2.2091143e-001
 -2.0223699e-001
 -1.8503234e-001
 -1.6959158e-001
 -1.5607601e-001
 -1.4488584e-001
 -1.3688587e-001
 -1.3337664e-001
 -1.3580411e-001
 -1.4530247e-001
 -1.6222940e-001
 -1.8585990e-001
 -2.1435388e-001
 -2.4502370e-001
 -2.7483253e-001
 -3.0098316e-001
 -3.2143213e-001
 -3.3519082e-001
 -3.4234288e-001
 -3.4379470e-001
 -3.4085442e-001
 -3.3478276e-001
 -3.2646149e-001
 -3.1628190e-001
 -3.0428024e-001
 -2.9046210e-001
 -2.7519025e-001
 -2.5948323e-001
 -2.4509477e-001
 -2.3431298e-001
 -2.2951089e-001
 -2.3256762e-001
 -2.4433120e-001
 -2.6429134e-001
 -2.9057152e-001
 -3.2025393e-001
 -3.4994884e-001
 -3.7644795e-001
 -3.9728156e-001
 -4.1104030e-001
 -4.1740535e-001
 -4.1692813e-001
 -4.1067581e-001
 -3.9988625e-001
 -3.8574913e-001
 -3.6936059e-001
 -3.5181637e-001
 -3.3434607e-001
 -3.1837371e-001
 -3.0542430e-001
 -2.9686965e-001
 -2.9358815e-001
 -2.9566981e-001
 -3.0230274e-001
 -3.1192397e-001
 -3.2262402e-001
 -3.3269198e-001
 -3.4111890e-001
 -3.4786853e-001
 -3.5378788e-001
 -3.6014666e-001
 -3.6792827e-001
 -3.7709983e-001
 -3.8612592e-001
 -3.9194189e-001
 -3.9047743e-001
 -3.7765237e-001
 -3.5060539e-001
 -3.0881195e-001
 -2.5473831e-001
 -1.9377489e-001
 -1.3337601e-001
 -8.1557049e-002
 -4.5101197e-002
 -2.7943121e-002
 -3.0182769e-002
 -4.8032534e-002
 -7.4749918e-002
 -1.0232728e-001
 -1.2348647e-001
 -1.3343329e-001
 -1.3089862e-001
 -1.1820965e-001
 -1.0042557e-001
 -8.3840959e-002
 -7.4318628e-002
 -7.5915319e-002
 -9.0119419e-002
 -1.1579275e-001
 -1.4968744e-001
 -1.8727175e-001
 -2.2358358e-001
 -2.5392075e-001
 -2.7431646e-001
 -2.8186377e-001
 -2.7499185e-001
 -2.5374810e-001
 -2.2003803e-001
 -1.7768197e-001
 -1.3212372e-001
 -8.9700395e-002
 -5.6534796e-002
 -3.7282805e-002
 -3.4081355e-002
 -4.6038733e-002
 -6.9474126e-002
 -9.8886608e-002
 -1.2839468e-001
 -1.5322481e-001
 -1.7080379e-001
 -1.8113711e-001
 -1.8638959e-001
 -1.8984246e-001
 -1.9459372e-001
 -2.0243100e-001
 -2.1322546e-001
 -2.2500497e-001
 -2.3463853e-001
 -2.3887773e-001
 -2.3541351e-001
 -2.2363437e-001
 -2.0489225e-001
 -1.8224478e-001
 -1.5978921e-001
 -1.4179332e-001
 -1.3184638e-001
 -1.3220998e-001
 -1.4347170e-001
 -1.6452446e-001
 -1.9283100e-001
 -2.2489534e-001
 -2.5684618e-001
 -2.8503507e-001
 -3.0655830e-001
 -3.1962425e-001
 -3.2371134e-001
 -3.1949514e-001
 -3.0856676e-001
 -2.9300786e-001
 -2.7492079e-001
 -2.5602302e-001
 -2.3739743e-001
 -2.1944749e-001
 -2.0204903e-001
 -1.8483520e-001
 -1.6751565e-001
 -1.5012496e-001
 -1.3312261e-001
 -1.1731698e-001
 -1.0364419e-001
 -9.2879853e-002
 -8.5382303e-002
 -8.0954514e-002
 -7.8871509e-002
 -7.8065373e-002
 -7.7408291e-002
 -7.6002777e-002
 -7.3387169e-002
 -6.9593767e-002
 -6.5046593e-002
 -6.0339163e-002
 -5.5972069e-002
 -5.2142576e-002
 -4.8659853e-002
 -4.5016245e-002
 -4.0591811e-002
 -3.4923916e-002
 -2.7951028e-002
 -2.0147109e-002
 -1.2497157e-002
 -6.3138312e-003
 -2.9435336e-003
 -3.4426908e-003
 -8.3121812e-003
 -1.7359180e-002
 -2.9718445e-002
 -4.4021470e-002
 -5.8664987e-002
 -7.2109637e-002
 -8.3139198e-002
 -9.1028216e-002
 -9.5594223e-002
 -9.7140704e-002
 -9.6320624e-002
 -9.3962493e-002
 -9.0901044e-002
 -8.7845417e-002
 -8.5304015e-002
 -8.3571260e-002
 -8.2769708e-002
 -8.2931598e-002
 -8.4096031e-002
 -8.6391784e-002
 -9.0073328e-002
 -9.5483056e-002
 -1.0292936e-001
 -1.1249747e-001
 -1.2384153e-001
 -1.3603030e-001
 -1.4752226e-001
 -1.5632080e-001
 -1.6030884e-001
 -1.5769934e-001
 -1.4748589e-001
 -1.2975809e-001
 -1.0577211e-001
 -7.7734158e-002
 -4.8341649e-002
 -2.0204981e-002
  4.6880138e-003
  2.5317142e-002
  4.1699616e-002
  5.4687970e-002
  6.5580303e-002
  7.5671736e-002
  8.5871989e-002
  9.6469387e-002
  1.0706059e-001
  1.1661639e-001
  1.2363576e-001
  1.2635394e-001
  1.2299781e-001
  1.1209836e-001
  9.2856380e-002
  6.5514184e-002
  3.1632511e-002
 -5.8571843e-003
 -4.2932330e-002
 -7.5115093e-002
 -9.8367598e-002
 -1.1003435e-001
 -1.0956074e-001
 -9.8747429e-002
 -8.1420831e-002
 -6.2573989e-002
 -4.7199025e-002
 -3.9131993e-002
 -4.0226461e-002
 -5.0065371e-002
 -6.6250773e-002
 -8.5138873e-002
 -1.0277172e-001
 -1.1573161e-001
 -1.2170882e-001
 -1.1969531e-001
 -1.0984676e-001
 -9.3147182e-002
 -7.1037715e-002
 -4.5136911e-002
 -1.7106174e-002
  1.1362618e-002
  3.8511376e-002
  6.2516394e-002
  8.1583325e-002
  9.4148040e-002
  9.9148414e-002
  9.6301031e-002
  8.6306617e-002
  7.0916492e-002
  5.2813797e-002
  3.5293580e-002
  2.1763703e-002
  1.5132721e-002
  1.7195722e-002
  2.8161737e-002
  4.6468989e-002
  6.8991939e-002
  9.1654145e-002
  1.1034065e-001
  1.2188883e-001
  1.2487228e-001
  1.1991418e-001
  1.0938492e-001
  9.6527052e-002
  8.4250873e-002
  7.3983754e-002
  6.4976534e-002
  5.4349703e-002
  3.7929979e-002
  1.1658099e-002
 -2.6865356e-002
 -7.7207699e-002
 -1.3572446e-001
 -1.9615156e-001
 -2.5103848e-001
 -2.9361419e-001
 -3.1952796e-001
 -3.2793688e-001
 -3.2161257e-001
 -3.0604531e-001
 -2.8783273e-001
 -2.7285260e-001
 -2.6476738e-001
 -2.6428338e-001
 -2.6933568e-001
 -2.7608035e-001
 -2.8034071e-001
 -2.7904567e-001
 -2.7123879e-001
 -2.5839957e-001
 -2.4404090e-001
 -2.3275477e-001
 -2.2901098e-001
 -2.3604443e-001
 -2.5510109e-001
 -2.8518767e-001
 -3.2332913e-001
 -3.6522225e-001
 -4.0610470e-001
 -4.4164146e-001
 -4.6865415e-001
 -4.8556666e-001
 -4.9250114e-001
 -4.9102109e-001
 -4.8358175e-001
 -4.7280486e-001
 -4.6073957e-001
 -4.4828819e-001
 -4.3495397e-001
 -4.1900161e-001
 -3.9801773e-001
 -3.6974280e-001
 -3.3295159e-001
 -2.8812111e-001
 -2.3766480e-001
 -1.8562544e-001
 -1.3687877e-001
 -9.6055066e-002
 -6.6484467e-002
 -4.9476591e-002
 -4.4148291e-002
 -4.7843663e-002
 -5.7002809e-002
 -6.8193979e-002
 -7.8977208e-002
 -8.8333283e-002
 -9.6547508e-002
 -1.0462884e-001
 -1.1350435e-001
 -1.2330104e-001
 -1.3298693e-001
 -1.4050795e-001
 -1.4337487e-001
 -1.3949255e-001
 -1.2793840e-001
 -1.0941662e-001
 -8.6230543e-002
 -6.1782221e-002
 -3.9767304e-002
 -2.3327598e-002
 -1.4424001e-002
 -1.3602201e-002
 -2.0178894e-002
 -3.2731064e-002
 -4.9677026e-002
 -6.9727003e-002
 -9.2053231e-002
 -1.1615446e-001
 -1.4151800e-001
 -1.6726407e-001
 -1.9196112e-001
 -2.1372574e-001
 -2.3059691e-001
 -2.4105193e-001
 -2.4446007e-001
 -2.4128099e-001
 -2.3290664e-001
 -2.2118294e-001
 -2.0777756e-001
 -1.9362934e-001
 -1.7869322e-001
 -1.6208747e-001
 -1.4259646e-001
 -1.1934206e-001
 -9.2363646e-002
 -6.2872824e-002
 -3.3064640e-002
 -5.5321657e-003
  1.7517114e-002
  3.4962629e-002
  4.7128921e-002
  5.5655287e-002
  6.2902019e-002
  7.1083759e-002
  8.1422024e-002
  9.3611280e-002
  1.0579496e-001
  1.1508297e-001
  1.1846531e-001
  1.1384504e-001
  1.0086862e-001
  8.1285077e-002
  5.8698838e-002
  3.7753701e-002
  2.2946908e-002
  1.7380230e-002
  2.1782106e-002
  3.4076887e-002
  4.9648910e-002
  6.2280480e-002
  6.5571977e-002
  5.4518960e-002
  2.6859676e-002
 -1.6161650e-002
 -6.9843804e-002
 -1.2692029e-001
 -1.7910290e-001
 -2.1890284e-001
 -2.4126647e-001
 -2.4460465e-001
 -2.3096024e-001
 -2.0530307e-001
 -1.7418762e-001
 -1.4417701e-001
 -1.2047234e-001
 -1.0608157e-001
 -1.0165890e-001
 -1.0592156e-001
 -1.1638763e-001
 -1.3012966e-001
 -1.4431103e-001
 -1.5642291e-001
 -1.6429768e-001
 -1.6607132e-001
 -1.6026321e-001
 -1.4604591e-001
 -1.2363924e-001
 -9.4649241e-002
 -6.2141762e-002
 -3.0310341e-002
 -3.7440279e-003
  1.3538080e-002
  1.9011392e-002
  1.2248838e-002
 -4.9783698e-003
 -2.9116031e-002
 -5.5604775e-002
 -7.9764832e-002
 -9.7532064e-002
 -1.0588444e-001
 -1.0294217e-001
 -8.7853375e-002
 -6.0637162e-002
 -2.2125748e-002
  2.5952344e-002
  8.0824362e-002
  1.3861582e-001
  1.9453804e-001
  2.4339263e-001
  2.8033385e-001
  3.0170773e-001
  3.0572777e-001
  2.9277853e-001
  2.6525158e-001
  2.2696720e-001
  1.8236396e-001
  1.3569617e-001
  9.0449020e-002
  4.9081134e-002
  1.3078013e-002
 -1.6798897e-002
 -4.0219142e-002
 -5.7065218e-002
 -6.7332387e-002
 -7.1112286e-002
 -6.8588285e-002
 -5.9988742e-002
 -4.5505003e-002
 -2.5246185e-002
  6.7110118e-004
  3.1839245e-002
  6.7121237e-002
  1.0421141e-001
  1.3942294e-001
  1.6791171e-001
  1.8442275e-001
  1.8444949e-001
  1.6550194e-001
  1.2807219e-001
  7.5923764e-002
  1.5521077e-002
 -4.5302941e-002
 -9.9071431e-002
 -1.4025802e-001
 -1.6626179e-001
 -1.7748848e-001
 -1.7658317e-001
 -1.6715944e-001
 -1.5253364e-001
 -1.3493321e-001
 -1.1542408e-001
 -9.4486241e-002
 -7.2889493e-002
 -5.2398904e-002
 -3.5920983e-002
 -2.6952653e-002
 -2.8510112e-002
 -4.1961061e-002
 -6.6257246e-002
 -9.7931442e-002
 -1.3193455e-001
 -1.6305884e-001
 -1.8745367e-001
 -2.0368714e-001
 -2.1296361e-001
 -2.1841645e-001
 -2.2374022e-001
 -2.3167692e-001
 -2.4293188e-001
 -2.5594065e-001
 -2.6759313e-001
 -2.7465807e-001
 -2.7537193e-001
 -2.7056512e-001
 -2.6383407e-001
 -2.6059060e-001
 -2.6622160e-001
 -2.8393671e-001
 -3.1304411e-001
 -3.4831140e-001
 -3.8075439e-001
 -3.9974697e-001
 -3.9590256e-001
 -3.6388862e-001
 -3.0430112e-001
 -2.2396592e-001
 -1.3448221e-001
 -4.9345500e-002
  1.9574714e-002
  6.5208357e-002
  8.7182420e-002
  9.1853610e-002
  9.0400824e-002
  9.5449846e-002
  1.1713263e-001
  1.5967674e-001
  2.1951932e-001
  2.8556359e-001
  3.4163355e-001
  3.7057852e-001
  3.5899095e-001
  3.0127110e-001
  2.0187815e-001
  7.5044620e-002
 -5.8100458e-002
 -1.7432996e-001
 -2.5379638e-001
 -2.8470657e-001
 -2.6589792e-001
 -2.0660255e-001
 -1.2350288e-001
 -3.5986061e-002
  3.8962633e-002
  9.0706903e-002
  1.1663496e-001
  1.2121802e-001
  1.1297473e-001
  1.0053693e-001
  8.9257891e-002
  7.9541168e-002
  6.7395451e-002
  4.6884803e-002
  1.3445815e-002
 -3.3265296e-002
 -8.8144777e-002
 -1.4157098e-001
 -1.8222230e-001
 -2.0080541e-001
 -1.9336271e-001
 -1.6295675e-001
 -1.1908977e-001
 -7.5004226e-002
 -4.3740270e-002
 -3.4242349e-002
 -4.8767892e-002
 -8.2385034e-002
 -1.2463060e-001
 -1.6269432e-001
 -1.8504400e-001
 -1.8434972e-001
 -1.5889551e-001
 -1.1224047e-001
 -5.1488726e-002
  1.5061222e-002
  8.0019774e-002
  1.3811462e-001
  1.8628585e-001
  2.2291140e-001
  2.4672734e-001
  2.5607672e-001
  2.4892593e-001
  2.2371502e-001
  1.8070581e-001
  1.2321636e-001
  5.8092606e-002
 -5.0074925e-003
 -5.5526267e-002
 -8.4659498e-002
 -8.7951397e-002
 -6.6945690e-002
 -2.9231092e-002
  1.3299846e-002
  4.7572334e-002
  6.2931852e-002
  5.4110271e-002
  2.2592199e-002
 -2.4088011e-002
 -7.4911169e-002
 -1.1896438e-001
 -1.4886846e-001
 -1.6290562e-001
 -1.6516242e-001
 -1.6369382e-001
 -1.6739790e-001
 -1.8272122e-001
 -2.1134003e-001
 -2.4958269e-001
 -2.8972085e-001
 -3.2260147e-001
 -3.4065415e-001
 -3.4023479e-001
 -3.2256245e-001
 -2.9304164e-001
 -2.5932869e-001
 -2.2889531e-001
 -2.0693954e-001
 -1.9528756e-001
 -1.9252183e-001
 -1.9512619e-001
 -1.9911721e-001
 -2.0153229e-001
 -2.0127743e-001
 -1.9912873e-001
 -1.9700901e-001
 -1.9690719e-001
 -1.9989366e-001
 -2.0559943e-001
 -2.1231772e-001
 -2.1764095e-001
 -2.1935371e-001
 -2.1622580e-001
 -2.0840654e-001
 -1.9728145e-001
 -1.8485295e-001
 -1.7287686e-001
 -1.6207050e-001
 -1.5168282e-001
 -1.3959658e-001
 -1.2296006e-001
 -9.9176452e-002
 -6.6965075e-002
 -2.7179134e-002
  1.6874289e-002
  5.9736757e-002
  9.4687238e-002
  1.1503158e-001
  1.1550656e-001
  9.3482405e-002
  4.9691640e-002
 -1.1685049e-002
 -8.3609433e-002
 -1.5734888e-001
 -2.2399510e-001
 -2.7605153e-001
 -3.0878429e-001
 -3.2106712e-001
 -3.1553580e-001
 -2.9799488e-001
 -2.7617171e-001
 -2.5806457e-001
 -2.5024725e-001
 -2.5653283e-001
 -2.7733739e-001
 -3.0991703e-001
 -3.4941136e-001
 -3.9038074e-001
 -4.2835437e-001
 -4.6088362e-001
 -4.8774614e-001
 -5.1023806e-001
 -5.2983087e-001
 -5.4673263e-001
 -5.5897298e-001
 -5.6247837e-001
 -5.5225583e-001
 -5.2437733e-001
 -4.7810665e-001
 -4.1737482e-001
 -3.5095234e-001
 -2.9105094e-001
 -2.5059075e-001
 -2.3982289e-001
 -2.6324963e-001
 -3.1775451e-001
 -3.9255131e-001
 -4.7108073e-001
 -5.3446596e-001
 -5.6572747e-001
 -5.5375310e-001
 -4.9606505e-001
 -3.9970011e-001
 -2.7995369e-001
 -1.5723330e-001
 -5.2713071e-002
  1.6223105e-002
  3.9691169e-002
  1.7292077e-002
 -4.2099945e-002
 -1.2268184e-001
 -2.0560050e-001
 -2.7338101e-001
 -3.1379200e-001
 -3.2220872e-001
 -3.0195984e-001
 -2.6269893e-001
 -2.1736374e-001
 -1.7862704e-001
 -1.5581191e-001
 -1.5303782e-001
 -1.6895799e-001
 -1.9797540e-001
 -2.3242407e-001
 -2.6498501e-001
 -2.9061800e-001
 -3.0750971e-001
 -3.1688361e-001
 -3.2187682e-001
 -3.2595547e-001
 -3.3144081e-001
 -3.3863333e-001
 -3.4578931e-001
 -3.4990377e-001
 -3.4798419e-001
 -3.3834561e-001
 -3.2146611e-001
 -3.0010388e-001
 -2.7863566e-001
 -2.6184085e-001
 -2.5353682e-001
 -2.5550889e-001
 -2.6706435e-001
 -2.8531856e-001
 -3.0607418e-001
 -3.2496983e-001
 -3.3851389e-001
 -3.4469807e-001
 -3.4306597e-001
 -3.3432056e-001
 -3.1971225e-001
 -3.0049776e-001
 -2.7768915e-001
 -2.5215678e-001
 -2.2497794e-001
 -1.9780628e-001
 -1.7302298e-001
 -1.5352282e-001
 -1.4214870e-001
 -1.4094820e-001
 -1.5052105e-001
 -1.6971497e-001
 -1.9581243e-001
 -2.2517506e-001
 -2.5414372e-001
 -2.7989562e-001
 -3.0097413e-001
 -3.1732705e-001
 -3.2987277e-001
 -3.3978942e-001
 -3.4782545e-001
 -3.5391912e-001
 -3.5729170e-001
 -3.5698868e-001
 -3.5265490e-001
 -3.4521499e-001
 -3.3713540e-001
 -3.3207325e-001
 -3.3393031e-001
 -3.4555688e-001
 -3.6751180e-001
 -3.9732242e-001
 -4.2957996e-001
 -4.5697526e-001
 -4.7209042e-001
 -4.6949995e-001
 -4.4758305e-001
 -4.0946635e-001
 -3.6271544e-001
 -3.1773274e-001
 -2.8520890e-001
 -2.7329839e-001
 -2.8533622e-001
 -3.1881592e-001
 -3.6601320e-001
 -4.1615116e-001
 -4.5850892e-001
 -4.8553971e-001
 -4.9501350e-001
 -4.9047116e-001
 -4.7980100e-001
 -4.7236054e-001
 -4.7556297e-001
 -4.9205401e-001
 -5.1844005e-001
 -5.4603715e-001
 -5.6345046e-001
 -5.6018468e-001
 -5.3013311e-001
 -4.7381599e-001
 -3.9863311e-001
 -3.1702976e-001
 -2.4314051e-001
 -1.8895259e-001
 -1.6116805e-001
 -1.5970146e-001
 -1.7821589e-001
 -2.0645279e-001
 -2.3356409e-001
 -2.5137759e-001
 -2.5660012e-001
 -2.5134716e-001
 -2.4194778e-001
 -2.3652121e-001
 -2.4218118e-001
 -2.6278826e-001
 -2.9793055e-001
 -3.4336186e-001
 -3.9262006e-001
 -4.3916084e-001
 -4.7820133e-001
 -5.0762030e-001
 -5.2764892e-001
 -5.3957081e-001
 -5.4405317e-001
 -5.3990058e-001
 -5.2388337e-001
 -4.9188094e-001
 -4.4103742e-001
 -3.7215369e-001
 -2.9132579e-001
 -2.0999124e-001
 -1.4303845e-001
 -1.0531490e-001
 -1.0749884e-001
 -1.5263886e-001
 -2.3456923e-001
 -3.3887860e-001
 -4.4630946e-001
 -5.3766321e-001
 -5.9876212e-001
 -6.2396396e-001
 -6.1716706e-001
 -5.9003593e-001
 -5.5805446e-001
 -5.3568075e-001
 -5.3211798e-001
 -5.4896343e-001
 -5.8035300e-001
 -6.1540796e-001
 -6.4208240e-001
 -6.5112569e-001
 -6.3891598e-001
 -6.0834916e-001
 -5.6762412e-001
 -5.2742986e-001
 -4.9750761e-001
 -4.8369890e-001
 -4.8637693e-001
 -5.0067819e-001
 -5.1836557e-001
 -5.3064741e-001
 -5.3100319e-001
 -5.1710167e-001
 -4.9122400e-001
 -4.5911256e-001
 -4.2769276e-001
 -4.0248842e-001
 -3.8564977e-001
 -3.7530083e-001
 -3.6645616e-001
 -3.5320518e-001
 -3.3140100e-001
 -3.0088077e-001
 -2.6636788e-001
 -2.3663086e-001
 -2.2206491e-001
 -2.3142032e-001
 -2.6873437e-001
 -3.3150722e-001
 -4.1079234e-001
 -4.9326481e-001
 -5.6468528e-001
 -6.1371127e-001
 -6.3488036e-001
 -6.2984785e-001
 -6.0652200e-001
 -5.7641585e-001
 -5.5109950e-001
 -5.3890102e-001
 -5.4288106e-001
 -5.6064237e-001
 -5.8589418e-001
 -6.1109799e-001
 -6.3018206e-001
 -6.4034298e-001
 -6.4233831e-001
 -6.3927122e-001
 -6.3445671e-001
 -6.2932033e-001
 -6.2227754e-001
 -6.0916665e-001
 -5.8519345e-001
 -5.4771360e-001
 -4.9876944e-001
 -4.4627598e-001
 -4.0314861e-001
 -3.8435945e-001
 -4.0266568e-001
 -4.6430114e-001
 -5.6605591e-001
 -6.9481782e-001
 -8.2991629e-001
 -9.4772819e-001
 -1.0272734e+000
 -1.0551924e+000
 -1.0286782e+000
 -9.5556538e-001
 -8.5166243e-001
 -7.3623543e-001
 -6.2706731e-001
 -5.3655014e-001
 -4.6984157e-001
 -4.2538775e-001
 -3.9734466e-001
 -3.7887279e-001
 -3.6510705e-001
 -3.5484040e-001
 -3.5049401e-001
 -3.5657123e-001
 -3.7729076e-001
 -4.1430844e-001
 -4.6532841e-001
 -5.2404300e-001
 -5.8137950e-001
 -6.2763333e-001
 -6.5484805e-001
 -6.5880033e-001
 -6.4011842e-001
 -6.0431842e-001
 -5.6079334e-001
 -5.2097931e-001
 -4.9604039e-001
 -4.9447662e-001
 -5.2008996e-001
 -5.7073784e-001
 -6.3823617e-001
 -7.0960641e-001
 -7.6958476e-001
 -8.0396549e-001
 -8.0303516e-001
 -7.6419399e-001
 -6.9295956e-001
 -6.0192764e-001
 -5.0784298e-001
 -4.2752920e-001
 -3.7382941e-001
 -3.5275296e-001
 -3.6266298e-001
 -3.9568176e-001
 -4.4076023e-001
 -4.8731848e-001
 -5.2821549e-001
 -5.6110292e-001
 -5.8784651e-001
 -6.1241950e-001
 -6.3821235e-001
 -6.6586519e-001
 -6.9246425e-001
 -7.1237115e-001
 -7.1930469e-001
 -7.0882257e-001
 -6.8022647e-001
 -6.3716857e-001
 -5.8675295e-001
 -5.3749132e-001
 -4.9687292e-001
 -4.6940395e-001
 -4.5574845e-001
 -4.5316609e-001
 -4.5696970e-001
 -4.6239222e-001
 -4.6616890e-001
 -4.6731359e-001
 -4.6691256e-001
 -4.6713424e-001
 -4.6991951e-001
 -4.7589001e-001
 -4.8388224e-001
 -4.9125009e-001
 -4.9478612e-001
 -4.9189788e-001
 -4.8160824e-001
 -4.6503621e-001
 -4.4520995e-001
 -4.2629078e-001
 -4.1246612e-001
 -4.0684966e-001
 -4.1069578e-001
 -4.2311697e-001
 -4.4133637e-001
 -4.6136363e-001
 -4.7888927e-001
 -4.9016775e-001
 -4.9269469e-001
 -4.8555839e-001
 -4.6943179e-001
 -4.4624754e-001
 -4.1865057e-001
 -3.8935021e-001
 -3.6049808e-001
 -3.3320765e-001
 -3.0730735e-001
 -2.8138410e-001
 -2.5312810e-001
 -2.1993536e-001
 -1.7967031e-001
 -1.3144816e-001
 -7.6275978e-002
 -1.7401118e-002
  3.9744968e-002
  8.8056634e-002
  1.1969027e-001
  1.2732025e-001
  1.0553560e-001
  5.2141796e-002
 -3.0896324e-002
 -1.3712144e-001
 -2.5604150e-001
 -3.7442802e-001
 -4.7832336e-001
 -5.5542972e-001
 -5.9739713e-001
 -6.0147201e-001
 -5.7105316e-001
 -5.1493050e-001
 -4.4530779e-001
 -3.7504498e-001
 -3.1479606e-001
 -2.7077879e-001
 -2.4376192e-001
 -2.2952617e-001
 -2.2064240e-001
 -2.0903760e-001
 -1.8860107e-001
 -1.5708603e-001
 -1.1678229e-001
 -7.3804659e-002
 -3.6246290e-002
 -1.1765566e-002
 -5.3206477e-003
 -1.7700913e-002
 -4.5257156e-002
 -8.0880259e-002
 -1.1592504e-001
 -1.4252104e-001
 -1.5562197e-001
 -1.5423779e-001
 -1.4153543e-001
 -1.2381312e-001
 -1.0866025e-001
 -1.0282745e-001
 -1.1039647e-001
 -1.3174380e-001
 -1.6356452e-001
 -1.9992707e-001
 -2.3404446e-001
 -2.6024998e-001
 -2.7561012e-001
 -2.8070947e-001
 -2.7937730e-001
 -2.7742778e-001
 -2.8077281e-001
 -2.9345547e-001
 -3.1618795e-001
 -3.4584691e-001
 -3.7611474e-001
 -3.9912904e-001
 -4.0770490e-001
 -3.9751049e-001
 -3.6856188e-001
 -3.2556908e-001
 -2.7697434e-001
 -2.3289317e-001
 -2.0249637e-001
 -1.9155797e-001
 -2.0087622e-001
 -2.2604496e-001
 -2.5867002e-001
 -2.8869830e-001
 -3.0718867e-001
 -3.0871391e-001
 -2.9269436e-001
 -2.6329720e-001
 -2.2798617e-001
 -1.9522633e-001
 -1.7209603e-001
 -1.6255034e-001
 -1.6682181e-001
 -1.8203249e-001
 -2.0367425e-001
 -2.2734329e-001
 -2.5008146e-001
 -2.7088374e-001
 -2.9028883e-001
 -3.0933610e-001
 -3.2840550e-001
 -3.4647358e-001
 -3.6111973e-001
 -3.6929119e-001
 -3.6851519e-001
 -3.5806169e-001
 -3.3957934e-001
 -3.1693675e-001
 -2.9531135e-001
 -2.7985148e-001
 -2.7438147e-001
 -2.8057537e-001
 -2.9781952e-001
 -3.2371198e-001
 -3.5492194e-001
 -3.8804328e-001
 -4.2014758e-001
 -4.4892764e-001
 -4.7253073e-001
 -4.8931511e-001
 -4.9776897e-001
 -4.9671367e-001
 -4.8573699e-001
 -4.6565415e-001
 -4.3874458e-001
 -4.0858287e-001
 -3.7943790e-001
 -3.5538569e-001
 -3.3939521e-001
 -3.3266157e-001
 -3.3437828e-001
 -3.4200137e-001
 -3.5191676e-001
 -3.6032501e-001
 -3.6412334e-001
 -3.6158817e-001
 -3.5272017e-001
 -3.3918704e-001
 -3.2387208e-001
 -3.1010789e-001
 -3.0074098e-001
 -2.9723068e-001
 -2.9901593e-001
 -3.0336468e-001
 -3.0583474e-001
 -3.0132486e-001
 -2.8551070e-001
 -2.5629878e-001
 -2.1485671e-001
 -1.6583850e-001
 -1.1662436e-001
 -7.5689699e-002
 -5.0514533e-002
 -4.5636283e-002
 -6.1452808e-002
 -9.4176058e-002
 -1.3697496e-001
 -1.8194770e-001
 -2.2227252e-001
 -2.5381769e-001
 -2.7568462e-001
 -2.8955403e-001
 -2.9816042e-001
 -3.0355965e-001
 -3.0593791e-001
 -3.0349043e-001
 -2.9345171e-001
 -2.7385603e-001
 -2.4525610e-001
 -2.1158216e-001
 -1.7962306e-001
 -1.5715041e-001
 -1.5027950e-001
 -1.6103322e-001
 -1.8608462e-001
 -2.1727632e-001
 -2.4388011e-001
 -2.5590410e-001
 -2.4733057e-001
 -2.1814522e-001
 -1.7441745e-001
 -1.2636975e-001
 -8.5084784e-002
 -5.8976746e-002
 -5.1225171e-002
 -5.9011026e-002
 -7.4744984e-002
 -8.8780594e-002
 -9.2616249e-002
 -8.1479310e-002
 -5.5475769e-002
 -1.9050743e-002
  2.0884907e-002
  5.7376533e-002
  8.5505898e-002
  1.0346950e-001
  1.1244209e-001
  1.1548498e-001
  1.1607297e-001
  1.1686569e-001
  1.1914943e-001
  1.2303231e-001
  1.2814649e-001
  1.3442760e-001
  1.4256525e-001
  1.5391594e-001
  1.6993966e-001
  1.9144157e-001
  2.1797984e-001
  2.4771819e-001
  2.7780340e-001
  3.0512693e-001
  3.2717870e-001
  3.4267762e-001
  3.5176684e-001
  3.5574078e-001
  3.5644855e-001
  3.5562406e-001
  3.5439232e-001
