 -4.2568249e-001
 -4.3039908e-001
 -4.3467481e-001
 -4.3867647e-001
 -4.4290893e-001
 -4.4813946e-001
 -4.5519402e-001
 -4.6467832e-001
 -4.7671259e-001
 -4.9077716e-001
 -5.0573969e-001
 -5.2008024e-001
 -5.3226488e-001
 -5.4116272e-001
 -5.4637706e-001
 -5.4837865e-001
 -5.4838558e-001
 -5.4801365e-001
 -5.4879679e-001
 -5.5172389e-001
 -5.5693870e-001
 -5.6370106e-001
 -5.7062515e-001
 -5.7612149e-001
 -5.7890291e-001
 -5.7839393e-001
 -5.7491558e-001
 -5.6959171e-001
 -5.6401426e-001
 -5.5978234e-001
 -5.5806736e-001
 -5.5934254e-001
 -5.6335502e-001
 -5.6933414e-001
 -5.7634976e-001
 -5.8368635e-001
 -5.9109821e-001
 -5.9885738e-001
 -6.0758178e-001
 -6.1791035e-001
 -6.3014658e-001
 -6.4400339e-001
 -6.5854732e-001
 -6.7237067e-001
 -6.8394041e-001
 -6.9201046e-001
 -6.9595985e-001
 -6.9594213e-001
 -6.9279336e-001
 -6.8772561e-001
 -6.8190424e-001
 -6.7604583e-001
 -6.7016735e-001
 -6.6356832e-001
 -6.5505358e-001
 -6.4332849e-001
 -6.2744545e-001
 -6.0716701e-001
 -5.8313834e-001
 -5.5682099e-001
 -5.3021136e-001
 -5.0542806e-001
 -4.8428587e-001
 -4.6797057e-001
 -4.5689219e-001
 -4.5073627e-001
 -4.4867248e-001
 -4.4963594e-001
 -4.5258216e-001
 -4.5663598e-001
 -4.6110082e-001
 -4.6535140e-001
 -4.6868110e-001
 -4.7019568e-001
 -4.6883045e-001
 -4.6351982e-001
 -4.5348392e-001
 -4.3853910e-001
 -4.1931089e-001
 -3.9724414e-001
 -3.7436451e-001
 -3.5282963e-001
 -3.3439008e-001
 -3.1992653e-001
 -3.0922158e-001
 -3.0105918e-001
 -2.9364095e-001
 -2.8520166e-001
 -2.7463389e-001
 -2.6192133e-001
 -2.4823828e-001
 -2.3567948e-001
 -2.2670394e-001
 -2.2346715e-001
 -2.2724665e-001
 -2.3812921e-001
 -2.5503768e-001
 -2.7606708e-001
 -2.9900814e-001
 -3.2189281e-001
 -3.4340787e-001
 -3.6308073e-001
 -3.8122047e-001
 -3.9866953e-001
 -4.1646618e-001
 -4.3552481e-001
 -4.5641715e-001
 -4.7929400e-001
 -5.0394145e-001
 -5.2992955e-001
 -5.5679255e-001
 -5.8417782e-001
 -6.1191410e-001
 -6.3997458e-001
 -6.6834218e-001
 -6.9681876e-001
 -7.2484854e-001
 -7.5143857e-001
 -7.7524738e-001
 -7.9487004e-001
 -8.0928161e-001
 -8.1832690e-001
 -8.2308905e-001
 -8.2596130e-001
 -8.3029974e-001
 -8.3965001e-001
 -8.5668754e-001
 -8.8214543e-001
 -9.1407371e-001
 -9.4773954e-001
 -9.7633262e-001
 -9.9241135e-001
 -9.8977906e-001
 -9.6529467e-001
 -9.2007202e-001
 -8.5963989e-001
 -7.9290484e-001
 -7.3010775e-001
 -6.8028678e-001
 -6.4894663e-001
 -6.3661406e-001
 -6.3872647e-001
 -6.4691817e-001
 -6.5135576e-001
 -6.4346146e-001
 -6.1825471e-001
 -5.7566931e-001
 -5.2052387e-001
 -4.6122640e-001
 -4.0764901e-001
 -3.6880545e-001
 -3.5095354e-001
 -3.5654972e-001
 -3.8418796e-001
 -4.2936585e-001
 -4.8573006e-001
 -5.4640314e-001
 -6.0507372e-001
 -6.5668636e-001
 -6.9772524e-001
 -7.2619236e-001
 -7.4141380e-001
 -7.4378027e-001
 -7.3447691e-001
 -7.1521736e-001
 -6.8798704e-001
 -6.5481591e-001
 -6.1761746e-001
 -5.7812817e-001
 -5.3794767e-001
 -4.9863081e-001
 -4.6174336e-001
 -4.2879346e-001
 -4.0100134e-001
 -3.7895552e-001
 -3.6228764e-001
 -3.4953702e-001
 -3.3834178e-001
 -3.2598824e-001
 -3.1020980e-001
 -2.9000636e-001
 -2.6620743e-001
 -2.4155478e-001
 -2.2022061e-001
 -2.0685923e-001
 -2.0544867e-001
 -2.1825681e-001
 -2.4523557e-001
 -2.8401700e-001
 -3.3050068e-001
 -3.7984472e-001
 -4.2755976e-001
 -4.7038989e-001
 -5.0674873e-001
 -5.3663068e-001
 -5.6108801e-001
 -5.8149759e-001
 -5.9889688e-001
 -6.1362979e-001
 -6.2542201e-001
 -6.3384258e-001
 -6.3895640e-001
 -6.4188513e-001
 -6.4500456e-001
 -6.5161997e-001
 -6.6514503e-001
 -6.8800535e-001
 -7.2062517e-001
 -7.6087824e-001
 -8.0426960e-001
 -8.4488923e-001
 -8.7691097e-001
 -8.9619189e-001
 -9.0144549e-001
 -8.9455913e-001
 -8.7988713e-001
 -8.6269625e-001
 -8.4725319e-001
 -8.3520747e-001
 -8.2486570e-001
 -8.1167822e-001
 -7.8984900e-001
 -7.5457265e-001
 -7.0414481e-001
 -6.4118530e-001
 -5.7247443e-001
 -5.0735441e-001
 -4.5514010e-001
 -4.2234649e-001
 -4.1064129e-001
 -4.1622537e-001
 -4.3089216e-001
 -4.4446780e-001
 -4.4787453e-001
 -4.3584772e-001
 -4.0844898e-001
 -3.7091511e-001
 -3.3192888e-001
 -3.0090503e-001
 -2.8518043e-001
 -2.8798702e-001
 -3.0778428e-001
 -3.3905160e-001
 -3.7416218e-001
 -4.0564442e-001
 -4.2808060e-001
 -4.3909645e-001
 -4.3926400e-001
 -4.3112956e-001
 -4.1784904e-001
 -4.0197881e-001
 -3.8483170e-001
 -3.6653693e-001
 -3.4665551e-001
 -3.2500610e-001
 -3.0231498e-001
 -2.8041345e-001
 -2.6191029e-001
 -2.4947760e-001
 -2.4502680e-001
 -2.4907553e-001
 -2.6051893e-001
 -2.7686658e-001
 -2.9484909e-001
 -3.1119231e-001
 -3.2332957e-001
 -3.2987070e-001
 -3.3074189e-001
 -3.2701351e-001
 -3.2051167e-001
 -3.1334463e-001
 -3.0746850e-001
 -3.0438059e-001
 -3.0498107e-001
 -3.0959819e-001
 -3.1813814e-001
 -3.3029936e-001
 -3.4578330e-001
 -3.6443941e-001
 -3.8630146e-001
 -4.1150469e-001
 -4.4011233e-001
 -4.7191568e-001
 -5.0629003e-001
 -5.4217887e-001
 -5.7823895e-001
 -6.1311885e-001
 -6.4578450e-001
 -6.7577216e-001
 -7.0325916e-001
 -7.2889963e-001
 -7.5345936e-001
 -7.7736929e-001
 -8.0036691e-001
 -8.2138326e-001
 -8.3875792e-001
 -8.5074791e-001
 -8.5617930e-001
 -8.5501829e-001
 -8.4864279e-001
 -8.3968131e-001
 -8.3142674e-001
 -8.2698021e-001
 -8.2838149e-001
 -8.3599903e-001
 -8.4837614e-001
 -8.6258684e-001
 -8.7499365e-001
 -8.8217720e-001
 -8.8176390e-001
 -8.7292427e-001
 -8.5643118e-001
 -8.3430916e-001
 -8.0922410e-001
 -7.8382045e-001
 -7.6019679e-001
 -7.3963544e-001
 -7.2260090e-001
 -7.0893347e-001
 -6.9811788e-001
 -6.8951240e-001
 -6.8247174e-001
 -6.7636186e-001
 -6.7051894e-001
 -6.6422641e-001
 -6.5676714e-001
 -6.4756267e-001
 -6.3635915e-001
 -6.2338288e-001
 -6.0938580e-001
 -5.9553325e-001
 -5.8314387e-001
 -5.7335090e-001
 -5.6679272e-001
 -5.6344149e-001
 -5.6263904e-001
 -5.6334172e-001
 -5.6450326e-001
 -5.6547245e-001
 -5.6627054e-001
 -5.6764568e-001
 -5.7087022e-001
 -5.7732808e-001
 -5.8800835e-001
 -6.0305600e-001
 -6.2151964e-001
 -6.4138375e-001
 -6.5989381e-001
 -6.7409997e-001
 -6.8148301e-001
 -6.8050122e-001
 -6.7091697e-001
 -6.5382088e-001
 -6.3135302e-001
 -6.0620155e-001
 -5.8101602e-001
 -5.5788892e-001
 -5.3802978e-001
 -5.2169257e-001
 -5.0833892e-001
 -4.9695424e-001
 -4.8640165e-001
 -4.7570858e-001
 -4.6422570e-001
 -4.5165772e-001
 -4.3801332e-001
 -4.2353972e-001
 -4.0868880e-001
 -3.9411891e-001
 -3.8069224e-001
 -3.6940678e-001
 -3.6121870e-001
 -3.5676229e-001
 -3.5603865e-001
 -3.5819189e-001
 -3.6149515e-001
 -3.6361899e-001
 -3.6216369e-001
 -3.5533606e-001
 -3.4257910e-001
 -3.2495085e-001
 -3.0510565e-001
 -2.8684302e-001
 -2.7431898e-001
 -2.7111961e-001
 -2.7944200e-001
 -2.9959941e-001
 -3.2997488e-001
 -3.6742292e-001
 -4.0799893e-001
 -4.4781668e-001
 -4.8381440e-001
 -5.1425002e-001
 -5.3882994e-001
 -5.5847598e-001
 -5.7482556e-001
 -5.8961708e-001
 -6.0412752e-001
 -6.1880130e-001
 -6.3315133e-001
 -6.4593967e-001
 -6.5557578e-001
 -6.6061955e-001
 -6.6025450e-001
 -6.5460728e-001
 -6.4482956e-001
 -6.3291825e-001
 -6.2131637e-001
 -6.1239423e-001
 -6.0794450e-001
 -6.0882422e-001
 -6.1484060e-001
 -6.2491156e-001
 -6.3745372e-001
 -6.5088220e-001
 -6.6406886e-001
 -6.7661427e-001
 -6.8884133e-001
 -7.0150455e-001
 -7.1529990e-001
 -7.3033049e-001
 -7.4570781e-001
 -7.5943946e-001
 -7.6867701e-001
 -7.7029415e-001
 -7.6166387e-001
 -7.4143352e-001
 -7.1007926e-001
 -6.7006428e-001
 -6.2552047e-001
 -5.8149768e-001
 -5.4294703e-001
 -5.1368953e-001
 -4.9564127e-001
 -4.8851052e-001
 -4.9005910e-001
 -4.9686280e-001
 -5.0535792e-001
 -5.1287126e-001
 -5.1832996e-001
 -5.2244206e-001
 -5.2730118e-001
 -5.3554974e-001
 -5.4937472e-001
 -5.6966151e-001
 -5.9557650e-001
 -6.2470568e-001
 -6.5369316e-001
 -6.7916235e-001
 -6.9861780e-001
 -7.1104408e-001
 -7.1703084e-001
 -7.1841845e-001
 -7.1761726e-001
 -7.1685125e-001
 -7.1758174e-001
 -7.2028214e-001
 -7.2459446e-001
 -7.2975743e-001
 -7.3510435e-001
 -7.4041977e-001
 -7.4601614e-001
 -7.5251366e-001
 -7.6043168e-001
 -7.6977674e-001
 -7.7981492e-001
 -7.8914173e-001
 -7.9604327e-001
 -7.9902260e-001
 -7.9729352e-001
 -7.9104637e-001
 -7.8136927e-001
 -7.6983280e-001
 -7.5787238e-001
 -7.4618293e-001
 -7.3434640e-001
 -7.2084080e-001
 -7.0345445e-001
 -6.7999415e-001
 -6.4907580e-001
 -6.1075339e-001
 -5.6678711e-001
 -5.2045777e-001
 -4.7596850e-001
 -4.3759402e-001
 -4.0880644e-001
 -3.9160552e-001
 -3.8621378e-001
 -3.9118495e-001
 -4.0385592e-001
 -4.2098305e-001
 -4.3937150e-001
 -4.5633690e-001
 -4.6991796e-001
 -4.7885370e-001
 -4.8241617e-001
 -4.8021935e-001
 -4.7210216e-001
 -4.5812195e-001
 -4.3862437e-001
 -4.1430915e-001
 -3.8620943e-001
 -3.5554530e-001
 -3.2348002e-001
 -2.9086969e-001
 -2.5812328e-001
 -2.2526575e-001
 -1.9222689e-001
 -1.5928727e-001
 -1.2753265e-001
 -9.9132714e-002
 -7.7285519e-002
 -6.5755519e-002
 -6.8056789e-002
 -8.6459145e-002
 -1.2108213e-001
 -1.6935872e-001
 -2.2608375e-001
 -2.8412207e-001
 -3.3567324e-001
 -3.7382250e-001
 -3.9400320e-001
 -3.9499038e-001
 -3.7914830e-001
 -3.5184174e-001
 -3.2014172e-001
 -2.9114505e-001
 -2.7032958e-001
 -2.6035182e-001
 -2.6056800e-001
 -2.6736374e-001
 -2.7516962e-001
 -2.7787967e-001
 -2.7031541e-001
 -2.4940042e-001
 -2.1481196e-001
 -1.6901920e-001
 -1.1676228e-001
 -6.4137383e-002
 -1.7511086e-002
  1.7510858e-002
  3.6879647e-002
  3.8556887e-002
  2.2599046e-002
 -9.0819228e-003
 -5.3187202e-002
 -1.0561251e-001
 -1.6203013e-001
 -2.1838341e-001
 -2.7124023e-001
 -3.1798814e-001
 -3.5688439e-001
 -3.8699482e-001
 -4.0806498e-001
 -4.2036652e-001
 -4.2455282e-001
 -4.2154489e-001
 -4.1245285e-001
 -3.9852508e-001
 -3.8110844e-001
 -3.6160044e-001
 -3.4137987e-001
 -3.2171247e-001
 -3.0364095e-001
 -2.8787895e-001
 -2.7473270e-001
 -2.6407157e-001
 -2.5535868e-001
 -2.4774063e-001
 -2.4018286e-001
 -2.3162922e-001
 -2.2116116e-001
 -2.0813326e-001
 -1.9226661e-001
 -1.7368727e-001
 -1.5290450e-001
 -1.3073142e-001
 -1.0816046e-001
 -8.6215699e-002
 -6.5811130e-002
 -4.7645643e-002
 -3.2158779e-002
 -1.9556578e-002
 -9.8971478e-003
 -3.2066185e-003
  4.1560177e-004
  7.4301759e-004
 -2.5533631e-003
 -9.7992223e-003
 -2.1154737e-002
 -3.6443214e-002
 -5.5026982e-002
 -7.5778779e-002
 -9.7172229e-002
 -1.1748087e-001
 -1.3504188e-001
 -1.4851957e-001
 -1.5710226e-001
 -1.6058584e-001
 -1.5933215e-001
 -1.5412797e-001
 -1.4599871e-001
 -1.3603827e-001
 -1.2530203e-001
 -1.1477747e-001
 -1.0541113e-001
 -9.8144349e-002
 -9.3906070e-002
 -9.3531532e-002
 -9.7612606e-002
 -1.0632539e-001
 -1.1930473e-001
 -1.3563202e-001
 -1.5396953e-001
 -1.7282274e-001
 -1.9086064e-001
 -2.0719430e-001
 -2.2152058e-001
 -2.3408035e-001
 -2.4544614e-001
 -2.5621728e-001
 -2.6673745e-001
 -2.7694363e-001
 -2.8640787e-001
 -2.9455958e-001
 -3.0100455e-001
 -3.0581434e-001
 -3.0966286e-001
 -3.1373715e-001
 -3.1942768e-001
 -3.2788391e-001
 -3.3957283e-001
 -3.5398478e-001
 -3.6958864e-001
 -3.8406239e-001
 -3.9474130e-001
 -3.9916120e-001
 -3.9554963e-001
 -3.8313847e-001
 -3.6222981e-001
 -3.3402233e-001
 -3.0027351e-001
 -2.6291328e-001
 -2.2372552e-001
 -1.8417716e-001
 -1.4541501e-001
 -1.0838846e-001
 -7.4014958e-002
 -4.3297549e-002
 -1.7332192e-002
  2.8064513e-003
  1.6259405e-002
  2.2585150e-002
  2.1898439e-002
  1.4910376e-002
  2.8831600e-003
 -1.2448375e-002
 -2.8929667e-002
 -4.3987258e-002
 -5.4609001e-002
 -5.7389619e-002
 -4.8745664e-002
 -2.5364865e-002
  1.5137354e-002
  7.3495448e-002
  1.4823349e-001
  2.3550768e-001
  3.2950733e-001
  4.2340219e-001
  5.1062721e-001
  5.8614376e-001
  6.4727676e-001
  6.9383188e-001
  7.2742340e-001
  7.5021883e-001
  7.6353120e-001
  7.6677509e-001
  7.5720443e-001
  7.3059223e-001
  6.8267973e-001
  6.1093271e-001
  5.1600210e-001
  4.0235352e-001
  2.7778714e-001
  1.5193263e-001
  3.4148023e-002
 -6.8542652e-002
 -1.5284224e-001
 -2.1948619e-001
 -2.7239281e-001
 -3.1695536e-001
 -3.5803431e-001
 -3.9827991e-001
 -4.3728365e-001
 -4.7177324e-001
 -4.9673221e-001
 -5.0705109e-001
 -4.9918476e-001
 -4.7232911e-001
 -4.2880889e-001
 -3.7361925e-001
 -3.1330230e-001
 -2.5449975e-001
 -2.0257166e-001
 -1.6061242e-001
 -1.2906337e-001
 -1.0596030e-001
 -8.7707231e-002
 -7.0164022e-002
 -4.9787511e-002
 -2.4574672e-002
  5.3877963e-003
  3.7873782e-002
  6.8968565e-002
  9.3916975e-002
  1.0818273e-001
  1.0848701e-001
  9.3596595e-002
  6.4684421e-002
  2.5178576e-002
 -1.9868965e-002
 -6.4751653e-002
 -1.0419373e-001
 -1.3430204e-001
 -1.5316843e-001
 -1.6099587e-001
 -1.5974374e-001
 -1.5241148e-001
 -1.4217080e-001
 -1.3158831e-001
 -1.2214330e-001
 -1.1414957e-001
 -1.0706536e-001
 -1.0005897e-001
 -9.2625496e-002
 -8.5043676e-002
 -7.8520586e-002
 -7.4975991e-002
 -7.6533392e-002
 -8.4875634e-002
 -1.0066307e-001
 -1.2319242e-001
 -1.5040338e-001
 -1.7924115e-001
 -2.0628509e-001
 -2.2848358e-001
 -2.4380986e-001
 -2.5167668e-001
 -2.5301082e-001
 -2.4997445e-001
 -2.4540639e-001
 -2.4212419e-001
 -2.4226002e-001
 -2.4679490e-001
 -2.5540633e-001
 -2.6666552e-001
 -2.7852886e-001
 -2.8898729e-001
 -2.9668833e-001
 -3.0134695e-001
 -3.0381607e-001
 -3.0578619e-001
 -3.0919795e-001
 -3.1554652e-001
 -3.2529929e-001
 -3.3761927e-001
 -3.5049203e-001
 -3.6122310e-001
 -3.6715023e-001
 -3.6634464e-001
 -3.5808327e-001
 -3.4295736e-001
 -3.2261068e-001
 -2.9922601e-001
 -2.7495581e-001
 -2.5149480e-001
 -2.2992269e-001
 -2.1083251e-001
 -1.9464871e-001
 -1.8197153e-001
 -1.7378166e-001
 -1.7140102e-001
 -1.7620421e-001
 -1.8917382e-001
 -2.1045514e-001
 -2.3907197e-001
 -2.7291444e-001
 -3.0902308e-001
 -3.4409933e-001
 -3.7510364e-001
 -3.9977784e-001
 -4.1695476e-001
 -4.2658558e-001
 -4.2950039e-001
 -4.2699632e-001
 -4.2039444e-001
 -4.1070910e-001
 -3.9853098e-001
 -3.8415005e-001
 -3.6786099e-001
 -3.5032666e-001
 -3.3284930e-001
 -3.1742231e-001
 -3.0650476e-001
 -3.0255355e-001
 -3.0743506e-001
 -3.2188925e-001
 -3.4521443e-001
 -3.7528073e-001
 -4.0888275e-001
 -4.4233917e-001
 -4.7217445e-001
 -4.9569939e-001
 -5.1134844e-001
 -5.1871722e-001
 -5.1834150e-001
 -5.1133535e-001
 -4.9903431e-001
 -4.8276234e-001
 -4.6377222e-001
 -4.4332629e-001
 -4.2282156e-001
 -4.0384519e-001
 -3.8807956e-001
 -3.7704844e-001
 -3.7177603e-001
 -3.7248694e-001
 -3.7848053e-001
 -3.8826234e-001
 -3.9992426e-001
 -4.1166621e-001
 -4.2228444e-001
 -4.3144329e-001
 -4.3960719e-001
 -4.4762184e-001
 -4.5606106e-001
 -4.6455603e-001
 -4.7135878e-001
 -4.7334458e-001
 -4.6653758e-001
 -4.4708251e-001
 -4.1243020e-001
 -3.6240495e-001
 -2.9981296e-001
 -2.3034501e-001
 -1.6170456e-001
 -1.0211071e-001
 -5.8521741e-002
 -3.5037571e-002
 -3.1926138e-002
 -4.5571770e-002
 -6.9396729e-002
 -9.5530595e-002
 -1.1678099e-001
 -1.2836683e-001
 -1.2894603e-001
 -1.2068390e-001
 -1.0839690e-001
 -9.8073392e-002
 -9.5230745e-002
 -1.0356942e-001
 -1.2424059e-001
 -1.5581657e-001
 -1.9483166e-001
 -2.3662389e-001
 -2.7619255e-001
 -3.0887910e-001
 -3.3082040e-001
 -3.3924267e-001
 -3.3270646e-001
 -3.1136500e-001
 -2.7719528e-001
 -2.3406322e-001
 -1.8745518e-001
 -1.4377622e-001
 -1.0926512e-001
 -8.8748237e-002
 -8.4571818e-002
 -9.6056507e-002
 -1.1968966e-001
 -1.5004927e-001
 -1.8121449e-001
 -2.0825065e-001
 -2.2832580e-001
 -2.4113486e-001
 -2.4853570e-001
 -2.5355739e-001
 -2.5913571e-001
 -2.6699956e-001
 -2.7705757e-001
 -2.8744984e-001
 -2.9520569e-001
 -2.9726136e-001
 -2.9150055e-001
 -2.7750376e-001
 -2.5680962e-001
 -2.3265198e-001
 -2.0928460e-001
 -1.9109828e-001
 -1.8175592e-001
 -1.8352996e-001
 -1.9694986e-001
 -2.2078494e-001
 -2.5232198e-001
 -2.8785581e-001
 -3.2329313e-001
 -3.5476788e-001
 -3.7917424e-001
 -3.9453944e-001
 -4.0018371e-001
 -3.9664962e-001
 -3.8542560e-001
 -3.6853004e-001
 -3.4805294e-001
 -3.2576075e-001
 -3.0285235e-001
 -2.7991174e-001
 -2.5704817e-001
 -2.3416134e-001
 -2.1123586e-001
 -1.8856390e-001
 -1.6682227e-001
 -1.4697910e-001
 -1.3006254e-001
 -1.1686931e-001
 -1.0771116e-001
 -1.0228541e-001
 -9.9715537e-002
 -9.8753301e-002
 -9.8081874e-002
 -9.6627589e-002
 -9.3785834e-002
 -8.9495167e-002
 -8.4143292e-002
 -7.8343035e-002
 -7.2658028e-002
 -6.7372895e-002
 -6.2386482e-002
 -5.7264567e-002
 -5.1434461e-002
 -4.4455958e-002
 -3.6276793e-002
 -2.7384519e-002
 -1.8798781e-002
 -1.1897369e-002
 -8.1201100e-003
 -8.6307134e-003
 -1.4027789e-002
 -2.4180409e-002
 -3.8227245e-002
 -5.4733542e-002
 -7.1960511e-002
 -8.8177770e-002
 -1.0194620e-001
 -1.1231437e-001
 -1.1889964e-001
 -1.2185584e-001
 -1.2175438e-001
 -1.1941904e-001
 -1.1575602e-001
 -1.1161246e-001
 -1.0768361e-001
 -1.0447594e-001
 -1.0232242e-001
 -1.0143761e-001
 -1.0199275e-001
 -1.0418431e-001
 -1.0826579e-001
 -1.1451612e-001
 -1.2313243e-001
 -1.3406022e-001
 -1.4680480e-001
 -1.6029173e-001
 -1.7284934e-001
 -1.8236365e-001
 -1.8660754e-001
 -1.8368512e-001
 -1.7248037e-001
 -1.5297830e-001
 -1.2634999e-001
 -9.4756295e-002
 -6.0909946e-002
 -2.7512447e-002
  3.2775968e-003
  3.0199336e-002
  5.2981761e-002
  7.2171956e-002
  8.8777484e-002
  1.0384574e-001
  1.1810111e-001
  1.3171884e-001
  1.4425618e-001
  1.5471349e-001
  1.6168010e-001
  1.6353188e-001
  1.5867403e-001
  1.4583829e-001
  1.2443079e-001
  9.4884302e-002
  5.8917002e-002
  1.9570880e-002
 -1.9074526e-002
 -5.2536636e-002
 -7.6816893e-002
 -8.9331214e-002
 -8.9616095e-002
 -7.9572438e-002
 -6.3127755e-002
 -4.5369441e-002
 -3.1368001e-002
 -2.5009576e-002
 -2.8154750e-002
 -4.0336436e-002
 -5.9041455e-002
 -8.0448212e-002
 -1.0037474e-001
 -1.1516236e-001
 -1.2228094e-001
 -1.2056046e-001
 -1.1008272e-001
 -9.1860216e-002
 -6.7460662e-002
 -3.8705485e-002
 -7.5017172e-003
  2.4207738e-002
  5.4441236e-002
  8.1201219e-002
  1.0257816e-001
  1.1694824e-001
  1.2323392e-001
  1.2116675e-001
  1.1148107e-001
  9.5974048e-002
  7.7386538e-002
  5.9087293e-002
  4.4579495e-002
  3.6892143e-002
  3.7963962e-002
  4.8161180e-002
  6.6074783e-002
  8.8702538e-002
  1.1203329e-001
  1.3193256e-001
  1.4511468e-001
  1.4992209e-001
  1.4665205e-001
  1.3728616e-001
  1.2466169e-001
  1.1132052e-001
  9.8408754e-002
  8.5020711e-002
  6.8263035e-002
  4.4087442e-002
  8.6758319e-003
 -4.0048277e-002
 -1.0128462e-001
 -1.7100833e-001
 -2.4258387e-001
 -3.0820928e-001
 -3.6078627e-001
 -3.9566381e-001
 -4.1173276e-001
 -4.1154706e-001
 -4.0044875e-001
 -3.8497974e-001
 -3.7107296e-001
 -3.6256367e-001
 -3.6043943e-001
 -3.6299933e-001
 -3.6680737e-001
 -3.6809377e-001
 -3.6415055e-001
 -3.5430712e-001
 -3.4023262e-001
 -3.2553025e-001
 -3.1479358e-001
 -3.1242503e-001
 -3.2154592e-001
 -3.4326287e-001
 -3.7643131e-001
 -4.1791897e-001
 -4.6325881e-001
 -5.0751444e-001
 -5.4616424e-001
 -5.7583376e-001
 -5.9475158e-001
 -6.0286159e-001
 -6.0158453e-001
 -5.9328295e-001
 -5.8054183e-001
 -5.6542306e-001
 -5.4887402e-001
 -5.3045215e-001
 -5.0846406e-001
 -4.8051385e-001
 -4.4433689e-001
 -3.9869588e-001
 -3.4407333e-001
 -2.8293063e-001
 -2.1941821e-001
 -1.5858312e-001
 -1.0528038e-001
 -6.3098064e-002
 -3.3613011e-002
 -1.6197455e-002
 -8.4244694e-003
 -6.9286048e-003
 -8.4332192e-003
 -1.0608526e-002
 -1.2491686e-002
 -1.4359143e-002
 -1.7135877e-002
 -2.1587356e-002
 -2.7611173e-002
 -3.3902180e-002
 -3.8124743e-002
 -3.7539927e-002
 -2.9871429e-002
 -1.4109594e-002
  9.0238411e-003
  3.7107971e-002
  6.6538687e-002
  9.3354902e-002
  1.1410761e-001
  1.2650671e-001
  1.2967385e-001
  1.2397624e-001
  1.1056194e-001
  9.0808919e-002
  6.5907889e-002
  3.6723313e-002
  3.9500105e-003
 -3.1545072e-002
 -6.8385388e-002
 -1.0454048e-001
 -1.3748386e-001
 -1.6463471e-001
 -1.8394031e-001
 -1.9438571e-001
 -1.9622997e-001
 -1.9086312e-001
 -1.8031917e-001
 -1.6661317e-001
 -1.5114230e-001
 -1.3437119e-001
 -1.1591605e-001
 -9.4989503e-002
 -7.1027265e-002
 -4.4242936e-002
 -1.5879609e-002
  1.1961388e-002
  3.6873763e-002
  5.6891655e-002
  7.1155633e-002
  8.0245014e-002
  8.6033283e-002
  9.1089244e-002
  9.7808503e-002
  1.0756079e-001
  1.2014334e-001
  1.3373723e-001
  1.4540343e-001
  1.5198173e-001
  1.5112403e-001
  1.4214468e-001
  1.2641835e-001
  1.0718317e-001
  8.8775426e-002
  7.5483467e-002
  7.0319528e-002
  7.4040862e-002
  8.4699564e-002
  9.7876290e-002
  1.0758553e-001
  1.0766733e-001
  9.3343237e-002
  6.2548914e-002
  1.6685527e-002
 -3.9441124e-002
 -9.8524881e-002
 -1.5231341e-001
 -1.9343262e-001
 -2.1701316e-001
 -2.2169438e-001
 -2.0975217e-001
 -1.8634645e-001
 -1.5813409e-001
 -1.3166242e-001
 -1.1199147e-001
 -1.0188234e-001
 -1.0167933e-001
 -1.0978311e-001
 -1.2344553e-001
 -1.3956796e-001
 -1.5526114e-001
 -1.6808126e-001
 -1.7602201e-001
 -1.7744297e-001
 -1.7111364e-001
 -1.5645443e-001
 -1.3391399e-001
 -1.0530341e-001
 -7.3872317e-002
 -4.3979162e-002
 -2.0354585e-002
 -7.1206476e-003
 -6.8411414e-003
 -1.9889251e-002
 -4.4322099e-002
 -7.6285007e-002
 -1.1079822e-001
 -1.4267186e-001
 -1.6728924e-001
 -1.8108978e-001
 -1.8172499e-001
 -1.6799166e-001
 -1.3970907e-001
 -9.7681084e-002
 -4.3785990e-002
  1.8880748e-002
  8.5965873e-002
  1.5207582e-001
  2.1132537e-001
  2.5815739e-001
  2.8824735e-001
  2.9924308e-001
  2.9111987e-001
  2.6604519e-001
  2.2780235e-001
  1.8095783e-001
  1.3002187e-001
  7.8825216e-002
  3.0232326e-002
 -1.3820261e-002
 -5.2079131e-002
 -8.3684092e-002
 -1.0796410e-001
 -1.2437022e-001
 -1.3251187e-001
 -1.3221518e-001
 -1.2353369e-001
 -1.0670036e-001
 -8.2080431e-002
 -5.0220530e-002
 -1.2061446e-002
  3.0706545e-002
  7.5279255e-002
  1.1757583e-001
  1.5247985e-001
  1.7457402e-001
  1.7927130e-001
  1.6405429e-001
  1.2942383e-001
  7.9187948e-002
  1.9902322e-002
 -4.0450828e-002
 -9.4188569e-002
 -1.3554270e-001
 -1.6167406e-001
 -1.7280073e-001
 -1.7146932e-001
 -1.6129961e-001
 -1.4570292e-001
 -1.2704677e-001
 -1.0652407e-001
 -8.4675822e-002
 -6.2238199e-002
 -4.0854635e-002
 -2.3262936e-002
 -1.2806066e-002
 -1.2421913e-002
 -2.3512599e-002
 -4.5174226e-002
 -7.4148154e-002
 -1.0558185e-001
 -1.3437023e-001
 -1.5661434e-001
 -1.7067632e-001
 -1.7745222e-001
 -1.7977258e-001
 -1.8116444e-001
 -1.8444508e-001
 -1.9067796e-001
 -1.9888290e-001
 -2.0660706e-001
 -2.1113588e-001
 -2.1087391e-001
 -2.0634582e-001
 -2.0038900e-001
 -1.9739075e-001
 -2.0176857e-001
 -2.1618198e-001
 -2.4009546e-001
 -2.6923636e-001
 -2.9622638e-001
 -3.1229472e-001
 -3.0962243e-001
 -2.8363788e-001
 -2.3455871e-001
 -1.6766878e-001
 -9.2175476e-002
 -1.8907626e-002
  4.2533695e-002
  8.6373978e-002
  1.1225369e-001
  1.2530033e-001
  1.3458407e-001
  1.5030872e-001
  1.8046736e-001
  2.2789004e-001
  2.8856646e-001
  3.5183510e-001
  4.0255198e-001
  4.2480403e-001
  4.0625884e-001
  3.4198669e-001
  2.3664387e-001
  1.0428431e-001
 -3.4312905e-002
 -1.5621152e-001
 -2.4161662e-001
 -2.7847295e-001
 -2.6508234e-001
 -2.1000506e-001
 -1.2930112e-001
 -4.1961638e-002
  3.5079981e-002
  9.0866655e-002
  1.2215724e-001
  1.3261900e-001
  1.2995506e-001
  1.2211644e-001
  1.1400210e-001
  1.0580682e-001
  9.3528193e-002
  7.1328501e-002
  3.4761172e-002
 -1.6439387e-002
 -7.7132305e-002
 -1.3764799e-001
 -1.8652181e-001
 -2.1414118e-001
 -2.1601123e-001
 -1.9446065e-001
 -1.5814900e-001
 -1.1950191e-001
 -9.0915145e-002
 -8.0980231e-002
 -9.1953508e-002
 -1.1924224e-001
 -1.5298631e-001
 -1.8112570e-001
 -1.9290081e-001
 -1.8167376e-001
 -1.4627814e-001
 -9.0663574e-002
 -2.2185151e-002
  5.0709740e-002
  1.2054812e-001
  1.8201821e-001
  2.3206286e-001
  2.6911865e-001
  2.9205408e-001
  2.9942733e-001
  2.8949271e-001
  2.6101874e-001
  2.1458693e-001
  1.5377192e-001
  8.5569378e-002
  1.9660896e-002
 -3.3485126e-002
 -6.5222649e-002
 -7.1259521e-002
 -5.3244092e-002
 -1.8765467e-002
  2.0397877e-002
  5.1369133e-002
  6.3711283e-002
  5.2313474e-002
  1.8687282e-002
 -2.9772715e-002
 -8.2341439e-002
 -1.2849228e-001
 -1.6122711e-001
 -1.7909775e-001
 -1.8626416e-001
 -1.9062077e-001
 -2.0069261e-001
 -2.2241640e-001
 -2.5693120e-001
 -3.0011326e-001
 -3.4395226e-001
 -3.7921881e-001
 -3.9845174e-001
 -3.9823649e-001
 -3.8005551e-001
 -3.4953127e-001
 -3.1444523e-001
 -2.8229828e-001
 -2.5825982e-001
 -2.4413239e-001
 -2.3854275e-001
 -2.3812647e-001
 -2.3916039e-001
 -2.3901106e-001
 -2.3691389e-001
 -2.3389712e-001
 -2.3199508e-001
 -2.3313575e-001
 -2.3816343e-001
 -2.4635969e-001
 -2.5560747e-001
 -2.6309360e-001
 -2.6625436e-001
 -2.6359968e-001
 -2.5511724e-001
 -2.4212438e-001
 -2.2663961e-001
 -2.1051295e-001
 -1.9463288e-001
 -1.7849611e-001
 -1.6030248e-001
 -1.3756486e-001
 -1.0806082e-001
 -7.0845458e-002
 -2.7022873e-002
  1.9963576e-002
  6.4635412e-002
  1.0033879e-001
  1.2048278e-001
  1.1988746e-001
  9.5946694e-002
  4.9349494e-002
 -1.5803919e-002
 -9.2534097e-002
 -1.7207914e-001
 -2.4536494e-001
 -3.0458300e-001
 -3.4457914e-001
 -3.6377511e-001
 -3.6441677e-001
 -3.5206221e-001
 -3.3437959e-001
 -3.1948823e-001
 -3.1420875e-001
 -3.2264364e-001
 -3.4545587e-001
 -3.8004442e-001
 -4.2156634e-001
 -4.6449486e-001
 -5.0421988e-001
 -5.3816586e-001
 -5.6605188e-001
 -5.8921507e-001
 -6.0926621e-001
 -6.2661891e-001
 -6.3952072e-001
 -6.4406582e-001
 -6.3532275e-001
 -6.0928250e-001
 -5.6497949e-001
 -5.0599623e-001
 -4.4069799e-001
 -3.8091975e-001
 -3.3932388e-001
 -3.2609636e-001
 -3.4590291e-001
 -3.9600348e-001
 -4.6613311e-001
 -5.4029063e-001
 -6.0007220e-001
 -6.2878030e-001
 -6.1533201e-001
 -5.5702474e-001
 -4.6047592e-001
 -3.4047145e-001
 -2.1694148e-001
 -1.1072452e-001
 -3.9081453e-002
 -1.2004337e-002
 -3.0197069e-002
 -8.5213816e-002
 -1.6171240e-001
 -2.4124752e-001
 -3.0663763e-001
 -3.4580324e-001
 -3.5413677e-001
 -3.3488146e-001
 -2.9754595e-001
 -2.5490367e-001
 -2.1946977e-001
 -2.0042437e-001
 -2.0175081e-001
 -2.2195713e-001
 -2.5527783e-001
 -2.9385118e-001
 -3.3014557e-001
 -3.5891475e-001
 -3.7817628e-001
 -3.8904979e-001
 -3.9465193e-001
 -3.9851438e-001
 -4.0309704e-001
 -4.0888773e-001
 -4.1434998e-001
 -4.1668002e-001
 -4.1306202e-001
 -4.0195384e-001
 -3.8393993e-001
 -3.6184893e-001
 -3.4009167e-001
 -3.2344211e-001
 -3.1566750e-001
 -3.1845419e-001
 -3.3096252e-001
 -3.5012203e-001
 -3.7152879e-001
 -3.9061907e-001
 -4.0373064e-001
 -4.0874075e-001
 -4.0515108e-001
 -3.9370076e-001
 -3.7574891e-001
 -3.5271919e-001
 -3.2582934e-001
 -2.9617345e-001
 -2.6505179e-001
 -2.3432518e-001
 -2.0655543e-001
 -1.8478496e-001
 -1.7196805e-001
 -1.7022667e-001
 -1.8019833e-001
 -2.0073245e-001
 -2.2907662e-001
 -2.6151936e-001
 -2.9428795e-001
 -3.2440460e-001
 -3.5021898e-001
 -3.7145572e-001
 -3.8879704e-001
 -4.0319476e-001
 -4.1520645e-001
 -4.2463750e-001
 -4.3064798e-001
 -4.3229407e-001
 -4.2928916e-001
 -4.2265911e-001
 -4.1497475e-001
 -4.0997568e-001
 -4.1161109e-001
 -4.2274647e-001
 -4.4394111e-001
 -4.7273373e-001
 -5.0376173e-001
 -5.2980915e-001
 -5.4359241e-001
 -5.3983690e-001
 -5.1705309e-001
 -4.7844337e-001
 -4.3157199e-001
 -3.8676604e-001
 -3.5459777e-001
 -3.4311170e-001
 -3.5559777e-001
 -3.8961032e-001
 -4.3759944e-001
 -4.8904146e-001
 -5.3347525e-001
 -5.6352843e-001
 -5.7697626e-001
 -5.7714788e-001
 -5.7150998e-001
 -5.6885359e-001
 -5.7598787e-001
 -5.9503668e-001
 -6.2226408e-001
 -6.4887021e-001
 -6.6355589e-001
 -6.5606578e-001
 -6.2058456e-001
 -5.5789205e-001
 -4.7557231e-001
 -3.8619061e-001
 -3.0399551e-001
 -2.4116236e-001
 -2.0472158e-001
 -1.9507676e-001
 -2.0649863e-001
 -2.2935683e-001
 -2.5332446e-001
 -2.7052599e-001
 -2.7767070e-001
 -2.7658368e-001
 -2.7308349e-001
 -2.7467923e-001
 -2.8790419e-001
 -3.1616472e-001
 -3.5875596e-001
 -4.1126728e-001
 -4.6711890e-001
 -5.1960220e-001
 -5.6366012e-001
 -5.9678518e-001
 -6.1877763e-001
 -6.3056324e-001
 -6.3265339e-001
 -6.2399218e-001
 -6.0180575e-001
 -5.6268109e-001
 -5.0458752e-001
 -4.2910516e-001
 -3.4292066e-001
 -2.5779470e-001
 -1.8867684e-001
 -1.5029435e-001
 -1.5314442e-001
 -2.0014675e-001
 -2.8512116e-001
 -3.9374544e-001
 -5.0687679e-001
 -6.0534333e-001
 -6.7480254e-001
 -7.0920537e-001
 -7.1182751e-001
 -6.9359504e-001
 -6.6928240e-001
 -6.5281176e-001
 -6.5312367e-001
 -6.7185192e-001
 -7.0341578e-001
 -7.3735752e-001
 -7.6206236e-001
 -7.6861708e-001
 -7.5359422e-001
 -7.1995619e-001
 -6.7590650e-001
 -6.3216259e-001
 -5.9858643e-001
 -5.8125400e-001
 -5.8084929e-001
 -5.9280977e-001
 -6.0908317e-001
 -6.2085779e-001
 -6.2135084e-001
 -6.0775920e-001
 -5.8178213e-001
 -5.4861172e-001
 -5.1479910e-001
 -4.8577554e-001
 -4.6391610e-001
 -4.4784177e-001
 -4.3322285e-001
 -4.1481436e-001
 -3.8900270e-001
 -3.5592959e-001
 -3.2036716e-001
 -2.9092077e-001
 -2.7770570e-001
 -2.8918819e-001
 -3.2921063e-001
 -3.9521408e-001
 -4.7831840e-001
 -5.6533153e-001
 -6.4212904e-001
 -6.9738455e-001
 -7.2550064e-001
 -7.2783706e-001
 -7.1187930e-001
 -6.8865422e-001
 -6.6925784e-001
 -6.6162432e-001
 -6.6854747e-001
 -6.8751082e-001
 -7.1224846e-001
 -7.3537106e-001
 -7.5105367e-001
 -7.5681098e-001
 -7.5376814e-001
 -7.4542795e-001
 -7.3552122e-001
 -7.2588783e-001
 -7.1533347e-001
 -7.0003464e-001
 -6.7545167e-001
 -6.3908096e-001
 -5.9296899e-001
 -5.4488983e-001
 -5.0748325e-001
 -4.9534153e-001
 -5.2078411e-001
 -5.8960250e-001
 -6.9818773e-001
 -8.3310268e-001
 -9.7343212e-001
 -1.0953711e+000
 -1.1777884e+000
 -1.2071731e+000
 -1.1805521e+000
 -1.1055947e+000
 -9.9798715e-001
 -8.7697614e-001
 -7.6048427e-001
 -6.6123244e-001
 -5.8488501e-001
 -5.3051755e-001
 -4.9295086e-001
 -4.6594949e-001
 -4.4511247e-001
 -4.2951541e-001
 -4.2168367e-001
 -4.2608716e-001
 -4.4683225e-001
 -4.8543800e-001
 -5.3947793e-001
 -6.0251934e-001
 -6.6534310e-001
 -7.1803855e-001
 -7.5235249e-001
 -7.6366575e-001
 -7.5213251e-001
 -7.2276352e-001
 -6.8447705e-001
 -6.4832803e-001
 -6.2524389e-001
 -6.2366365e-001
 -6.4751147e-001
 -6.9493473e-001
 -7.5817060e-001
 -8.2473892e-001
 -8.7988408e-001
 -9.0984574e-001
 -9.0522643e-001
 -8.6356696e-001
 -7.9033786e-001
 -6.9792984e-001
 -6.0279322e-001
 -5.2146105e-001
 -4.6658345e-001
 -4.4414126e-001
 -4.5265252e-001
 -4.8454034e-001
 -5.2911749e-001
 -5.7611842e-001
 -6.1856868e-001
 -6.5407650e-001
 -6.8424806e-001
 -7.1263222e-001
 -7.4212318e-001
 -7.7290005e-001
 -8.0171502e-001
 -8.2277546e-001
 -8.2982920e-001
 -8.1860460e-001
 -7.8864517e-001
 -7.4383906e-001
 -6.9145831e-001
 -6.4008240e-001
 -5.9717073e-001
 -5.6713515e-001
 -5.5053239e-001
 -5.4455674e-001
 -5.4454112e-001
 -5.4584550e-001
 -5.4543347e-001
 -5.4261728e-001
 -5.3880171e-001
 -5.3643607e-001
 -5.3765201e-001
 -5.4313602e-001
 -5.5165302e-001
 -5.6036652e-001
 -5.6580163e-001
 -5.6507760e-001
 -5.5696485e-001
 -5.4240851e-001
 -5.2435945e-001
 -5.0698770e-001
 -4.9454082e-001
 -4.9019777e-001
 -4.9524107e-001
 -5.0875043e-001
 -5.2785779e-001
 -5.4844966e-001
 -5.6610096e-001
 -5.7699389e-001
 -5.7861157e-001
 -5.7007813e-001
 -5.5211419e-001
 -5.2666344e-001
 -4.9630491e-001
 -4.6359143e-001
 -4.3045177e-001
 -3.9777001e-001
 -3.6521944e-001
 -3.3138438e-001
 -2.9415655e-001
 -2.5134521e-001
 -2.0139923e-001
 -1.4410998e-001
 -8.1154847e-002
 -1.6354467e-002
  4.4447484e-002
  9.3919805e-002
  1.2416857e-001
  1.2795672e-001
  1.0005714e-001
  3.8520614e-002
 -5.4395339e-002
 -1.7188718e-001
 -3.0304515e-001
 -4.3413540e-001
 -5.5060603e-001
 -6.3949749e-001
 -6.9177469e-001
 -7.0403509e-001
 -6.7912842e-001
 -6.2545232e-001
 -5.5501744e-001
 -4.8071442e-001
 -4.1345806e-001
 -3.5994559e-001
 -3.2161294e-001
 -2.9504298e-001
 -2.7366770e-001
 -2.5023926e-001
 -2.1933467e-001
 -1.7917015e-001
 -1.3222486e-001
 -8.4538107e-002
 -4.3934251e-002
 -1.7728816e-002
 -1.0595081e-002
 -2.3194628e-002
 -5.1932614e-002
 -8.9868117e-002
 -1.2849097e-001
 -1.5985707e-001
 -1.7850691e-001
 -1.8268339e-001
 -1.7457664e-001
 -1.5958992e-001
 -1.4486712e-001
 -1.3748870e-001
 -1.4279529e-001
 -1.6323388e-001
 -1.9796617e-001
 -2.4327688e-001
 -2.9362206e-001
 -3.4301134e-001
 -3.8635639e-001
 -4.2045259e-001
 -4.4437921e-001
 -4.5927190e-001
 -4.6759214e-001
 -4.7214503e-001
 -4.7514633e-001
 -4.7760176e-001
 -4.7915288e-001
 -4.7839934e-001
 -4.7356916e-001
 -4.6331492e-001
 -4.4738585e-001
 -4.2696787e-001
 -4.0458014e-001
 -3.8354236e-001
 -3.6714856e-001
 -3.5776985e-001
 -3.5613813e-001
 -3.6102443e-001
 -3.6942670e-001
 -3.7724470e-001
 -3.8028161e-001
 -3.7531130e-001
 -3.6092134e-001
 -3.3789856e-001
 -3.0905315e-001
 -2.7854254e-001
 -2.5090306e-001
 -2.3007558e-001
 -2.1869378e-001
 -2.1779540e-001
 -2.2696076e-001
 -2.4473822e-001
 -2.6913986e-001
 -2.9800959e-001
 -3.2916782e-001
 -3.6037292e-001
 -3.8924564e-001
 -4.1332777e-001
 -4.3037660e-001
 -4.3886179e-001
 -4.3849576e-001
 -4.3055998e-001
 -4.1782936e-001
 -4.0403732e-001
 -3.9300995e-001
 -3.8774683e-001
 -3.8976779e-001
 -3.9895353e-001
 -4.1391489e-001
 -4.3271206e-001
 -4.5360317e-001
 -4.7549683e-001
 -4.9792153e-001
 -5.2054824e-001
 -5.4251543e-001
 -5.6191262e-001
 -5.7573070e-001
 -5.8040089e-001
 -5.7279675e-001
 -5.5136755e-001
 -5.1699093e-001
 -4.7321015e-001
 -4.2572164e-001
 -3.8122523e-001
 -3.4595012e-001
 -3.2426067e-001
 -3.1770876e-001
 -3.2476036e-001
 -3.4123850e-001
 -3.6134922e-001
 -3.7903340e-001
 -3.8933159e-001
 -3.8946031e-001
 -3.7936350e-001
 -3.6160915e-001
 -3.4063430e-001
 -3.2148580e-001
 -3.0833671e-001
 -3.0314726e-001
 -3.0485075e-001
 -3.0935579e-001
 -3.1046565e-001
 -3.0156027e-001
 -2.7763329e-001
 -2.3711092e-001
 -1.8287200e-001
 -1.2207012e-001
 -6.4693241e-002
 -2.1191008e-002
  1.7671775e-004
 -4.5158866e-003
 -3.3886320e-002
 -8.1746810e-002
 -1.3891559e-001
 -1.9573468e-001
 -2.4446350e-001
 -2.8078464e-001
 -3.0400400e-001
 -3.1602631e-001
 -3.1964682e-001
 -3.1693770e-001
 -3.0842474e-001
 -2.9337654e-001
 -2.7101642e-001
 -2.4203305e-001
 -2.0959641e-001
 -1.7926449e-001
 -1.5762892e-001
 -1.5010763e-001
 -1.5871532e-001
 -1.8074254e-001
 -2.0899250e-001
 -2.3366011e-001
 -2.4530315e-001
 -2.3790314e-001
 -2.1092547e-001
 -1.6961153e-001
 -1.2335378e-001
 -8.2689283e-002
 -5.5940794e-002
 -4.6653130e-002
 -5.2674822e-002
 -6.7138048e-002
 -8.0920357e-002
 -8.5678099e-002
 -7.6397626e-002
 -5.2651321e-002
 -1.8260050e-002
  2.0356308e-002
  5.6432256e-002
  8.4878235e-002
  1.0342502e-001
  1.1265017e-001
  1.1508744e-001
  1.1392547e-001
  1.1186817e-001
  1.1056030e-001
  1.1067477e-001
  1.1245575e-001
  1.1633993e-001
  1.2329424e-001
  1.3468522e-001
  1.5174095e-001
  1.7486647e-001
  2.0314546e-001
  2.3428074e-001
  2.6503906e-001
  2.9205645e-001
  3.1271774e-001
  3.2580170e-001
  3.3168231e-001
  3.3204888e-001
  3.2928097e-001
  3.2572022e-001
  3.2308811e-001
