 -4.2063191e-001
 -4.2131863e-001
 -4.2167048e-001
 -4.2197280e-001
 -4.2285379e-001
 -4.2519920e-001
 -4.2994418e-001
 -4.3779420e-001
 -4.4896142e-001
 -4.6300920e-001
 -4.7887217e-001
 -4.9506686e-001
 -5.1004577e-001
 -5.2259542e-001
 -5.3215648e-001
 -5.3896051e-001
 -5.4393133e-001
 -5.4837278e-001
 -5.5353509e-001
 -5.6019521e-001
 -5.6838580e-001
 -5.7736227e-001
 -5.8582127e-001
 -5.9230202e-001
 -5.9564229e-001
 -5.9534366e-001
 -5.9173159e-001
 -5.8586521e-001
 -5.7923393e-001
 -5.7334726e-001
 -5.6935480e-001
 -5.6781787e-001
 -5.6869701e-001
 -5.7154284e-001
 -5.7580715e-001
 -5.8115138e-001
 -5.8763445e-001
 -5.9570802e-001
 -6.0601879e-001
 -6.1908904e-001
 -6.3499273e-001
 -6.5314967e-001
 -6.7232195e-001
 -6.9082847e-001
 -7.0691804e-001
 -7.1918504e-001
 -7.2689412e-001
 -7.3010712e-001
 -7.2956901e-001
 -7.2638810e-001
 -7.2161308e-001
 -7.1584393e-001
 -7.0900297e-001
 -7.0034142e-001
 -6.8868194e-001
 -6.7282372e-001
 -6.5198680e-001
 -6.2616135e-001
 -5.9625776e-001
 -5.6401332e-001
 -5.3168241e-001
 -5.0159745e-001
 -4.7572018e-001
 -4.5530029e-001
 -4.4072139e-001
 -4.3155714e-001
 -4.2679900e-001
 -4.2517040e-001
 -4.2542389e-001
 -4.2653283e-001
 -4.2773300e-001
 -4.2842705e-001
 -4.2801788e-001
 -4.2576534e-001
 -4.2075456e-001
 -4.1202213e-001
 -3.9882179e-001
 -3.8094737e-001
 -3.5899061e-001
 -3.3441460e-001
 -3.0937293e-001
 -2.8628756e-001
 -2.6728701e-001
 -2.5366936e-001
 -2.4556516e-001
 -2.4192498e-001
 -2.4085865e-001
 -2.4023814e-001
 -2.3838491e-001
 -2.3462724e-001
 -2.2954863e-001
 -2.2484502e-001
 -2.2283261e-001
 -2.2575972e-001
 -2.3513578e-001
 -2.5128129e-001
 -2.7322881e-001
 -2.9899297e-001
 -3.2611627e-001
 -3.5232038e-001
 -3.7607210e-001
 -3.9691080e-001
 -4.1546317e-001
 -4.3316521e-001
 -4.5179167e-001
 -4.7293852e-001
 -4.9760499e-001
 -5.2598238e-001
 -5.5749039e-001
 -5.9102838e-001
 -6.2534785e-001
 -6.5941977e-001
 -6.9267555e-001
 -7.2504146e-001
 -7.5675470e-001
 -7.8802548e-001
 -8.1867091e-001
 -8.4787193e-001
 -8.7418003e-001
 -8.9582709e-001
 -9.1128681e-001
 -9.1993059e-001
 -9.2255190e-001
 -9.2153182e-001
 -9.2049755e-001
 -9.2347156e-001
 -9.3368354e-001
 -9.5236494e-001
 -9.7791180e-001
 -1.0057501e+000
 -1.0290685e+000
 -1.0403344e+000
 -1.0332517e+000
 -1.0046347e+000
 -9.5563413e-001
 -8.9188484e-001
 -8.2242882e-001
 -7.5762236e-001
 -7.0655879e-001
 -6.7471730e-001
 -6.6251926e-001
 -6.6523263e-001
 -6.7427952e-001
 -6.7959009e-001
 -6.7233912e-001
 -6.4729747e-001
 -6.0416124e-001
 -5.4754085e-001
 -4.8569174e-001
 -4.2841824e-001
 -3.8477543e-001
 -3.6118173e-001
 -3.6036366e-001
 -3.8126396e-001
 -4.1976151e-001
 -4.6986514e-001
 -5.2499537e-001
 -5.7904623e-001
 -6.2706895e-001
 -6.6557098e-001
 -6.9252433e-001
 -7.0720555e-001
 -7.0996160e-001
 -7.0194693e-001
 -6.8484341e-001
 -6.6057259e-001
 -6.3103277e-001
 -5.9791486e-001
 -5.6264664e-001
 -5.2647469e-001
 -4.9063071e-001
 -4.5647613e-001
 -4.2550889e-001
 -3.9916536e-001
 -3.7844526e-001
 -3.6349065e-001
 -3.5331155e-001
 -3.4583482e-001
 -3.3835476e-001
 -3.2831312e-001
 -3.1419219e-001
 -2.9622570e-001
 -2.7665706e-001
 -2.5940253e-001
 -2.4916589e-001
 -2.5023662e-001
 -2.6531804e-001
 -2.9473533e-001
 -3.3626141e-001
 -3.8561094e-001
 -4.3744969e-001
 -4.8661541e-001
 -5.2919466e-001
 -5.6316085e-001
 -5.8843040e-001
 -6.0638424e-001
 -6.1906936e-001
 -6.2838547e-001
 -6.3554641e-001
 -6.4099111e-001
 -6.4474329e-001
 -6.4704264e-001
 -6.4895580e-001
 -6.5266608e-001
 -6.6124691e-001
 -6.7791352e-001
 -7.0495751e-001
 -7.4272357e-001
 -7.8902270e-001
 -8.3926764e-001
 -8.8738841e-001
 -9.2731043e-001
 -9.5455265e-001
 -9.6741489e-001
 -9.6732014e-001
 -9.5813998e-001
 -9.4467916e-001
 -9.3080905e-001
 -9.1790099e-001
 -9.0414929e-001
 -8.8509422e-001
 -8.5524406e-001
 -8.1029127e-001
 -7.4916773e-001
 -6.7518630e-001
 -5.9578519e-001
 -5.2084688e-001
 -4.6005386e-001
 -4.2009888e-001
 -4.0265825e-001
 -4.0382104e-001
 -4.1520848e-001
 -4.2646792e-001
 -4.2836991e-001
 -4.1553342e-001
 -3.8792484e-001
 -3.5068090e-001
 -3.1235534e-001
 -2.8219470e-001
 -2.6733915e-001
 -2.7082604e-001
 -2.9096511e-001
 -3.2217290e-001
 -3.5687485e-001
 -3.8777125e-001
 -4.0971410e-001
 -4.2065362e-001
 -4.2148840e-001
 -4.1504575e-001
 -4.0468687e-001
 -3.9309177e-001
 -3.8163104e-001
 -3.7045349e-001
 -3.5912594e-001
 -3.4746713e-001
 -3.3618149e-001
 -3.2701976e-001
 -3.2240773e-001
 -3.2470226e-001
 -3.3537296e-001
 -3.5442277e-001
 -3.8025949e-001
 -4.1005828e-001
 -4.4048347e-001
 -4.6852484e-001
 -4.9218394e-001
 -5.1081603e-001
 -5.2505979e-001
 -5.3642250e-001
 -5.4668674e-001
 -5.5734022e-001
 -5.6919831e-001
 -5.8230873e-001
 -5.9612964e-001
 -6.0988858e-001
 -6.2298331e-001
 -6.3528617e-001
 -6.4725608e-001
 -6.5982940e-001
 -6.7413268e-001
 -6.9111442e-001
 -7.1121681e-001
 -7.3419474e-001
 -7.5914390e-001
 -7.8473510e-001
 -8.0958694e-001
 -8.3266249e-001
 -8.5356358e-001
 -8.7262319e-001
 -8.9075695e-001
 -9.0911148e-001
 -9.2861619e-001
 -9.4958398e-001
 -9.7149892e-001
 -9.9307590e-001
 -1.0125918e+000
 -1.0283977e+000
 -1.0394538e+000
 -1.0457144e+000
 -1.0482232e+000
 -1.0488719e+000
 -1.0498772e+000
 -1.0531264e+000
 -1.0595887e+000
 -1.0689762e+000
 -1.0797611e+000
 -1.0895485e+000
 -1.0956948e+000
 -1.0959879e+000
 -1.0891942e+000
 -1.0753257e+000
 -1.0555733e+000
 -1.0319545e+000
 -1.0068033e+000
 -9.8226071e-001
 -9.5990073e-001
 -9.4056588e-001
 -9.2440654e-001
 -9.1105743e-001
 -8.9985513e-001
 -8.9001288e-001
 -8.8071131e-001
 -8.7111583e-001
 -8.6037048e-001
 -8.4762775e-001
 -8.3215156e-001
 -8.1348668e-001
 -7.9164194e-001
 -7.6720855e-001
 -7.4134176e-001
 -7.1557470e-001
 -6.9149398e-001
 -6.7036430e-001
 -6.5282085e-001
 -6.3873819e-001
 -6.2733351e-001
 -6.1748545e-001
 -6.0817480e-001
 -5.9890565e-001
 -5.8996458e-001
 -5.8242193e-001
 -5.7785946e-001
 -5.7789587e-001
 -5.8364717e-001
 -5.9528317e-001
 -6.1181509e-001
 -6.3118386e-001
 -6.5063273e-001
 -6.6726825e-001
 -6.7866280e-001
 -6.8334328e-001
 -6.8104476e-001
 -6.7267433e-001
 -6.6000851e-001
 -6.4521633e-001
 -6.3033921e-001
 -6.1685980e-001
 -6.0545571e-001
 -5.9597377e-001
 -5.8759686e-001
 -5.7912754e-001
 -5.6929576e-001
 -5.5701342e-001
 -5.4153677e-001
 -5.2254070e-001
 -5.0013817e-001
 -4.7488182e-001
 -4.4776392e-001
 -4.2019808e-001
 -3.9394097e-001
 -3.7091123e-001
 -3.5289270e-001
 -3.4116086e-001
 -3.3612460e-001
 -3.3710432e-001
 -3.4235386e-001
 -3.4937467e-001
 -3.5548139e-001
 -3.5848922e-001
 -3.5733654e-001
 -3.5245586e-001
 -3.4576638e-001
 -3.4026546e-001
 -3.3931191e-001
 -3.4578572e-001
 -3.6134643e-001
 -3.8598743e-001
 -4.1800197e-001
 -4.5436612e-001
 -4.9143349e-001
 -5.2575893e-001
 -5.5484065e-001
 -5.7759847e-001
 -5.9448080e-001
 -6.0719163e-001
 -6.1812714e-001
 -6.2968190e-001
 -6.4361124e-001
 -6.6061195e-001
 -6.8021716e-001
 -7.0101190e-001
 -7.2108812e-001
 -7.3859794e-001
 -7.5224531e-001
 -7.6158382e-001
 -7.6705185e-001
 -7.6975477e-001
 -7.7107565e-001
 -7.7224004e-001
 -7.7396626e-001
 -7.7630119e-001
 -7.7868258e-001
 -7.8020128e-001
 -7.7997791e-001
 -7.7753552e-001
 -7.7305002e-001
 -7.6739328e-001
 -7.6194156e-001
 -7.5818806e-001
 -7.5725672e-001
 -7.5944936e-001
 -7.6396000e-001
 -7.6885730e-001
 -7.7137455e-001
 -7.6846991e-001
 -7.5754509e-001
 -7.3715668e-001
 -7.0753671e-001
 -6.7076618e-001
 -6.3051778e-001
 -5.9138832e-001
 -5.5795439e-001
 -5.3377539e-001
 -5.2060565e-001
 -5.1804283e-001
 -5.2373276e-001
 -5.3409689e-001
 -5.4539007e-001
 -5.5478617e-001
 -5.6116649e-001
 -5.6536759e-001
 -5.6980802e-001
 -5.7761056e-001
 -5.9149927e-001
 -6.1282548e-001
 -6.4103394e-001
 -6.7373453e-001
 -7.0734403e-001
 -7.3807709e-001
 -7.6295777e-001
 -7.8053030e-001
 -7.9106274e-001
 -7.9621861e-001
 -7.9835127e-001
 -7.9969215e-001
 -8.0171746e-001
 -8.0488898e-001
 -8.0881125e-001
 -8.1268945e-001
 -8.1586864e-001
 -8.1822232e-001
 -8.2023649e-001
 -8.2277028e-001
 -8.2661062e-001
 -8.3202242e-001
 -8.3849536e-001
 -8.4480609e-001
 -8.4938373e-001
 -8.5084034e-001
 -8.4845657e-001
 -8.4242409e-001
 -8.3373707e-001
 -8.2375905e-001
 -8.1361853e-001
 -8.0365698e-001
 -7.9314097e-001
 -7.8035925e-001
 -7.6309156e-001
 -7.3930581e-001
 -7.0786251e-001
 -6.6900459e-001
 -6.2448517e-001
 -5.7730544e-001
 -5.3115656e-001
 -4.8973934e-001
 -4.5615117e-001
 -4.3247850e-001
 -4.1964310e-001
 -4.1745713e-001
 -4.2478427e-001
 -4.3970300e-001
 -4.5961882e-001
 -4.8134894e-001
 -5.0126518e-001
 -5.1559351e-001
 -5.2091710e-001
 -5.1482931e-001
 -4.9657532e-001
 -4.6745704e-001
 -4.3079577e-001
 -3.9135781e-001
 -3.5431941e-001
 -3.2401808e-001
 -3.0284136e-001
 -2.9059613e-001
 -2.8457584e-001
 -2.8033862e-001
 -2.7299329e-001
 -2.5863401e-001
 -2.3551756e-001
 -2.0465192e-001
 -1.6963326e-001
 -1.3577804e-001
 -1.0878553e-001
 -9.3285086e-002
 -9.1644853e-002
 -1.0334535e-001
 -1.2507564e-001
 -1.5152921e-001
 -1.7670370e-001
 -1.9538363e-001
 -2.0443593e-001
 -2.0358922e-001
 -1.9549047e-001
 -1.8501161e-001
 -1.7796844e-001
 -1.7956757e-001
 -1.9297013e-001
 -2.1833431e-001
 -2.5257707e-001
 -2.8991379e-001
 -3.2304183e-001
 -3.4468278e-001
 -3.4912415e-001
 -3.3341936e-001
 -2.9800162e-001
 -2.4661287e-001
 -1.8560386e-001
 -1.2278864e-001
 -6.6112164e-002
 -2.2401371e-002
  3.5762576e-003
  9.6100219e-003
 -3.9320785e-003
 -3.4490878e-002
 -7.7977655e-002
 -1.2954463e-001
 -1.8430965e-001
 -2.3792193e-001
 -2.8691360e-001
 -3.2883873e-001
 -3.6224461e-001
 -3.8654164e-001
 -4.0183796e-001
 -4.0878836e-001
 -4.0848139e-001
 -4.0236370e-001
 -3.9218176e-001
 -3.7991291e-001
 -3.6766046e-001
 -3.5749942e-001
 -3.5127741e-001
 -3.5039367e-001
 -3.5559393e-001
 -3.6682488e-001
 -3.8318713e-001
 -4.0300924e-001
 -4.2404148e-001
 -4.4374195e-001
 -4.5960635e-001
 -4.6948314e-001
 -4.7181982e-001
 -4.6580363e-001
 -4.5138547e-001
 -4.2920157e-001
 -4.0042692e-001
 -3.6660149e-001
 -3.2946509e-001
 -2.9082249e-001
 -2.5244277e-001
 -2.1598344e-001
 -1.8292533e-001
 -1.5450866e-001
 -1.3167225e-001
 -1.1500900e-001
 -1.0475554e-001
 -1.0082855e-001
 -1.0290453e-001
 -1.1052108e-001
 -1.2316297e-001
 -1.4029567e-001
 -1.6132439e-001
 -1.8548610e-001
 -2.1171449e-001
 -2.3854043e-001
 -2.6409149e-001
 -2.8623015e-001
 -3.0282578e-001
 -3.1210658e-001
 -3.1300095e-001
 -3.0536950e-001
 -2.9005342e-001
 -2.6871617e-001
 -2.4351626e-001
 -2.1669790e-001
 -1.9020752e-001
 -1.6543048e-001
 -1.4310009e-001
 -1.2337647e-001
 -1.0604469e-001
 -9.0755876e-002
 -7.7235997e-002
 -6.5411535e-002
 -5.5435493e-002
 -4.7628825e-002
 -4.2371035e-002
 -3.9977424e-002
 -4.0593180e-002
 -4.4123748e-002
 -5.0212468e-002
 -5.8272115e-002
 -6.7573919e-002
 -7.7390904e-002
 -8.7179269e-002
 -9.6763564e-002
 -1.0647590e-001
 -1.1719541e-001
 -1.3024871e-001
 -1.4716580e-001
 -1.6932948e-001
 -1.9759646e-001
 -2.3198813e-001
 -2.7153864e-001
 -3.1434812e-001
 -3.5783146e-001
 -3.9909729e-001
 -4.3535721e-001
 -4.6426516e-001
 -4.8411894e-001
 -4.9390942e-001
 -4.9325609e-001
 -4.8230044e-001
 -4.6162947e-001
 -4.3227063e-001
 -3.9575112e-001
 -3.5416845e-001
 -3.1019680e-001
 -2.6696516e-001
 -2.2778621e-001
 -1.9577330e-001
 -1.7343306e-001
 -1.6234101e-001
 -1.6298656e-001
 -1.7481688e-001
 -1.9643786e-001
 -2.2587412e-001
 -2.6077375e-001
 -2.9847942e-001
 -3.3596387e-001
 -3.6971527e-001
 -3.9571667e-001
 -4.0966238e-001
 -4.0748033e-001
 -3.8610388e-001
 -3.4430372e-001
 -2.8330615e-001
 -2.0693444e-001
 -1.2112597e-001
 -3.2874088e-002
  5.1148394e-002
  1.2588316e-001
  1.8868336e-001
  2.3933562e-001
  2.7928088e-001
  3.1029233e-001
  3.3308151e-001
  3.4636044e-001
  3.4675493e-001
  3.2967755e-001
  2.9092365e-001
  2.2847277e-001
  1.4386468e-001
  4.2624041e-002
 -6.6498674e-002
 -1.7331629e-001
 -2.6852182e-001
 -3.4584185e-001
 -4.0337134e-001
 -4.4368548e-001
 -4.7270657e-001
 -4.9768878e-001
 -5.2494606e-001
 -5.5800488e-001
 -5.9670436e-001
 -6.3745228e-001
 -6.7448546e-001
 -7.0169396e-001
 -7.1443532e-001
 -7.1081495e-001
 -6.9210917e-001
 -6.6228084e-001
 -6.2679664e-001
 -5.9112523e-001
 -5.5934314e-001
 -5.3320357e-001
 -5.1187057e-001
 -4.9233665e-001
 -4.7037694e-001
 -4.4178058e-001
 -4.0355725e-001
 -3.5484357e-001
 -2.9731472e-001
 -2.3502274e-001
 -1.7370665e-001
 -1.1972897e-001
 -7.8866705e-002
 -5.5209047e-002
 -5.0386132e-002
 -6.3279347e-002
 -9.0260541e-002
 -1.2589701e-001
 -1.6396445e-001
 -1.9855078e-001
 -2.2502214e-001
 -2.4066034e-001
 -2.4486049e-001
 -2.3888115e-001
 -2.2524288e-001
 -2.0695047e-001
 -1.8674858e-001
 -1.6660067e-001
 -1.4751023e-001
 -1.2970073e-001
 -1.1306358e-001
 -9.7703417e-002
 -8.4381238e-002
 -7.4687542e-002
 -7.0862318e-002
 -7.5290917e-002
 -8.9811435e-002
 -1.1503727e-001
 -1.4990647e-001
 -1.9161387e-001
 -2.3597802e-001
 -2.7817326e-001
 -3.1365295e-001
 -3.3903360e-001
 -3.5271737e-001
 -3.5509918e-001
 -3.4831512e-001
 -3.3560887e-001
 -3.2048986e-001
 -3.0590600e-001
 -2.9364150e-001
 -2.8408369e-001
 -2.7639828e-001
 -2.6904077e-001
 -2.6044047e-001
 -2.4964956e-001
 -2.3676315e-001
 -2.2298641e-001
 -2.1033123e-001
 -2.0103758e-001
 -1.9690040e-001
 -1.9871252e-001
 -2.0599826e-001
 -2.1711920e-001
 -2.2971374e-001
 -2.4132454e-001
 -2.5000992e-001
 -2.5474744e-001
 -2.5551526e-001
 -2.5305236e-001
 -2.4841004e-001
 -2.4247414e-001
 -2.3563801e-001
 -2.2774003e-001
 -2.1827479e-001
 -2.0678234e-001
 -1.9325368e-001
 -1.7838703e-001
 -1.6358620e-001
 -1.5068874e-001
 -1.4150989e-001
 -1.3735555e-001
 -1.3866887e-001
 -1.4492989e-001
 -1.5484155e-001
 -1.6673997e-001
 -1.7909272e-001
 -1.9092206e-001
 -2.0201665e-001
 -2.1286722e-001
 -2.2435385e-001
 -2.3729551e-001
 -2.5201876e-001
 -2.6809761e-001
 -2.8436095e-001
 -2.9917575e-001
 -3.1092149e-001
 -3.1850438e-001
 -3.2174105e-001
 -3.2147924e-001
 -3.1940463e-001
 -3.1758406e-001
 -3.1788174e-001
 -3.2142742e-001
 -3.2829970e-001
 -3.3751799e-001
 -3.4733649e-001
 -3.5573776e-001
 -3.6096373e-001
 -3.6191891e-001
 -3.5833312e-001
 -3.5065963e-001
 -3.3977638e-001
 -3.2662058e-001
 -3.1189886e-001
 -2.9597427e-001
 -2.7895448e-001
 -2.6092342e-001
 -2.4220162e-001
 -2.2351144e-001
 -2.0596444e-001
 -1.9086382e-001
 -1.7939517e-001
 -1.7233181e-001
 -1.6988372e-001
 -1.7176866e-001
 -1.7749623e-001
 -1.8676380e-001
 -1.9980187e-001
 -2.1750355e-001
 -2.4123285e-001
 -2.7231521e-001
 -3.1133462e-001
 -3.5745400e-001
 -4.0800505e-001
 -4.5854394e-001
 -5.0344970e-001
 -5.3698352e-001
 -5.5457599e-001
 -5.5401090e-001
 -5.3616403e-001
 -5.0504447e-001
 -4.6705769e-001
 -4.2962190e-001
 -3.9946269e-001
 -3.8102612e-001
 -3.7544583e-001
 -3.8036538e-001
 -3.9068483e-001
 -4.0003640e-001
 -4.0257846e-001
 -3.9460220e-001
 -3.7550435e-001
 -3.4787624e-001
 -3.1672883e-001
 -2.8812606e-001
 -2.6765025e-001
 -2.5912980e-001
 -2.6392842e-001
 -2.8088622e-001
 -3.0679796e-001
 -3.3718552e-001
 -3.6710648e-001
 -3.9182295e-001
 -4.0728225e-001
 -4.1046580e-001
 -3.9969581e-001
 -3.7494178e-001
 -3.3807219e-001
 -2.9291029e-001
 -2.4493371e-001
 -2.0053104e-001
 -1.6587774e-001
 -1.4566116e-001
 -1.4199715e-001
 -1.5388211e-001
 -1.7739793e-001
 -2.0666861e-001
 -2.3533029e-001
 -2.5810501e-001
 -2.7202729e-001
 -2.7697668e-001
 -2.7538651e-001
 -2.7125256e-001
 -2.6877341e-001
 -2.7104846e-001
 -2.7921640e-001
 -2.9225787e-001
 -3.0746965e-001
 -3.2141625e-001
 -3.3103963e-001
 -3.3458987e-001
 -3.3212252e-001
 -3.2545618e-001
 -3.1764441e-001
 -3.1214126e-001
 -3.1190097e-001
 -3.1864143e-001
 -3.3243423e-001
 -3.5168833e-001
 -3.7349704e-001
 -3.9424322e-001
 -4.1031616e-001
 -4.1878763e-001
 -4.1791951e-001
 -4.0742040e-001
 -3.8842368e-001
 -3.6321389e-001
 -3.3477279e-001
 -3.0624419e-001
 -2.8042425e-001
 -2.5936968e-001
 -2.4418514e-001
 -2.3500826e-001
 -2.3116740e-001
 -2.3145172e-001
 -2.3441558e-001
 -2.3864215e-001
 -2.4291362e-001
 -2.4627079e-001
 -2.4798135e-001
 -2.4746346e-001
 -2.4422038e-001
 -2.3783055e-001
 -2.2801023e-001
 -2.1473133e-001
 -1.9834855e-001
 -1.7967698e-001
 -1.5996975e-001
 -1.4077328e-001
 -1.2367676e-001
 -1.1001020e-001
 -1.0056872e-001
 -9.5441046e-002
 -9.3996004e-002
 -9.5038301e-002
 -9.7096813e-002
 -9.8770125e-002
 -9.9037222e-002
 -9.7452010e-002
 -9.4175485e-002
 -8.9847763e-002
 -8.5348528e-002
 -8.1524061e-002
 -7.8963016e-002
 -7.7881316e-002
 -7.8137258e-002
 -7.9354986e-002
 -8.1102250e-002
 -8.3056692e-002
 -8.5105955e-002
 -8.7355117e-002
 -9.0049033e-002
 -9.3445271e-002
 -9.7686518e-002
 -1.0271696e-001
 -1.0826886e-001
 -1.1392117e-001
 -1.1921022e-001
 -1.2375948e-001
 -1.2739348e-001
 -1.3020776e-001
 -1.3257826e-001
 -1.3510618e-001
 -1.3850511e-001
 -1.4344684e-001
 -1.5039120e-001
 -1.5943293e-001
 -1.7020343e-001
 -1.8186189e-001
 -1.9319668e-001
 -2.0283218e-001
 -2.0950548e-001
 -2.1234926e-001
 -2.1110484e-001
 -2.0619971e-001
 -1.9865713e-001
 -1.8985384e-001
 -1.8118803e-001
 -1.7374851e-001
 -1.6807565e-001
 -1.6407447e-001
 -1.6109290e-001
 -1.5812963e-001
 -1.5410565e-001
 -1.4812933e-001
 -1.3970547e-001
 -1.2886949e-001
 -1.1625353e-001
 -1.0309778e-001
 -9.1207698e-002
 -8.2836636e-002
 -8.0462322e-002
 -8.6438978e-002
 -1.0254895e-001
 -1.2953473e-001
 -1.6673917e-001
 -2.1199101e-001
 -2.6182906e-001
 -3.1206717e-001
 -3.5859076e-001
 -3.9818549e-001
 -4.2916659e-001
 -4.5162175e-001
 -4.6719074e-001
 -4.7844469e-001
 -4.8804894e-001
 -4.9795331e-001
 -5.0883379e-001
 -5.1992042e-001
 -5.2922284e-001
 -5.3405108e-001
 -5.3166223e-001
 -5.1985820e-001
 -4.9740781e-001
 -4.6424139e-001
 -4.2143640e-001
 -3.7105558e-001
 -3.1590679e-001
 -2.5927527e-001
 -2.0465139e-001
 -1.5545766e-001
 -1.1477522e-001
 -8.5080081e-002
 -6.8012808e-002
 -6.4210615e-002
 -7.3224885e-002
 -9.3531955e-002
 -1.2263151e-001
 -1.5722280e-001
 -1.9345586e-001
 -2.2726495e-001
 -2.5479128e-001
 -2.7288042e-001
 -2.7959677e-001
 -2.7464844e-001
 -2.5958519e-001
 -2.3764777e-001
 -2.1321875e-001
 -1.9094295e-001
 -1.7471209e-001
 -1.6679439e-001
 -1.6739018e-001
 -1.7479290e-001
 -1.8614976e-001
 -1.9860757e-001
 -2.1047027e-001
 -2.2195330e-001
 -2.3522446e-001
 -2.5364877e-001
 -2.8043323e-001
 -3.1710103e-001
 -3.6232403e-001
 -4.1156366e-001
 -4.5772898e-001
 -4.9273304e-001
 -5.0952249e-001
 -5.0397867e-001
 -4.7610362e-001
 -4.3011345e-001
 -3.7339639e-001
 -3.1464432e-001
 -2.6171748e-001
 -2.1987164e-001
 -1.9084474e-001
 -1.7301527e-001
 -1.6250540e-001
 -1.5482142e-001
 -1.4648849e-001
 -1.3618192e-001
 -1.2505412e-001
 -1.1623054e-001
 -1.1370475e-001
 -1.2102322e-001
 -1.4017302e-001
 -1.7097947e-001
 -2.1113384e-001
 -2.5677152e-001
 -3.0337310e-001
 -3.4670219e-001
 -3.8353076e-001
 -4.1200708e-001
 -4.3165081e-001
 -4.4306742e-001
 -4.4753112e-001
 -4.4658257e-001
 -4.4173909e-001
 -4.3434752e-001
 -4.2555097e-001
 -4.1631022e-001
 -4.0742250e-001
 -3.9950611e-001
 -3.9295260e-001
 -3.8787269e-001
 -3.8406918e-001
 -3.8105987e-001
 -3.7815413e-001
 -3.7456787e-001
 -3.6955193e-001
 -3.6250938e-001
 -3.5308501e-001
 -3.4121868e-001
 -3.2715898e-001
 -3.1143382e-001
 -2.9477414e-001
 -2.7799007e-001
 -2.6181037e-001
 -2.4671200e-001
 -2.3278286e-001
 -2.1966588e-001
 -2.0662175e-001
 -1.9271853e-001
 -1.7711689e-001
 -1.5938309e-001
 -1.3974129e-001
 -1.1918378e-001
 -9.9391303e-002
 -8.2467705e-002
 -7.0547306e-002
 -6.5371016e-002
 -6.7937002e-002
 -7.8309561e-002
 -9.5624010e-002
 -1.1827112e-001
 -1.4419972e-001
 -1.7125383e-001
 -1.9746656e-001
 -2.2126028e-001
 -2.4154051e-001
 -2.5770218e-001
 -2.6958234e-001
 -2.7738896e-001
 -2.8161845e-001
 -2.8295676e-001
 -2.8215281e-001
 -2.7986356e-001
 -2.7649410e-001
 -2.7208016e-001
 -2.6626918e-001
 -2.5843923e-001
 -2.4795230e-001
 -2.3448445e-001
 -2.1833066e-001
 -2.0056941e-001
 -1.8300223e-001
 -1.6785061e-001
 -1.5727601e-001
 -1.5285724e-001
 -1.5518561e-001
 -1.6370940e-001
 -1.7688246e-001
 -1.9257378e-001
 -2.0861037e-001
 -2.2328552e-001
 -2.3568255e-001
 -2.4573249e-001
 -2.5401618e-001
 -2.6140190e-001
 -2.6865049e-001
 -2.7611032e-001
 -2.8357251e-001
 -2.9029107e-001
 -2.9512078e-001
 -2.9670882e-001
 -2.9369553e-001
 -2.8491736e-001
 -2.6963415e-001
 -2.4780039e-001
 -2.2036068e-001
 -1.8948927e-001
 -1.5864622e-001
 -1.3232139e-001
 -1.1540137e-001
 -1.1221485e-001
 -1.2544916e-001
 -1.5523280e-001
 -1.9869507e-001
 -2.5022227e-001
 -3.0244709e-001
 -3.4778684e-001
 -3.8016086e-001
 -3.9643375e-001
 -3.9718352e-001
 -3.8657082e-001
 -3.7133219e-001
 -3.5915936e-001
 -3.5688404e-001
 -3.6891926e-001
 -3.9631359e-001
 -4.3659211e-001
 -4.8435061e-001
 -5.3239830e-001
 -5.7315186e-001
 -5.9997845e-001
 -6.0825064e-001
 -5.9597597e-001
 -5.6396376e-001
 -5.1556818e-001
 -4.5609363e-001
 -3.9197298e-001
 -3.2984203e-001
 -2.7564081e-001
 -2.3387107e-001
 -2.0712081e-001
 -1.9592299e-001
 -1.9894972e-001
 -2.1346961e-001
 -2.3593791e-001
 -2.6256957e-001
 -2.8977354e-001
 -3.1439386e-001
 -3.3378394e-001
 -3.4580229e-001
 -3.4883509e-001
 -3.4191679e-001
 -3.2494833e-001
 -2.9893573e-001
 -2.6612413e-001
 -2.2990717e-001
 -1.9445200e-001
 -1.6407478e-001
 -1.4249521e-001
 -1.3215451e-001
 -1.3377741e-001
 -1.4629461e-001
 -1.6714020e-001
 -1.9283507e-001
 -2.1969611e-001
 -2.4449273e-001
 -2.6490740e-001
 -2.7972608e-001
 -2.8876195e-001
 -2.9257522e-001
 -2.9208283e-001
 -2.8815372e-001
 -2.8127038e-001
 -2.7131780e-001
 -2.5754279e-001
 -2.3870805e-001
 -2.1343877e-001
 -1.8071907e-001
 -1.4044454e-001
 -9.3891408e-002
 -4.3944165e-002
  5.0473473e-003
  4.7827482e-002
  7.9136875e-002
  9.4761210e-002
  9.2453472e-002
  7.2460627e-002
  3.7482515e-002
 -7.9432914e-003
 -5.8455704e-002
 -1.0897816e-001
 -1.5558820e-001
 -1.9590854e-001
 -2.2896055e-001
 -2.5462296e-001
 -2.7298157e-001
 -2.8388141e-001
 -2.8688780e-001
 -2.8167030e-001
 -2.6862156e-001
 -2.4939935e-001
 -2.2708838e-001
 -2.0582105e-001
 -1.8991629e-001
 -1.8280387e-001
 -1.8611126e-001
 -1.9925201e-001
 -2.1968133e-001
 -2.4374115e-001
 -2.6779900e-001
 -2.8927749e-001
 -3.0721654e-001
 -3.2219138e-001
 -3.3565684e-001
 -3.4900773e-001
 -3.6275314e-001
 -3.7615697e-001
 -3.8751332e-001
 -3.9497059e-001
 -3.9758623e-001
 -3.9617257e-001
 -3.9353536e-001
 -3.9390228e-001
 -4.0162873e-001
 -4.1955205e-001
 -4.4754043e-001
 -4.8177777e-001
 -5.1512926e-001
 -5.3859762e-001
 -5.4351535e-001
 -5.2384617e-001
 -4.7789066e-001
 -4.0884275e-001
 -3.2398692e-001
 -2.3275193e-001
 -1.4420547e-001
 -6.4761355e-002
  3.1901073e-003
  6.1309704e-002
  1.1400468e-001
  1.6622832e-001
  2.2110705e-001
  2.7817423e-001
  3.3279964e-001
  3.7702880e-001
  4.0160669e-001
  3.9859241e-001
  3.6378719e-001
  2.9825209e-001
  2.0846329e-001
  1.0505741e-001
  5.3168432e-004
 -9.3439260e-002
 -1.6831570e-001
 -2.2001455e-001
 -2.4893908e-001
 -2.5881631e-001
 -2.5479999e-001
 -2.4150285e-001
 -2.2161011e-001
 -1.9550456e-001
 -1.6197414e-001
 -1.1969561e-001
 -6.8917132e-002
 -1.2688786e-002
  4.2861886e-002
  8.9392437e-002
  1.1814493e-001
  1.2215977e-001
  9.8229236e-002
  4.7980751e-002
 -2.2261185e-002
 -1.0281816e-001
 -1.8283104e-001
 -2.5265010e-001
 -3.0578171e-001
 -3.3988454e-001
 -3.5660832e-001
 -3.6041701e-001
 -3.5682646e-001
 -3.5062595e-001
 -3.4460783e-001
 -3.3912409e-001
 -3.3249989e-001
 -3.2206198e-001
 -3.0537229e-001
 -2.8124010e-001
 -2.5020985e-001
 -2.1442971e-001
 -1.7701842e-001
 -1.4119347e-001
 -1.0946514e-001
 -8.3139623e-002
 -6.2247622e-002
 -4.5871597e-002
 -3.2730106e-002
 -2.1817138e-002
 -1.2893833e-002
 -6.6801020e-003
 -4.6783790e-003
 -8.6632237e-003
 -1.9969730e-002
 -3.8788940e-002
 -6.3706401e-002
 -9.1681585e-002
 -1.1855664e-001
 -1.4002220e-001
 -1.5280031e-001
 -1.5568932e-001
 -1.5010654e-001
 -1.3988388e-001
 -1.3029709e-001
 -1.2657094e-001
 -1.3230847e-001
 -1.4835789e-001
 -1.7251982e-001
 -2.0023449e-001
 -2.2606022e-001
 -2.4547534e-001
 -2.5640819e-001
 -2.5997300e-001
 -2.6014327e-001
 -2.6244190e-001
 -2.7205318e-001
 -2.9195563e-001
 -3.2167602e-001
 -3.5707546e-001
 -3.9126199e-001
 -4.1638111e-001
 -4.2577122e-001
 -4.1586299e-001
 -3.8727781e-001
 -3.4481476e-001
 -2.9633500e-001
 -2.5086203e-001
 -2.1642522e-001
 -1.9822532e-001
 -1.9758531e-001
 -2.1191003e-001
 -2.3559147e-001
 -2.6154963e-001
 -2.8296030e-001
 -2.9472016e-001
 -2.9432149e-001
 -2.8200375e-001
 -2.6025394e-001
 -2.3288233e-001
 -2.0397108e-001
 -1.7697309e-001
 -1.5414797e-001
 -1.3639768e-001
 -1.2344636e-001
 -1.1422984e-001
 -1.0733662e-001
 -1.0137151e-001
 -9.5177833e-002
 -8.7926949e-002
 -7.9137683e-002
 -6.8704690e-002
 -5.6988641e-002
 -4.4963993e-002
 -3.4355332e-002
 -2.7649771e-002
 -2.7874858e-002
 -3.8088513e-002
 -6.0628642e-002
 -9.6283757e-002
 -1.4362918e-001
 -1.9878620e-001
 -2.5578371e-001
 -3.0754413e-001
 -3.4732099e-001
 -3.7024707e-001
 -3.7457303e-001
 -3.6222378e-001
 -3.3847262e-001
 -3.1078271e-001
 -2.8711496e-001
 -2.7416763e-001
 -2.7603509e-001
 -2.9363968e-001
 -3.2504146e-001
 -3.6644824e-001
 -4.1353020e-001
 -4.6256511e-001
 -5.1103102e-001
 -5.5749033e-001
 -6.0089059e-001
 -6.3964018e-001
 -6.7091409e-001
 -6.9056949e-001
 -6.9382775e-001
 -6.7658925e-001
 -6.3699323e-001
 -5.7670736e-001
 -5.0147421e-001
 -4.2063946e-001
 -3.4567295e-001
 -2.8797976e-001
 -2.5650029e-001
 -2.5566813e-001
 -2.8422190e-001
 -3.3518176e-001
 -3.9704968e-001
 -4.5602879e-001
 -4.9883001e-001
 -5.1548408e-001
 -5.0153735e-001
 -4.5910012e-001
 -3.9643812e-001
 -3.2611907e-001
 -2.6208404e-001
 -2.1631464e-001
 -1.9591894e-001
 -2.0139745e-001
 -2.2657068e-001
 -2.6021582e-001
 -2.8899522e-001
 -3.0090103e-001
 -2.8830205e-001
 -2.4980271e-001
 -1.9046978e-001
 -1.2044098e-001
 -5.2360642e-002
  1.6322924e-003
  3.2578177e-002
  3.6403110e-002
  1.4336653e-002
 -2.7921471e-002
 -8.1939963e-002
 -1.3867116e-001
 -1.9038729e-001
 -2.3199789e-001
 -2.6151993e-001
 -2.7971548e-001
 -2.8912307e-001
 -2.9283855e-001
 -2.9342382e-001
 -2.9223927e-001
 -2.8933877e-001
 -2.8388116e-001
 -2.7485662e-001
 -2.6184255e-001
 -2.4551502e-001
 -2.2773959e-001
 -2.1121403e-001
 -1.9878495e-001
 -1.9266248e-001
 -1.9378270e-001
 -2.0151119e-001
 -2.1376803e-001
 -2.2752227e-001
 -2.3949646e-001
 -2.4687136e-001
 -2.4779887e-001
 -2.4160766e-001
 -2.2869281e-001
 -2.1018075e-001
 -1.8752223e-001
 -1.6217075e-001
 -1.3545186e-001
 -1.0864145e-001
 -8.3178372e-002
 -6.0873412e-002
 -4.3966344e-002
 -3.4932264e-002
 -3.6034111e-002
 -4.8727704e-002
 -7.3108681e-002
 -1.0761192e-001
 -1.4911695e-001
 -1.9348898e-001
 -2.3643430e-001
 -2.7442576e-001
 -3.0541098e-001
 -3.2907734e-001
 -3.4659840e-001
 -3.5997356e-001
 -3.7122144e-001
 -3.8173673e-001
 -3.9204385e-001
 -4.0200722e-001
 -4.1135674e-001
 -4.2024451e-001
 -4.2952869e-001
 -4.4059571e-001
 -4.5474093e-001
 -4.7234228e-001
 -4.9219207e-001
 -5.1133551e-001
 -5.2559933e-001
 -5.3073480e-001
 -5.2384517e-001
 -5.0461733e-001
 -4.7589663e-001
 -4.4333645e-001
 -4.1415765e-001
 -3.9536262e-001
 -3.9195088e-001
 -4.0570018e-001
 -4.3489698e-001
 -4.7508175e-001
 -5.2052982e-001
 -5.6594135e-001
 -6.0775472e-001
 -6.4464860e-001
 -6.7710507e-001
 -7.0625556e-001
 -7.3249623e-001
 -7.5444176e-001
 -7.6865758e-001
 -7.7031976e-001
 -7.5460586e-001
 -7.1834576e-001
 -6.6135683e-001
 -5.8698787e-001
 -5.0166241e-001
 -4.1354700e-001
 -3.3075680e-001
 -2.5964994e-001
 -2.0371326e-001
 -1.6332913e-001
 -1.3641666e-001
 -1.1966652e-001
 -1.0992702e-001
 -1.0529530e-001
 -1.0560840e-001
 -1.1225257e-001
 -1.2743176e-001
 -1.5318463e-001
 -1.9047661e-001
 -2.3862566e-001
 -2.9518834e-001
 -3.5628934e-001
 -4.1726697e-001
 -4.7344999e-001
 -5.2087833e-001
 -5.5681656e-001
 -5.7996984e-001
 -5.9038601e-001
 -5.8910531e-001
 -5.7768837e-001
 -5.5779439e-001
 -5.3097182e-001
 -4.9875196e-001
 -4.6301136e-001
 -4.2643192e-001
 -3.9279461e-001
 -3.6684933e-001
 -3.5362824e-001
 -3.5728569e-001
 -3.7977644e-001
 -4.1982910e-001
 -4.7265622e-001
 -5.3064668e-001
 -5.8496515e-001
 -6.2764895e-001
 -6.5357547e-001
 -6.6166622e-001
 -6.5491511e-001
 -6.3920781e-001
 -6.2130455e-001
 -6.0664286e-001
 -5.9767775e-001
 -5.9329225e-001
 -5.8944818e-001
 -5.8083330e-001
 -5.6293980e-001
 -5.3388203e-001
 -4.9536403e-001
 -4.5249301e-001
 -4.1250351e-001
 -3.8278916e-001
 -3.6883453e-001
 -3.7264929e-001
 -3.9213839e-001
 -4.2155527e-001
 -4.5286956e-001
 -4.7763085e-001
 -4.8879498e-001
 -4.8202985e-001
 -4.5621132e-001
 -4.1309135e-001
 -3.5638007e-001
 -2.9064423e-001
 -2.2043354e-001
 -1.4990306e-001
 -8.2958619e-002
 -2.3705664e-002
  2.3173507e-002
  5.2485515e-002
  5.9235529e-002
  3.9899767e-002
 -6.1086027e-003
 -7.5328399e-002
 -1.6002685e-001
 -2.4916843e-001
 -3.3050276e-001
 -3.9329481e-001
 -4.3093730e-001
 -4.4263801e-001
 -4.3360105e-001
 -4.1356299e-001
 -3.9406320e-001
 -3.8524683e-001
 -3.9316928e-001
 -4.1842324e-001
 -4.5648318e-001
 -4.9959561e-001
 -5.3952982e-001
 -5.7022171e-001
 -5.8939854e-001
 -5.9865039e-001
 -6.0198907e-001
 -6.0350358e-001
 -6.0507558e-001
 -6.0512043e-001
 -5.9895487e-001
 -5.8077856e-001
 -5.4661292e-001
 -4.9710382e-001
 -4.3904112e-001
 -3.8481982e-001
 -3.4975147e-001
 -3.4790097e-001
 -3.8769874e-001
 -4.6875068e-001
 -5.8095935e-001
 -7.0637196e-001
 -8.2331173e-001
 -9.1161752e-001
 -9.5745860e-001
 -9.5632661e-001
 -9.1338810e-001
 -8.4121178e-001
 -7.5568776e-001
 -6.7147138e-001
 -5.9835235e-001
 -5.3956852e-001
 -4.9239621e-001
 -4.5059800e-001
 -4.0774347e-001
 -3.6021383e-001
 -3.0890153e-001
 -2.5912596e-001
 -2.1891490e-001
 -1.9632952e-001
 -1.9677448e-001
 -2.2116918e-001
 -2.6551611e-001
 -3.2192665e-001
 -3.8071975e-001
 -4.3293067e-001
 -4.7251627e-001
 -4.9769885e-001
 -5.1117180e-001
 -5.1919600e-001
 -5.2986428e-001
 -5.5095858e-001
 -5.8786963e-001
 -6.4201071e-001
 -7.1005944e-001
 -7.8421792e-001
 -8.5349899e-001
 -9.0583675e-001
 -9.3061484e-001
 -9.2105701e-001
 -8.7589240e-001
 -7.9983282e-001
 -7.0267762e-001
 -5.9723071e-001
 -4.9656409e-001
 -4.1137176e-001
 -3.4814099e-001
 -3.0861228e-001
 -2.9058245e-001
 -2.8966828e-001
 -3.0134792e-001
 -3.2254538e-001
 -3.5223818e-001
 -3.9096781e-001
 -4.3956199e-001
 -4.9767274e-001
 -5.6278200e-001
 -6.3011649e-001
 -6.9353363e-001
 -7.4704657e-001
 -7.8640433e-001
 -8.1012786e-001
 -8.1962276e-001
 -8.1835010e-001
 -8.1039254e-001
 -7.9896788e-001
 -7.8544013e-001
 -7.6917071e-001
 -7.4822670e-001
 -7.2064472e-001
 -6.8575411e-001
 -6.4505415e-001
 -6.0231146e-001
 -5.6282571e-001
 -5.3210212e-001
 -5.1436854e-001
 -5.1142010e-001
 -5.2215929e-001
 -5.4296683e-001
 -5.6877211e-001
 -5.9447588e-001
 -6.1628093e-001
 -6.3253205e-001
 -6.4383496e-001
 -6.5245595e-001
 -6.6122597e-001
 -6.7231598e-001
 -6.8627487e-001
 -7.0162562e-001
 -7.1513323e-001
 -7.2264985e-001
 -7.2027084e-001
 -7.0545118e-001
 -6.7775529e-001
 -6.3903263e-001
 -5.9298592e-001
 -5.4427413e-001
 -4.9741633e-001
 -4.5580167e-001
 -4.2105971e-001
 -3.9292553e-001
 -3.6958642e-001
 -3.4836786e-001
 -3.2654290e-001
 -3.0204805e-001
 -2.7395207e-001
 -2.4262419e-001
 -2.0964513e-001
 -1.7756342e-001
 -1.4960174e-001
 -1.2937035e-001
 -1.2057446e-001
 -1.2665072e-001
 -1.5026877e-001
 -1.9269636e-001
 -2.5313250e-001
 -3.2821268e-001
 -4.1192892e-001
 -4.9614702e-001
 -5.7174344e-001
 -6.3017272e-001
 -6.6509078e-001
 -6.7358222e-001
 -6.5661659e-001
 -6.1857839e-001
 -5.6600624e-001
 -5.0593161e-001
 -4.4432857e-001
 -3.8512505e-001
 -3.3000665e-001
 -2.7895268e-001
 -2.3119667e-001
 -1.8619235e-001
 -1.4422633e-001
 -1.0651127e-001
 -7.4826805e-002
 -5.0947872e-002
 -3.6143172e-002
 -3.0936528e-002
 -3.5156791e-002
 -4.8147127e-002
 -6.8938480e-002
 -9.6244364e-002
 -1.2827321e-001
 -1.6250489e-001
 -1.9565691e-001
 -2.2402362e-001
 -2.4421715e-001
 -2.5413614e-001
 -2.5382984e-001
 -2.4589095e-001
 -2.3512967e-001
 -2.2751975e-001
 -2.2867594e-001
 -2.4231650e-001
 -2.6920235e-001
 -3.0690565e-001
 -3.5049045e-001
 -3.9388568e-001
 -4.3150493e-001
 -4.5960048e-001
 -4.7694883e-001
 -4.8470903e-001
 -4.8557930e-001
 -4.8260223e-001
 -4.7805889e-001
 -4.7282566e-001
 -4.6637654e-001
 -4.5737314e-001
 -4.4457799e-001
 -4.2772320e-001
 -4.0799504e-001
 -3.8793962e-001
 -3.7080323e-001
 -3.5952147e-001
 -3.5569765e-001
 -3.5892315e-001
 -3.6668768e-001
 -3.7493939e-001
 -3.7914610e-001
 -3.7554582e-001
 -3.6221162e-001
 -3.3961349e-001
 -3.1051971e-001
 -2.7928864e-001
 -2.5078879e-001
 -2.2928604e-001
 -2.1761930e-001
 -2.1686024e-001
 -2.2646885e-001
 -2.4478711e-001
 -2.6962136e-001
 -2.9868232e-001
 -3.2976416e-001
 -3.6069706e-001
 -3.8922998e-001
 -4.1303501e-001
 -4.2995583e-001
 -4.3848178e-001
 -4.3828258e-001
 -4.3056013e-001
 -4.1800686e-001
 -4.0430021e-001
 -3.9325189e-001
 -3.8788671e-001
 -3.8977387e-001
 -3.9884621e-001
 -4.1375081e-001
 -4.3255818e-001
 -4.5351160e-001
 -4.7548911e-001
 -4.9798624e-001
 -5.2065054e-001
 -5.4261321e-001
 -5.6197244e-001
 -5.7573803e-001
 -5.8036200e-001
 -5.7273303e-001
 -5.5130547e-001
 -5.1695194e-001
 -4.7320399e-001
 -4.2574494e-001
 -3.8126488e-001
 -3.4598949e-001
 -3.2428605e-001
 -3.1771361e-001
 -3.2474645e-001
 -3.4121386e-001
 -3.6132427e-001
 -3.7901692e-001
 -3.8932792e-001
 -3.8946857e-001
 -3.7937880e-001
 -3.6162495e-001
 -3.4064499e-001
 -3.2148849e-001
 -3.0833182e-001
 -3.0313777e-001
 -3.0484075e-001
 -3.0934887e-001
 -3.1046371e-001
 -3.0156314e-001
 -2.7763917e-001
 -2.3711724e-001
 -1.8287647e-001
 -1.2207149e-001
 -6.4691557e-002
 -2.1187371e-002
  1.8070683e-004
 -4.5130001e-003
 -3.3885360e-002
 -8.1747788e-002
 -1.3891784e-001
 -1.9573720e-001
 -2.4446536e-001
 -2.8078530e-001
 -3.0400343e-001
 -3.1602493e-001
 -3.1964524e-001
 -3.1693650e-001
 -3.0842429e-001
 -2.9337686e-001
 -2.7101727e-001
 -2.4203405e-001
 -2.0959718e-001
 -1.7926480e-001
 -1.5762874e-001
 -1.5010710e-001
 -1.5871470e-001
 -1.8074205e-001
 -2.0899229e-001
 -2.3366021e-001
 -2.4530348e-001
 -2.3790354e-001
 -2.1092578e-001
 -1.6961167e-001
 -1.2335373e-001
 -8.2689085e-002
 -5.5940545e-002
 -4.6652927e-002
 -5.2674728e-002
 -6.7138077e-002
 -8.0920479e-002
 -8.5678255e-002
 -7.6397756e-002
 -5.2651384e-002
 -1.8260035e-002
  2.0356383e-002
  5.6432354e-002
  8.4878318e-002
  1.0342506e-001
  1.1265016e-001
  1.1508739e-001
  1.1392541e-001
  1.1186812e-001
  1.1056028e-001
  1.1067478e-001
  1.1245578e-001
  1.1633997e-001
  1.2329427e-001
  1.3468524e-001
  1.5174095e-001
  1.7486645e-001
  2.0314543e-001
  2.3428072e-001
  2.6503905e-001
  2.9205645e-001
  3.1271775e-001
  3.2580172e-001
  3.3168232e-001
  3.3204889e-001
  3.2928097e-001
  3.2572021e-001
  3.2308810e-001
